2022-02-21,fried_batter,525.0,373.0,0.0,152.0
2022-02-21,bun,525.0,469.0,0.0,56.0
2022-02-21,chicken_patty,700.0,605.5,0.0,94.5
2022-02-21,pickle_chips,1750.0,1582.0,0.0,168.0
2022-02-21,lettuce,350.0,282.0,0.0,68.0
2022-02-21,tomato,350.0,282.0,0.0,68.0
2022-02-21,cheese,262.5,208.5,0.0,54.0
2022-02-21,spice,1050.0,1008.0,0.0,42.0
2022-02-21,chicken_nuggets,7000.0,6598.0,0.0,402.0
2022-02-21,chicken_strips,5250.0,5206.0,0.0,44.0
2022-02-21,flat_bread,262.5,246.5,0.0,16.0
2022-02-21,mixed_greens,700.0,615.0,0.0,85.0
2022-02-21,shredded_monterey_jack,1050.0,1009.0,0.0,41.0
2022-02-21,waffle_fries,10500.0,10373.74,0.0,126.26
2022-02-21,roasted_corn_kernels,350.0,342.0,0.0,8.0
2022-02-21,crumbled_bacon,350.0,342.0,0.0,8.0
2022-02-21,avacado_lime_dressing,700.0,692.0,0.0,8.0
2022-02-21,red_bell_pepers,525.0,517.0,0.0,8.0
2022-02-21,grape tomatoes,875.0,835.0,0.0,40.0
2022-02-21,hard_boiled_egg,262.5,254.5,0.0,8.0
2022-02-21,blue_cheese,350.0,281.0,0.0,69.0
2022-02-21,apples,350.0,281.0,0.0,69.0
2022-02-21,strawberries,350.0,281.0,0.0,69.0
2022-02-21,blueberries,350.0,281.0,0.0,69.0
2022-02-21,harvest_nut_granola,350.0,281.0,0.0,69.0
2022-02-21,zesty_apple_vinagrette,350.0,281.0,0.0,69.0
2022-02-21,chicken_tenders,7000.0,6982.0,0.0,18.0
2022-02-21,biscuit,525.0,502.0,0.0,23.0
2022-02-21,chicken_mini_bread,1750.0,1684.0,0.0,66.0
2022-02-21,butter,525.0,523.5,0.0,1.5
2022-02-21,bacon,525.0,516.0,0.0,9.0
2022-02-21,tortilla,350.0,333.0,0.0,17.0
2022-02-21,eggs,350.0,313.0,0.0,37.0
2022-02-21,sausage,175.0,172.0,0.0,3.0
2022-02-21,bagel,175.0,146.0,0.0,29.0
2022-02-21,oatmeal,175.0,158.0,0.0,17.0
2022-02-21,fruit,350.0,320.0,0.0,30.0
2022-02-21,cream_cheese,175.0,164.0,0.0,11.0
2022-02-21,hash_brown,700.0,684.0,0.0,16.0
2022-02-21,yogurt_parfait,175.0,167.0,0.0,8.0
2022-02-21,cinamon_cluster,175.0,169.0,0.0,6.0
2022-02-21,lemonade,3500.0,3456.9,0.0,43.1
2022-02-21,straw,10500.0,10303.0,0.0,197.0
2022-02-21,small_drink_cup,3500.0,3473.0,0.0,27.0
2022-02-21,medium_drink_cup,3500.0,3365.0,0.0,135.0
2022-02-21,large_drink_cup,3500.0,3465.0,0.0,35.0
2022-02-21,lemonade_diet,1750.0,1742.5,0.0,7.500000000000001
2022-02-21,ice_tea_unsweet,3500.0,3469.1,0.0,30.900000000000002
2022-02-21,ice_tea_sweet,3500.0,3427.4,0.0,72.6
2022-02-21,soft_drink,10500.0,10354.0,0.0,146.0
2022-02-21,dasani_water_bottle,525.0,521.0,0.0,4.0
2022-02-21,orange_juice_bottle,525.0,521.0,0.0,4.0
2022-02-21,apple_juice,525.0,523.0,0.0,2.0
2022-02-21,ice_coffee,350.0,331.25,0.0,18.75
2022-02-21,coffee,1050.0,1043.75,0.0,6.25
2022-02-21,Coffee_box,175.0,172.0,0.0,3.0
2022-02-21,milk_chocolate,350.0,349.0,0.0,1.0
2022-02-21,milk,350.0,313.0,0.0,37.0
2022-02-21,icecream,350.0,280.0,0.0,70.0
2022-02-21,vanilla_flavor,350.0,340.0,0.0,10.0
2022-02-21,cream_flavor,350.0,339.0,0.0,11.0
2022-02-21,chunk_cookie,350.0,292.5,0.0,57.5
2022-02-21,chocolate_flavor,350.0,340.0,0.0,10.0
2022-02-21,strawberry_flavor,350.0,349.0,0.0,1.0
2022-02-21,frosted_extract,350.0,343.0,0.0,7.0
2022-02-21,icecream_cone,350.0,345.0,0.0,5.0
2022-02-21,icecream_come,350.0,349.0,0.0,1.0
2022-02-21,icecream_topping,350.0,338.0,0.0,12.0
2022-02-21,to_go_bag,10500.0,10385.0,0.0,115.0
2022-02-21,napkins,10500.0,9925.0,0.0,575.0
2022-02-21,ketchup,10500.0,10484.0,0.0,16.0
2022-02-21,ranch,10500.0,10491.0,0.0,9.0
2022-02-21,buffalo_sauce,10500.0,10492.0,0.0,8.0
2022-02-21,bbq_sauce,10500.0,10494.0,0.0,6.0
2022-02-21,polyneasian,10500.0,10481.0,0.0,19.0
2022-02-21,chickfala,10500.0,10491.0,0.0,9.0
2022-02-21,silverware,3500.0,3488.0,0.0,12.0
2022-02-22,fried_batter,221.0,616.8,525.0,129.2
2022-02-22,bun,413.0,366.0,0.0,47.0
2022-02-22,chicken_patty,511.0,440.5,0.0,70.5
2022-02-22,pickle_chips,1414.0,1273.0,0.0,141.0
2022-02-22,lettuce,214.0,176.0,0.0,38.0
2022-02-22,tomato,214.0,176.0,0.0,38.0
2022-02-22,cheese,154.5,110.5,0.0,44.0
2022-02-22,spice,966.0,939.0,0.0,27.0
2022-02-22,chicken_nuggets,6196.0,5677.0,0.0,519.0
2022-02-22,chicken_strips,5162.0,5132.0,0.0,30.0
2022-02-22,flat_bread,230.5,228.5,0.0,2.0
2022-02-22,mixed_greens,530.0,481.0,0.0,49.0
2022-02-22,shredded_monterey_jack,968.0,951.0,0.0,17.0
2022-02-22,waffle_fries,10247.48,10079.18,0.0,168.30000000000004
2022-02-22,roasted_corn_kernels,334.0,328.0,0.0,6.0
2022-02-22,crumbled_bacon,334.0,328.0,0.0,6.0
2022-02-22,avacado_lime_dressing,684.0,678.0,0.0,6.0
2022-02-22,red_bell_pepers,509.0,503.0,0.0,6.0
2022-02-22,grape tomatoes,795.0,765.0,0.0,30.0
2022-02-22,hard_boiled_egg,246.5,240.5,0.0,6.0
2022-02-22,blue_cheese,212.0,170.0,0.0,42.0
2022-02-22,apples,212.0,170.0,0.0,42.0
2022-02-22,strawberries,212.0,170.0,0.0,42.0
2022-02-22,blueberries,212.0,170.0,0.0,42.0
2022-02-22,harvest_nut_granola,212.0,170.0,0.0,42.0
2022-02-22,zesty_apple_vinagrette,212.0,170.0,0.0,42.0
2022-02-22,chicken_tenders,6964.0,6962.0,0.0,2.0
2022-02-22,biscuit,479.0,435.0,0.0,44.0
2022-02-22,chicken_mini_bread,1618.0,1504.0,0.0,114.0
2022-02-22,butter,522.0,517.5,0.0,4.5
2022-02-22,bacon,507.0,501.0,0.0,6.0
2022-02-22,tortilla,316.0,307.0,0.0,9.0
2022-02-22,eggs,276.0,242.0,0.0,34.0
2022-02-22,sausage,169.0,160.0,0.0,9.0
2022-02-22,bagel,117.0,81.0,0.0,36.0
2022-02-22,oatmeal,141.0,130.0,0.0,11.0
2022-02-22,fruit,290.0,266.5,0.0,23.5
2022-02-22,cream_cheese,153.0,139.0,0.0,14.0
2022-02-22,hash_brown,668.0,667.0,0.0,1.0
2022-02-22,yogurt_parfait,159.0,141.0,0.0,18.0
2022-02-22,cinamon_cluster,163.0,157.0,0.0,6.0
2022-02-22,lemonade,3413.8,3355.2000000000003,0.0,58.60000000000001
2022-02-22,straw,10106.0,9827.0,0.0,279.0
2022-02-22,small_drink_cup,3446.0,3407.0,0.0,39.0
2022-02-22,medium_drink_cup,3230.0,3036.0,0.0,194.0
2022-02-22,large_drink_cup,3430.0,3384.0,0.0,46.0
2022-02-22,lemonade_diet,1735.0,1702.6,0.0,32.4
2022-02-22,ice_tea_unsweet,3438.2,3405.8999999999996,0.0,32.300000000000004
2022-02-22,ice_tea_sweet,3354.8,3281.6000000000004,0.0,73.2
2022-02-22,soft_drink,10208.0,10033.0,0.0,174.99999999999997
2022-02-22,dasani_water_bottle,517.0,503.0,0.0,14.0
2022-02-22,orange_juice_bottle,517.0,512.0,0.0,5.0
2022-02-22,apple_juice,521.0,518.0,0.0,3.0
2022-02-22,ice_coffee,312.5,311.25,0.0,1.25
2022-02-22,coffee,1037.5,1023.75,0.0,13.75
2022-02-22,Coffee_box,169.0,162.0,0.0,7.0
2022-02-22,milk_chocolate,348.0,336.0,0.0,12.0
2022-02-22,milk,276.0,244.0,0.0,32.0
2022-02-22,icecream,210.0,136.0,0.0,74.0
2022-02-22,vanilla_flavor,330.0,317.0,0.0,13.0
2022-02-22,cream_flavor,328.0,323.0,0.0,5.0
2022-02-22,chunk_cookie,235.0,212.5,0.0,22.5
2022-02-22,chocolate_flavor,330.0,330.0,0.0,0.0
2022-02-22,strawberry_flavor,348.0,337.0,0.0,11.0
2022-02-22,frosted_extract,336.0,317.0,0.0,19.0
2022-02-22,icecream_cone,340.0,330.0,0.0,10.0
2022-02-22,icecream_come,348.0,342.0,0.0,6.0
2022-02-22,icecream_topping,326.0,315.0,0.0,11.0
2022-02-22,to_go_bag,10270.0,10160.0,0.0,110.0
2022-02-22,napkins,9350.0,8800.0,0.0,550.0
2022-02-22,ketchup,10468.0,10455.0,0.0,13.0
2022-02-22,ranch,10482.0,10480.0,0.0,2.0
2022-02-22,buffalo_sauce,10484.0,10484.0,0.0,0.0
2022-02-22,bbq_sauce,10488.0,10485.0,0.0,3.0
2022-02-22,polyneasian,10462.0,10456.0,0.0,6.0
2022-02-22,chickfala,10482.0,10470.0,0.0,12.0
2022-02-22,silverware,3476.0,3470.0,0.0,6.0
2022-02-23,fried_batter,1012.5999999999999,893.5999999999999,0.0,119.0
2022-02-23,bun,319.0,271.0,0.0,48.0
2022-02-23,chicken_patty,370.0,296.5,0.0,73.5
2022-02-23,pickle_chips,1132.0,988.0,0.0,144.0
2022-02-23,lettuce,138.0,102.0,0.0,36.0
2022-02-23,tomato,138.0,102.0,0.0,36.0
2022-02-23,cheese,66.5,293.0,262.5,36.0
2022-02-23,spice,912.0,881.0,0.0,31.0
2022-02-23,chicken_nuggets,5158.0,4729.5,0.0,428.5
2022-02-23,chicken_strips,5102.0,5009.0,0.0,93.0
2022-02-23,flat_bread,226.5,217.5,0.0,9.0
2022-02-23,mixed_greens,432.0,369.5,0.0,62.5
2022-02-23,shredded_monterey_jack,934.0,917.0,0.0,17.0
2022-02-23,waffle_fries,9910.880000000001,9759.420000000002,0.0,151.46
2022-02-23,roasted_corn_kernels,322.0,315.0,0.0,7.0
2022-02-23,crumbled_bacon,322.0,315.0,0.0,7.0
2022-02-23,avacado_lime_dressing,672.0,665.0,0.0,7.0
2022-02-23,red_bell_pepers,497.0,490.0,0.0,7.0
2022-02-23,grape tomatoes,735.0,700.0,0.0,35.0
2022-02-23,hard_boiled_egg,234.5,227.5,0.0,7.0
2022-02-23,blue_cheese,128.0,427.0,350.0,51.0
2022-02-23,apples,128.0,427.0,350.0,51.0
2022-02-23,strawberries,128.0,427.0,350.0,51.0
2022-02-23,blueberries,128.0,427.0,350.0,51.0
2022-02-23,harvest_nut_granola,128.0,427.0,350.0,51.0
2022-02-23,zesty_apple_vinagrette,128.0,427.0,350.0,51.0
2022-02-23,chicken_tenders,6960.0,6952.0,0.0,8.0
2022-02-23,biscuit,391.0,344.0,0.0,47.0
2022-02-23,chicken_mini_bread,1390.0,1357.0,0.0,33.0
2022-02-23,butter,513.0,509.75,0.0,3.25
2022-02-23,bacon,495.0,495.0,0.0,0.0
2022-02-23,tortilla,298.0,297.0,0.0,1.0
2022-02-23,eggs,208.0,189.0,0.0,19.0
2022-02-23,sausage,151.0,134.0,0.0,17.0
2022-02-23,bagel,45.0,201.0,175.0,19.0
2022-02-23,oatmeal,119.0,115.0,0.0,4.0
2022-02-23,fruit,243.0,232.0,0.0,11.0
2022-02-23,cream_cheese,125.0,114.0,0.0,11.0
2022-02-23,hash_brown,666.0,661.0,0.0,5.0
2022-02-23,yogurt_parfait,123.0,112.0,0.0,11.0
2022-02-23,cinamon_cluster,151.0,146.0,0.0,5.0
2022-02-23,lemonade,3296.6000000000004,3224.5000000000005,0.0,72.10000000000001
2022-02-23,straw,9548.0,9307.0,0.0,241.0
2022-02-23,small_drink_cup,3368.0,3338.0,0.0,30.0
2022-02-23,medium_drink_cup,2842.0,2670.0,0.0,172.0
2022-02-23,large_drink_cup,3338.0,3299.0,0.0,39.0
2022-02-23,lemonade_diet,1670.1999999999998,1643.4999999999998,0.0,26.7
2022-02-23,ice_tea_unsweet,3373.5999999999995,3343.7999999999993,0.0,29.799999999999997
2022-02-23,ice_tea_sweet,3208.4000000000005,3146.1000000000004,0.0,62.300000000000004
2022-02-23,soft_drink,9858.0,9708.7,0.0,149.3
2022-02-23,dasani_water_bottle,489.0,473.0,0.0,16.0
2022-02-23,orange_juice_bottle,507.0,502.0,0.0,5.0
2022-02-23,apple_juice,515.0,506.0,0.0,9.0
2022-02-23,ice_coffee,310.0,293.5,0.0,16.5
2022-02-23,coffee,1010.0,973.75,0.0,36.25
2022-02-23,Coffee_box,155.0,150.0,0.0,5.0
2022-02-23,milk_chocolate,324.0,315.0,0.0,9.0
2022-02-23,milk,212.0,168.0,0.0,44.0
2022-02-23,icecream,62.0,339.0,350.0,73.0
2022-02-23,vanilla_flavor,304.0,296.0,0.0,8.0
2022-02-23,cream_flavor,318.0,311.0,0.0,7.0
2022-02-23,chunk_cookie,190.0,154.5,0.0,35.5
2022-02-23,chocolate_flavor,330.0,319.0,0.0,11.0
2022-02-23,strawberry_flavor,326.0,321.0,0.0,5.0
2022-02-23,frosted_extract,298.0,290.0,0.0,8.0
2022-02-23,icecream_cone,320.0,316.0,0.0,4.0
2022-02-23,icecream_come,336.0,329.0,0.0,7.0
2022-02-23,icecream_topping,304.0,298.0,0.0,6.0
2022-02-23,to_go_bag,10050.0,9938.0,0.0,112.0
2022-02-23,napkins,8250.0,7690.0,0.0,560.0
2022-02-23,ketchup,10442.0,10431.0,0.0,11.0
2022-02-23,ranch,10478.0,10460.0,0.0,18.0
2022-02-23,buffalo_sauce,10484.0,10476.0,0.0,8.0
2022-02-23,bbq_sauce,10482.0,10479.0,0.0,3.0
2022-02-23,polyneasian,10450.0,10438.0,0.0,12.0
2022-02-23,chickfala,10458.0,10440.0,0.0,18.0
2022-02-23,silverware,3464.0,3453.0,0.0,11.0
2022-02-24,fried_batter,774.5999999999999,632.5999999999999,0.0,142.0
2022-02-24,bun,223.0,186.0,0.0,37.0
2022-02-24,chicken_patty,223.0,843.5,700.0,79.5
2022-02-24,pickle_chips,844.0,733.0,0.0,111.0
2022-02-24,lettuce,66.0,382.0,350.0,34.0
2022-02-24,tomato,66.0,382.0,350.0,34.0
2022-02-24,cheese,519.5,461.5,0.0,58.0
2022-02-24,spice,850.0,831.0,0.0,19.0
2022-02-24,chicken_nuggets,4301.0,3749.5,0.0,551.5
2022-02-24,chicken_strips,4916.0,4865.0,0.0,51.0
2022-02-24,flat_bread,208.5,203.5,0.0,5.0
2022-02-24,mixed_greens,307.0,232.5,0.0,74.5
2022-02-24,shredded_monterey_jack,900.0,884.0,0.0,16.0
2022-02-24,waffle_fries,9607.960000000003,9475.540000000003,0.0,132.42000000000002
2022-02-24,roasted_corn_kernels,308.0,302.0,0.0,6.0
2022-02-24,crumbled_bacon,308.0,302.0,0.0,6.0
2022-02-24,avacado_lime_dressing,658.0,652.0,0.0,6.0
2022-02-24,red_bell_pepers,483.0,477.0,0.0,6.0
2022-02-24,grape tomatoes,665.0,635.0,0.0,30.0
2022-02-24,hard_boiled_egg,220.5,214.5,0.0,6.0
2022-02-24,blue_cheese,726.0,660.0,0.0,66.0
2022-02-24,apples,726.0,660.0,0.0,66.0
2022-02-24,strawberries,726.0,660.0,0.0,66.0
2022-02-24,blueberries,726.0,660.0,0.0,66.0
2022-02-24,harvest_nut_granola,726.0,660.0,0.0,66.0
2022-02-24,zesty_apple_vinagrette,726.0,660.0,0.0,66.0
2022-02-24,chicken_tenders,6944.0,6932.0,0.0,12.0
2022-02-24,biscuit,297.0,257.0,0.0,40.0
2022-02-24,chicken_mini_bread,1324.0,1276.0,0.0,48.0
2022-02-24,butter,506.5,504.5,0.0,2.0
2022-02-24,bacon,495.0,474.0,0.0,21.0
2022-02-24,tortilla,296.0,291.0,0.0,5.0
2022-02-24,eggs,170.0,124.0,0.0,46.0
2022-02-24,sausage,117.0,111.0,0.0,6.0
2022-02-24,bagel,357.0,327.0,0.0,30.0
2022-02-24,oatmeal,111.0,95.0,0.0,16.0
2022-02-24,fruit,221.0,194.0,0.0,27.0
2022-02-24,cream_cheese,103.0,96.0,0.0,7.0
2022-02-24,hash_brown,656.0,645.0,0.0,11.0
2022-02-24,yogurt_parfait,101.0,98.0,0.0,3.0
2022-02-24,cinamon_cluster,141.0,123.0,0.0,18.0
2022-02-24,lemonade,3152.4000000000005,3090.1000000000004,0.0,62.300000000000004
2022-02-24,straw,9066.0,8810.0,0.0,256.0
2022-02-24,small_drink_cup,3308.0,3267.0,0.0,41.0
2022-02-24,medium_drink_cup,2498.0,2345.0,0.0,153.0
2022-02-24,large_drink_cup,3260.0,3198.0,0.0,62.0
2022-02-24,lemonade_diet,1616.7999999999997,1571.8999999999996,0.0,44.9
2022-02-24,ice_tea_unsweet,3313.999999999999,3299.499999999999,0.0,14.5
2022-02-24,ice_tea_sweet,3083.8,3003.0,0.0,80.80000000000001
2022-02-24,soft_drink,9559.400000000001,9404.600000000002,0.0,154.8
2022-02-24,dasani_water_bottle,457.0,447.0,0.0,10.0
2022-02-24,orange_juice_bottle,497.0,486.0,0.0,11.0
2022-02-24,apple_juice,497.0,497.0,0.0,0.0
2022-02-24,ice_coffee,277.0,247.5,0.0,29.5
2022-02-24,coffee,937.5,923.0,0.0,14.5
2022-02-24,Coffee_box,145.0,144.0,0.0,1.0
2022-02-24,milk_chocolate,306.0,300.0,0.0,6.0
2022-02-24,milk,124.0,420.0,350.0,54.0
2022-02-24,icecream,616.0,518.0,0.0,98.0
2022-02-24,vanilla_flavor,288.0,276.0,0.0,12.0
2022-02-24,cream_flavor,304.0,287.0,0.0,17.0
2022-02-24,chunk_cookie,119.0,410.5,350.0,58.5
2022-02-24,chocolate_flavor,308.0,304.0,0.0,4.0
2022-02-24,strawberry_flavor,316.0,306.0,0.0,10.0
2022-02-24,frosted_extract,282.0,276.0,0.0,6.0
2022-02-24,icecream_cone,312.0,309.0,0.0,3.0
2022-02-24,icecream_come,322.0,313.0,0.0,9.0
2022-02-24,icecream_topping,292.0,285.0,0.0,7.0
2022-02-24,to_go_bag,9826.0,9693.0,0.0,133.0
2022-02-24,napkins,7130.0,6465.0,0.0,665.0
2022-02-24,ketchup,10420.0,10414.0,0.0,6.0
2022-02-24,ranch,10442.0,10439.0,0.0,3.0
2022-02-24,buffalo_sauce,10468.0,10459.0,0.0,9.0
2022-02-24,bbq_sauce,10476.0,10459.0,0.0,17.0
2022-02-24,polyneasian,10426.0,10421.0,0.0,5.0
2022-02-24,chickfala,10422.0,10415.0,0.0,7.0
2022-02-24,silverware,3442.0,3429.0,0.0,13.0
2022-02-25,fried_batter,490.5999999999999,353.5999999999999,0.0,137.0
2022-02-25,bun,149.0,625.0,525.0,49.0
2022-02-25,chicken_patty,1464.0,1379.5,0.0,84.5
2022-02-25,pickle_chips,622.0,2225.0,1750.0,147.0
2022-02-25,lettuce,698.0,650.0,0.0,48.0
2022-02-25,tomato,698.0,650.0,0.0,48.0
2022-02-25,cheese,403.5,346.5,0.0,57.0
2022-02-25,spice,812.0,774.0,0.0,38.0
2022-02-25,chicken_nuggets,3198.0,2590.0,0.0,608.0
2022-02-25,chicken_strips,4814.0,4750.0,0.0,64.0
2022-02-25,flat_bread,198.5,188.5,0.0,10.0
2022-02-25,mixed_greens,158.0,809.0,700.0,49.0
2022-02-25,shredded_monterey_jack,868.0,846.0,0.0,22.0
2022-02-25,waffle_fries,9343.120000000003,9201.240000000003,0.0,141.88
2022-02-25,roasted_corn_kernels,296.0,291.0,0.0,5.0
2022-02-25,crumbled_bacon,296.0,291.0,0.0,5.0
2022-02-25,avacado_lime_dressing,646.0,641.0,0.0,5.0
2022-02-25,red_bell_pepers,471.0,466.0,0.0,5.0
2022-02-25,grape tomatoes,605.0,580.0,0.0,25.0
2022-02-25,hard_boiled_egg,208.5,203.5,0.0,5.0
2022-02-25,blue_cheese,594.0,555.0,0.0,39.0
2022-02-25,apples,594.0,555.0,0.0,39.0
2022-02-25,strawberries,594.0,555.0,0.0,39.0
2022-02-25,blueberries,594.0,555.0,0.0,39.0
2022-02-25,harvest_nut_granola,594.0,555.0,0.0,39.0
2022-02-25,zesty_apple_vinagrette,594.0,555.0,0.0,39.0
2022-02-25,chicken_tenders,6920.0,6914.0,0.0,6.0
2022-02-25,biscuit,217.0,175.0,0.0,42.0
2022-02-25,chicken_mini_bread,1228.0,1192.0,0.0,36.0
2022-02-25,butter,502.5,501.25,0.0,1.25
2022-02-25,bacon,453.0,442.0,0.0,11.0
2022-02-25,tortilla,286.0,279.0,0.0,7.0
2022-02-25,eggs,78.0,388.0,350.0,40.0
2022-02-25,sausage,105.0,92.0,0.0,13.0
2022-02-25,bagel,297.0,280.0,0.0,17.0
2022-02-25,oatmeal,79.0,64.0,0.0,15.0
2022-02-25,fruit,167.0,155.0,0.0,12.0
2022-02-25,cream_cheese,89.0,84.0,0.0,5.0
2022-02-25,hash_brown,634.0,623.0,0.0,11.0
2022-02-25,yogurt_parfait,95.0,92.0,0.0,3.0
2022-02-25,cinamon_cluster,105.0,95.0,0.0,10.0
2022-02-25,lemonade,3027.8,2943.6000000000004,0.0,84.2
2022-02-25,straw,8554.0,8339.0,0.0,215.0
2022-02-25,small_drink_cup,3226.0,3206.0,0.0,20.0
2022-02-25,medium_drink_cup,2192.0,2035.0,0.0,157.0
2022-02-25,large_drink_cup,3136.0,3098.0,0.0,38.0
2022-02-25,lemonade_diet,1526.9999999999995,1518.6999999999996,0.0,8.3
2022-02-25,ice_tea_unsweet,3284.999999999999,3252.2999999999993,0.0,32.7
2022-02-25,ice_tea_sweet,2922.2,2881.6,0.0,40.6
2022-02-25,soft_drink,9249.800000000003,9124.000000000004,0.0,125.80000000000001
2022-02-25,dasani_water_bottle,437.0,433.0,0.0,4.0
2022-02-25,orange_juice_bottle,475.0,470.0,0.0,5.0
2022-02-25,apple_juice,497.0,494.0,0.0,3.0
2022-02-25,ice_coffee,218.0,198.25,0.0,19.75
2022-02-25,coffee,908.5,882.75,0.0,25.75
2022-02-25,Coffee_box,143.0,134.0,0.0,9.0
2022-02-25,milk_chocolate,294.0,278.0,0.0,16.0
2022-02-25,milk,716.0,669.0,0.0,47.0
2022-02-25,icecream,420.0,340.0,0.0,80.0
2022-02-25,vanilla_flavor,264.0,261.0,0.0,3.0
2022-02-25,cream_flavor,270.0,269.0,0.0,1.0
2022-02-25,chunk_cookie,702.0,650.5,0.0,51.5
2022-02-25,chocolate_flavor,300.0,285.0,0.0,15.0
2022-02-25,strawberry_flavor,296.0,286.0,0.0,10.0
2022-02-25,frosted_extract,270.0,255.0,0.0,15.0
2022-02-25,icecream_cone,306.0,296.0,0.0,10.0
2022-02-25,icecream_come,304.0,292.0,0.0,12.0
2022-02-25,icecream_topping,278.0,267.0,0.0,11.0
2022-02-25,to_go_bag,9560.0,9446.0,0.0,114.0
2022-02-25,napkins,5800.0,5230.0,0.0,570.0
2022-02-25,ketchup,10408.0,10398.0,0.0,10.0
2022-02-25,ranch,10436.0,10427.0,0.0,9.0
2022-02-25,buffalo_sauce,10450.0,10436.0,0.0,14.0
2022-02-25,bbq_sauce,10442.0,10438.0,0.0,4.0
2022-02-25,polyneasian,10416.0,10414.0,0.0,2.0
2022-02-25,chickfala,10408.0,10393.0,0.0,15.0
2022-02-25,silverware,3416.0,3408.0,0.0,8.0
2022-02-26,fried_batter,216.5999999999999,600.8,525.0,140.8
2022-02-26,bun,1101.0,1059.0,0.0,42.0
2022-02-26,chicken_patty,1295.0,1198.0,0.0,97.0
2022-02-26,pickle_chips,3828.0,3702.0,0.0,126.0
2022-02-26,lettuce,602.0,576.0,0.0,26.0
2022-02-26,tomato,602.0,576.0,0.0,26.0
2022-02-26,cheese,289.5,246.5,0.0,43.0
2022-02-26,spice,736.0,706.0,0.0,30.0
2022-02-26,chicken_nuggets,1982.0,8596.0,7000.0,386.0
2022-02-26,chicken_strips,4686.0,4609.0,0.0,77.0
2022-02-26,flat_bread,178.5,178.5,0.0,0.0
2022-02-26,mixed_greens,1460.0,1394.0,0.0,66.0
2022-02-26,shredded_monterey_jack,824.0,817.0,0.0,7.0
2022-02-26,waffle_fries,9059.360000000004,8902.440000000004,0.0,156.92000000000002
2022-02-26,roasted_corn_kernels,286.0,279.0,0.0,7.0
2022-02-26,crumbled_bacon,286.0,279.0,0.0,7.0
2022-02-26,avacado_lime_dressing,636.0,629.0,0.0,7.0
2022-02-26,red_bell_pepers,461.0,454.0,0.0,7.0
2022-02-26,grape tomatoes,555.0,520.0,0.0,35.0
2022-02-26,hard_boiled_egg,198.5,191.5,0.0,7.0
2022-02-26,blue_cheese,516.0,457.0,0.0,59.0
2022-02-26,apples,516.0,457.0,0.0,59.0
2022-02-26,strawberries,516.0,457.0,0.0,59.0
2022-02-26,blueberries,516.0,457.0,0.0,59.0
2022-02-26,harvest_nut_granola,516.0,457.0,0.0,59.0
2022-02-26,zesty_apple_vinagrette,516.0,457.0,0.0,59.0
2022-02-26,chicken_tenders,6908.0,6898.0,0.0,10.0
2022-02-26,biscuit,133.0,609.0,525.0,49.0
2022-02-26,chicken_mini_bread,1156.0,1105.0,0.0,51.0
2022-02-26,butter,500.0,497.25,0.0,2.75
2022-02-26,bacon,431.0,424.0,0.0,7.0
2022-02-26,tortilla,272.0,272.0,0.0,0.0
2022-02-26,eggs,698.0,668.0,0.0,30.0
2022-02-26,sausage,79.0,68.0,0.0,11.0
2022-02-26,bagel,263.0,235.0,0.0,28.0
2022-02-26,oatmeal,49.0,220.0,175.0,4.0
2022-02-26,fruit,143.0,117.5,0.0,25.5
2022-02-26,cream_cheese,79.0,67.0,0.0,12.0
2022-02-26,hash_brown,612.0,605.0,0.0,7.0
2022-02-26,yogurt_parfait,89.0,84.0,0.0,5.0
2022-02-26,cinamon_cluster,85.0,82.0,0.0,3.0
2022-02-26,lemonade,2859.4000000000005,2803.8000000000006,0.0,55.60000000000001
2022-02-26,straw,8124.0,7884.0,0.0,240.0
2022-02-26,small_drink_cup,3186.0,3143.0,0.0,43.0
2022-02-26,medium_drink_cup,1878.0,1711.0,0.0,167.0
2022-02-26,large_drink_cup,3060.0,3030.0,0.0,30.0
2022-02-26,lemonade_diet,1510.3999999999996,1488.2999999999997,0.0,22.099999999999998
2022-02-26,ice_tea_unsweet,3219.5999999999995,3173.1999999999994,0.0,46.4
2022-02-26,ice_tea_sweet,2841.0,2805.8,0.0,35.2
2022-02-26,soft_drink,8998.200000000004,8872.600000000004,0.0,125.6
2022-02-26,dasani_water_bottle,429.0,424.0,0.0,5.0
2022-02-26,orange_juice_bottle,465.0,463.0,0.0,2.0
2022-02-26,apple_juice,491.0,485.0,0.0,6.0
2022-02-26,ice_coffee,178.5,151.75,0.0,26.75
2022-02-26,coffee,857.0,836.25,0.0,20.75
2022-02-26,Coffee_box,125.0,107.0,0.0,18.0
2022-02-26,milk_chocolate,262.0,259.0,0.0,3.0
2022-02-26,milk,622.0,580.0,0.0,42.0
2022-02-26,icecream,260.0,163.0,0.0,97.0
2022-02-26,vanilla_flavor,258.0,250.0,0.0,8.0
2022-02-26,cream_flavor,268.0,256.0,0.0,12.0
2022-02-26,chunk_cookie,599.0,561.0,0.0,38.0
2022-02-26,chocolate_flavor,270.0,259.0,0.0,11.0
2022-02-26,strawberry_flavor,276.0,270.0,0.0,6.0
2022-02-26,frosted_extract,240.0,229.0,0.0,11.0
2022-02-26,icecream_cone,286.0,265.0,0.0,21.0
2022-02-26,icecream_come,280.0,278.0,0.0,2.0
2022-02-26,icecream_topping,256.0,246.0,0.0,10.0
2022-02-26,to_go_bag,9332.0,9213.0,0.0,119.0
2022-02-26,napkins,4660.0,4065.0,0.0,595.0
2022-02-26,ketchup,10388.0,10376.0,0.0,12.0
2022-02-26,ranch,10418.0,10412.0,0.0,6.0
2022-02-26,buffalo_sauce,10422.0,10419.0,0.0,3.0
2022-02-26,bbq_sauce,10434.0,10431.0,0.0,3.0
2022-02-26,polyneasian,10412.0,10403.0,0.0,9.0
2022-02-26,chickfala,10378.0,10359.0,0.0,19.0
2022-02-26,silverware,3400.0,3395.0,0.0,5.0
2022-02-28,fried_batter,985.0,866.4,0.0,118.6
2022-02-28,bun,1017.0,982.0,0.0,35.0
2022-02-28,chicken_patty,1101.0,1027.5,0.0,73.5
2022-02-28,pickle_chips,3576.0,3471.0,0.0,105.0
2022-02-28,lettuce,550.0,520.0,0.0,30.0
2022-02-28,tomato,550.0,520.0,0.0,30.0
2022-02-28,cheese,203.5,160.5,0.0,43.0
2022-02-28,spice,676.0,642.0,0.0,34.0
2022-02-28,chicken_nuggets,15210.0,14653.5,0.0,556.5
2022-02-28,chicken_strips,4532.0,4492.0,0.0,40.0
2022-02-28,flat_bread,178.5,167.5,0.0,11.0
2022-02-28,mixed_greens,1328.0,1261.5,0.0,66.5
2022-02-28,shredded_monterey_jack,810.0,773.0,0.0,37.0
2022-02-28,waffle_fries,8745.520000000004,8605.560000000005,0.0,139.96
2022-02-28,roasted_corn_kernels,272.0,253.0,0.0,19.0
2022-02-28,crumbled_bacon,272.0,253.0,0.0,19.0
2022-02-28,avacado_lime_dressing,622.0,603.0,0.0,19.0
2022-02-28,red_bell_pepers,447.0,428.0,0.0,19.0
2022-02-28,grape tomatoes,485.0,390.0,0.0,95.0
2022-02-28,hard_boiled_egg,184.5,165.5,0.0,19.0
2022-02-28,blue_cheese,398.0,356.0,0.0,42.0
2022-02-28,apples,398.0,356.0,0.0,42.0
2022-02-28,strawberries,398.0,356.0,0.0,42.0
2022-02-28,blueberries,398.0,356.0,0.0,42.0
2022-02-28,harvest_nut_granola,398.0,356.0,0.0,42.0
2022-02-28,zesty_apple_vinagrette,398.0,356.0,0.0,42.0
2022-02-28,chicken_tenders,6888.0,6884.0,0.0,4.0
2022-02-28,biscuit,1085.0,1040.0,0.0,45.0
2022-02-28,chicken_mini_bread,1054.0,1009.0,0.0,45.0
2022-02-28,butter,494.5,491.75,0.0,2.75
2022-02-28,bacon,417.0,404.0,0.0,13.0
2022-02-28,tortilla,272.0,265.0,0.0,7.0
2022-02-28,eggs,638.0,603.0,0.0,35.0
2022-02-28,sausage,57.0,224.0,175.0,8.0
2022-02-28,bagel,207.0,187.0,0.0,20.0
2022-02-28,oatmeal,391.0,385.0,0.0,6.0
2022-02-28,fruit,92.0,407.0,350.0,35.0
2022-02-28,cream_cheese,55.0,52.0,0.0,3.0
2022-02-28,hash_brown,598.0,596.0,0.0,2.0
2022-02-28,yogurt_parfait,79.0,72.0,0.0,7.0
2022-02-28,cinamon_cluster,79.0,72.0,0.0,7.0
2022-02-28,lemonade,2748.2000000000007,2687.100000000001,0.0,61.10000000000001
2022-02-28,straw,7644.0,7399.0,0.0,245.0
2022-02-28,small_drink_cup,3100.0,3051.0,0.0,49.0
2022-02-28,medium_drink_cup,1544.0,1391.0,0.0,153.0
2022-02-28,large_drink_cup,3000.0,2957.0,0.0,43.0
2022-02-28,lemonade_diet,1466.1999999999998,1440.3999999999999,0.0,25.800000000000004
2022-02-28,ice_tea_unsweet,3126.7999999999993,3097.499999999999,0.0,29.3
2022-02-28,ice_tea_sweet,2770.6000000000004,2703.4000000000005,0.0,67.2
2022-02-28,soft_drink,8747.000000000004,8616.100000000004,0.0,130.89999999999998
2022-02-28,dasani_water_bottle,419.0,415.0,0.0,4.0
2022-02-28,orange_juice_bottle,461.0,454.0,0.0,7.0
2022-02-28,apple_juice,479.0,472.0,0.0,7.0
2022-02-28,ice_coffee,125.0,111.25,0.0,13.75
2022-02-28,coffee,815.5,784.25,0.0,31.25
2022-02-28,Coffee_box,89.0,82.0,0.0,7.0
2022-02-28,milk_chocolate,256.0,251.0,0.0,5.0
2022-02-28,milk,538.0,508.0,0.0,30.0
2022-02-28,icecream,66.0,348.0,350.0,68.0
2022-02-28,vanilla_flavor,242.0,234.0,0.0,8.0
2022-02-28,cream_flavor,244.0,234.0,0.0,10.0
2022-02-28,chunk_cookie,523.0,451.0,0.0,72.0
2022-02-28,chocolate_flavor,248.0,246.0,0.0,2.0
2022-02-28,strawberry_flavor,264.0,256.0,0.0,8.0
2022-02-28,frosted_extract,218.0,211.0,0.0,7.0
2022-02-28,icecream_cone,244.0,233.0,0.0,11.0
2022-02-28,icecream_come,276.0,275.0,0.0,1.0
2022-02-28,icecream_topping,236.0,227.0,0.0,9.0
2022-02-28,to_go_bag,9094.0,8977.0,0.0,117.0
2022-02-28,napkins,3470.0,13385.0,10500.0,585.0
2022-02-28,ketchup,10364.0,10358.0,0.0,6.0
2022-02-28,ranch,10406.0,10394.0,0.0,12.0
2022-02-28,buffalo_sauce,10416.0,10400.0,0.0,16.0
2022-02-28,bbq_sauce,10428.0,10422.0,0.0,6.0
2022-02-28,polyneasian,10394.0,10388.0,0.0,6.0
2022-02-28,chickfala,10340.0,10335.0,0.0,5.0
2022-02-28,silverware,3390.0,3384.0,0.0,6.0
2022-03-01,fried_batter,747.8,607.4,0.0,140.39999999999998
2022-03-01,bun,947.0,902.0,0.0,45.0
2022-03-01,chicken_patty,954.0,874.0,0.0,80.0
2022-03-01,pickle_chips,3366.0,3231.0,0.0,135.0
2022-03-01,lettuce,490.0,454.0,0.0,36.0
2022-03-01,tomato,490.0,454.0,0.0,36.0
2022-03-01,cheese,117.5,76.5,0.0,41.0
2022-03-01,spice,608.0,581.0,0.0,27.0
2022-03-01,chicken_nuggets,14097.0,13711.0,0.0,386.0
2022-03-01,chicken_strips,4452.0,4397.0,0.0,55.0
2022-03-01,flat_bread,156.5,154.5,0.0,2.0
2022-03-01,mixed_greens,1195.0,1123.0,0.0,72.0
2022-03-01,shredded_monterey_jack,736.0,726.0,0.0,10.0
2022-03-01,waffle_fries,8465.600000000006,8321.240000000005,0.0,144.36
2022-03-01,roasted_corn_kernels,234.0,226.0,0.0,8.0
2022-03-01,crumbled_bacon,234.0,226.0,0.0,8.0
2022-03-01,avacado_lime_dressing,584.0,576.0,0.0,8.0
2022-03-01,red_bell_pepers,409.0,401.0,0.0,8.0
2022-03-01,grape tomatoes,295.0,255.0,0.0,40.0
2022-03-01,hard_boiled_egg,146.5,138.5,0.0,8.0
2022-03-01,blue_cheese,314.0,251.0,0.0,63.0
2022-03-01,apples,314.0,251.0,0.0,63.0
2022-03-01,strawberries,314.0,251.0,0.0,63.0
2022-03-01,blueberries,314.0,251.0,0.0,63.0
2022-03-01,harvest_nut_granola,314.0,251.0,0.0,63.0
2022-03-01,zesty_apple_vinagrette,314.0,251.0,0.0,63.0
2022-03-01,chicken_tenders,6880.0,6832.0,0.0,48.0
2022-03-01,biscuit,995.0,959.0,0.0,36.0
2022-03-01,chicken_mini_bread,964.0,916.0,0.0,48.0
2022-03-01,butter,489.0,486.75,0.0,2.25
2022-03-01,bacon,391.0,372.0,0.0,19.0
2022-03-01,tortilla,258.0,258.0,0.0,0.0
2022-03-01,eggs,568.0,545.0,0.0,23.0
2022-03-01,sausage,391.0,391.0,0.0,0.0
2022-03-01,bagel,167.0,148.0,0.0,19.0
2022-03-01,oatmeal,379.0,354.0,0.0,25.0
2022-03-01,fruit,722.0,694.5,0.0,27.5
2022-03-01,cream_cheese,49.0,217.0,175.0,7.0
2022-03-01,hash_brown,594.0,588.0,0.0,6.0
2022-03-01,yogurt_parfait,65.0,61.0,0.0,4.0
2022-03-01,cinamon_cluster,65.0,217.0,175.0,23.0
2022-03-01,lemonade,2626.000000000001,2571.100000000001,0.0,54.900000000000006
2022-03-01,straw,7154.0,6892.0,0.0,262.0
2022-03-01,small_drink_cup,3002.0,2962.0,0.0,40.0
2022-03-01,medium_drink_cup,1238.0,1057.0,0.0,181.0
2022-03-01,large_drink_cup,2914.0,2873.0,0.0,41.0
2022-03-01,lemonade_diet,1414.6,1391.1999999999998,0.0,23.400000000000006
2022-03-01,ice_tea_unsweet,3068.199999999999,3028.3999999999987,0.0,39.800000000000004
2022-03-01,ice_tea_sweet,2636.2000000000007,2569.9000000000005,0.0,66.30000000000001
2022-03-01,soft_drink,8485.200000000004,8322.800000000005,0.0,162.4
2022-03-01,dasani_water_bottle,411.0,398.0,0.0,13.0
2022-03-01,orange_juice_bottle,447.0,444.0,0.0,3.0
2022-03-01,apple_juice,465.0,459.0,0.0,6.0
2022-03-01,ice_coffee,97.5,433.75,350.0,13.75
2022-03-01,coffee,753.0,742.5,0.0,10.5
2022-03-01,Coffee_box,75.0,69.0,0.0,6.0
2022-03-01,milk_chocolate,246.0,243.0,0.0,3.0
2022-03-01,milk,478.0,443.0,0.0,35.0
2022-03-01,icecream,630.0,568.0,0.0,62.0
2022-03-01,vanilla_flavor,226.0,215.0,0.0,11.0
2022-03-01,cream_flavor,224.0,220.0,0.0,4.0
2022-03-01,chunk_cookie,379.0,303.0,0.0,76.0
2022-03-01,chocolate_flavor,244.0,241.0,0.0,3.0
2022-03-01,strawberry_flavor,248.0,240.0,0.0,8.0
2022-03-01,frosted_extract,204.0,199.0,0.0,5.0
2022-03-01,icecream_cone,222.0,217.0,0.0,5.0
2022-03-01,icecream_come,274.0,269.0,0.0,5.0
2022-03-01,icecream_topping,218.0,213.0,0.0,5.0
2022-03-01,to_go_bag,8860.0,8745.0,0.0,115.0
2022-03-01,napkins,23300.0,22725.0,0.0,575.0
2022-03-01,ketchup,10352.0,10348.0,0.0,4.0
2022-03-01,ranch,10382.0,10379.0,0.0,3.0
2022-03-01,buffalo_sauce,10384.0,10370.0,0.0,14.0
2022-03-01,bbq_sauce,10416.0,10408.0,0.0,8.0
2022-03-01,polyneasian,10382.0,10371.0,0.0,11.0
2022-03-01,chickfala,10330.0,10323.0,0.0,7.0
2022-03-01,silverware,3378.0,3365.0,0.0,13.0
2022-03-02,fried_batter,467.0,344.8,0.0,122.19999999999999
2022-03-02,bun,857.0,822.0,0.0,35.0
2022-03-02,chicken_patty,794.0,735.0,0.0,59.0
2022-03-02,pickle_chips,3096.0,2991.0,0.0,105.0
2022-03-02,lettuce,418.0,404.0,0.0,14.0
2022-03-02,tomato,418.0,404.0,0.0,14.0
2022-03-02,cheese,35.5,261.0,262.5,37.0
2022-03-02,spice,554.0,530.0,0.0,24.0
2022-03-02,chicken_nuggets,13325.0,12734.0,0.0,591.0
2022-03-02,chicken_strips,4342.0,4309.0,0.0,33.0
2022-03-02,flat_bread,152.5,148.5,0.0,4.0
2022-03-02,mixed_greens,1051.0,995.0,0.0,56.0
2022-03-02,shredded_monterey_jack,716.0,701.0,0.0,15.0
2022-03-02,waffle_fries,8176.880000000006,8020.680000000006,0.0,156.2
2022-03-02,roasted_corn_kernels,218.0,211.0,0.0,7.0
2022-03-02,crumbled_bacon,218.0,211.0,0.0,7.0
2022-03-02,avacado_lime_dressing,568.0,561.0,0.0,7.0
2022-03-02,red_bell_pepers,393.0,386.0,0.0,7.0
2022-03-02,grape tomatoes,215.0,1055.0,875.0,35.0
2022-03-02,hard_boiled_egg,130.5,123.5,0.0,7.0
2022-03-02,blue_cheese,188.0,141.0,0.0,47.0
2022-03-02,apples,188.0,141.0,0.0,47.0
2022-03-02,strawberries,188.0,141.0,0.0,47.0
2022-03-02,blueberries,188.0,141.0,0.0,47.0
2022-03-02,harvest_nut_granola,188.0,141.0,0.0,47.0
2022-03-02,zesty_apple_vinagrette,188.0,141.0,0.0,47.0
2022-03-02,chicken_tenders,6784.0,6774.0,0.0,10.0
2022-03-02,biscuit,923.0,878.0,0.0,45.0
2022-03-02,chicken_mini_bread,868.0,823.0,0.0,45.0
2022-03-02,butter,484.5,480.75,0.0,3.75
2022-03-02,bacon,353.0,341.0,0.0,12.0
2022-03-02,tortilla,258.0,254.0,0.0,4.0
2022-03-02,eggs,522.0,488.0,0.0,34.0
2022-03-02,sausage,391.0,381.0,0.0,10.0
2022-03-02,bagel,129.0,91.0,0.0,38.0
2022-03-02,oatmeal,329.0,316.0,0.0,13.0
2022-03-02,fruit,667.0,634.5,0.0,32.5
2022-03-02,cream_cheese,385.0,365.0,0.0,20.0
2022-03-02,hash_brown,582.0,574.0,0.0,8.0
2022-03-02,yogurt_parfait,57.0,51.0,0.0,6.0
2022-03-02,cinamon_cluster,369.0,365.0,0.0,4.0
2022-03-02,lemonade,2516.2000000000007,2458.3000000000006,0.0,57.900000000000006
2022-03-02,straw,6630.0,6393.0,0.0,237.0
2022-03-02,small_drink_cup,2922.0,2889.0,0.0,33.0
2022-03-02,medium_drink_cup,876.0,4211.0,3500.0,165.0
2022-03-02,large_drink_cup,2832.0,2793.0,0.0,39.0
2022-03-02,lemonade_diet,1367.7999999999997,1348.8999999999996,0.0,18.900000000000002
2022-03-02,ice_tea_unsweet,2988.5999999999985,2966.8999999999987,0.0,21.700000000000003
2022-03-02,ice_tea_sweet,2503.6000000000004,2405.6000000000004,0.0,98.00000000000001
2022-03-02,soft_drink,8160.400000000005,8005.800000000005,0.0,154.6
2022-03-02,dasani_water_bottle,385.0,381.0,0.0,4.0
2022-03-02,orange_juice_bottle,441.0,434.0,0.0,7.0
2022-03-02,apple_juice,453.0,447.0,0.0,6.0
2022-03-02,ice_coffee,770.0,754.25,0.0,15.75
2022-03-02,coffee,732.0,700.5,0.0,31.5
2022-03-02,Coffee_box,63.0,54.0,0.0,9.0
2022-03-02,milk_chocolate,240.0,231.0,0.0,9.0
2022-03-02,milk,408.0,380.0,0.0,28.0
2022-03-02,icecream,506.0,448.0,0.0,58.0
2022-03-02,vanilla_flavor,204.0,195.0,0.0,9.0
2022-03-02,cream_flavor,216.0,210.0,0.0,6.0
2022-03-02,chunk_cookie,227.0,136.0,0.0,91.0
2022-03-02,chocolate_flavor,238.0,234.0,0.0,4.0
2022-03-02,strawberry_flavor,232.0,228.0,0.0,4.0
2022-03-02,frosted_extract,194.0,183.0,0.0,11.0
2022-03-02,icecream_cone,212.0,208.0,0.0,4.0
2022-03-02,icecream_come,264.0,256.0,0.0,8.0
2022-03-02,icecream_topping,208.0,205.0,0.0,3.0
2022-03-02,to_go_bag,8630.0,8510.0,0.0,120.0
2022-03-02,napkins,22150.0,21550.0,0.0,600.0
2022-03-02,ketchup,10344.0,10330.0,0.0,14.0
2022-03-02,ranch,10376.0,10357.0,0.0,19.0
2022-03-02,buffalo_sauce,10356.0,10337.0,0.0,19.0
2022-03-02,bbq_sauce,10400.0,10398.0,0.0,2.0
2022-03-02,polyneasian,10360.0,10347.0,0.0,13.0
2022-03-02,chickfala,10316.0,10299.0,0.0,17.0
2022-03-02,silverware,3352.0,3346.0,0.0,6.0
2022-03-03,fried_batter,222.60000000000002,611.4000000000001,525.0,136.2
2022-03-03,bun,787.0,747.0,0.0,40.0
2022-03-03,chicken_patty,676.0,590.0,0.0,86.0
2022-03-03,pickle_chips,2886.0,2766.0,0.0,120.0
2022-03-03,lettuce,390.0,352.0,0.0,38.0
2022-03-03,tomato,390.0,352.0,0.0,38.0
2022-03-03,cheese,486.5,445.5,0.0,41.0
2022-03-03,spice,506.0,465.0,0.0,41.0
2022-03-03,chicken_nuggets,12143.0,11627.0,0.0,516.0
2022-03-03,chicken_strips,4276.0,4224.0,0.0,52.0
2022-03-03,flat_bread,144.5,140.5,0.0,4.0
2022-03-03,mixed_greens,939.0,861.0,0.0,78.0
2022-03-03,shredded_monterey_jack,686.0,653.0,0.0,33.0
2022-03-03,waffle_fries,7864.480000000006,7713.720000000006,0.0,150.76000000000002
2022-03-03,roasted_corn_kernels,204.0,187.0,0.0,17.0
2022-03-03,crumbled_bacon,204.0,187.0,0.0,17.0
2022-03-03,avacado_lime_dressing,554.0,537.0,0.0,17.0
2022-03-03,red_bell_pepers,379.0,362.0,0.0,17.0
2022-03-03,grape tomatoes,1895.0,1810.0,0.0,85.0
2022-03-03,hard_boiled_egg,116.5,99.5,0.0,17.0
2022-03-03,blue_cheese,94.0,385.0,350.0,59.0
2022-03-03,apples,94.0,385.0,350.0,59.0
2022-03-03,strawberries,94.0,385.0,350.0,59.0
2022-03-03,blueberries,94.0,385.0,350.0,59.0
2022-03-03,harvest_nut_granola,94.0,385.0,350.0,59.0
2022-03-03,zesty_apple_vinagrette,94.0,385.0,350.0,59.0
2022-03-03,chicken_tenders,6764.0,6752.0,0.0,12.0
2022-03-03,biscuit,833.0,786.0,0.0,47.0
2022-03-03,chicken_mini_bread,778.0,736.0,0.0,42.0
2022-03-03,butter,477.0,474.25,0.0,2.75
2022-03-03,bacon,329.0,326.0,0.0,3.0
2022-03-03,tortilla,250.0,238.0,0.0,12.0
2022-03-03,eggs,454.0,420.0,0.0,34.0
2022-03-03,sausage,371.0,354.0,0.0,17.0
2022-03-03,bagel,53.0,216.0,175.0,12.0
2022-03-03,oatmeal,303.0,287.0,0.0,16.0
2022-03-03,fruit,602.0,579.0,0.0,23.0
2022-03-03,cream_cheese,345.0,343.0,0.0,2.0
2022-03-03,hash_brown,566.0,551.0,0.0,15.0
2022-03-03,yogurt_parfait,45.0,216.0,175.0,4.0
2022-03-03,cinamon_cluster,361.0,352.0,0.0,9.0
2022-03-03,lemonade,2400.4000000000005,2356.0000000000005,0.0,44.4
2022-03-03,straw,6156.0,5922.0,0.0,234.0
2022-03-03,small_drink_cup,2856.0,2812.0,0.0,44.0
2022-03-03,medium_drink_cup,7546.0,7388.0,0.0,158.0
2022-03-03,large_drink_cup,2754.0,2722.0,0.0,32.0
2022-03-03,lemonade_diet,1329.9999999999995,1300.9999999999995,0.0,29.0
2022-03-03,ice_tea_unsweet,2945.199999999999,2922.499999999999,0.0,22.700000000000003
2022-03-03,ice_tea_sweet,2307.6000000000004,2269.8,0.0,37.8
2022-03-03,soft_drink,7851.200000000004,7706.100000000004,0.0,145.10000000000002
2022-03-03,dasani_water_bottle,377.0,371.0,0.0,6.0
2022-03-03,orange_juice_bottle,427.0,419.0,0.0,8.0
2022-03-03,apple_juice,441.0,440.0,0.0,1.0
2022-03-03,ice_coffee,738.5,725.0,0.0,13.5
2022-03-03,coffee,669.0,633.25,0.0,35.75
2022-03-03,Coffee_box,45.0,216.0,175.0,4.0
2022-03-03,milk_chocolate,222.0,216.0,0.0,6.0
2022-03-03,milk,352.0,303.0,0.0,49.0
2022-03-03,icecream,390.0,297.0,0.0,93.0
2022-03-03,vanilla_flavor,186.0,173.0,0.0,13.0
2022-03-03,cream_flavor,204.0,195.0,0.0,9.0
2022-03-03,chunk_cookie,45.0,311.5,350.0,83.5
2022-03-03,chocolate_flavor,230.0,218.0,0.0,12.0
2022-03-03,strawberry_flavor,224.0,219.0,0.0,5.0
2022-03-03,frosted_extract,172.0,165.0,0.0,7.0
2022-03-03,icecream_cone,204.0,193.0,0.0,11.0
2022-03-03,icecream_come,248.0,244.0,0.0,4.0
2022-03-03,icecream_topping,202.0,193.0,0.0,9.0
2022-03-03,to_go_bag,8390.0,8278.0,0.0,112.0
2022-03-03,napkins,20950.0,20390.0,0.0,560.0
2022-03-03,ketchup,10316.0,10298.0,0.0,18.0
2022-03-03,ranch,10338.0,10336.0,0.0,2.0
2022-03-03,buffalo_sauce,10318.0,10315.0,0.0,3.0
2022-03-03,bbq_sauce,10396.0,10395.0,0.0,1.0
2022-03-03,polyneasian,10334.0,10323.0,0.0,11.0
2022-03-03,chickfala,10282.0,10278.0,0.0,4.0
2022-03-03,silverware,3340.0,3334.0,0.0,6.0
2022-03-04,fried_batter,1000.2,877.4000000000001,0.0,122.8
2022-03-04,bun,707.0,671.0,0.0,36.0
2022-03-04,chicken_patty,504.0,427.5,0.0,76.5
2022-03-04,pickle_chips,2646.0,2538.0,0.0,108.0
2022-03-04,lettuce,314.0,290.0,0.0,24.0
2022-03-04,tomato,314.0,290.0,0.0,24.0
2022-03-04,cheese,404.5,370.5,0.0,34.0
2022-03-04,spice,424.0,405.0,0.0,19.0
2022-03-04,chicken_nuggets,11111.0,10714.5,0.0,396.5
2022-03-04,chicken_strips,4172.0,4128.0,0.0,44.0
2022-03-04,flat_bread,136.5,131.5,0.0,5.0
2022-03-04,mixed_greens,783.0,725.5,0.0,57.5
2022-03-04,shredded_monterey_jack,620.0,606.0,0.0,14.0
2022-03-04,waffle_fries,7562.9600000000055,7403.480000000005,0.0,159.48000000000002
2022-03-04,roasted_corn_kernels,170.0,168.0,0.0,2.0
2022-03-04,crumbled_bacon,170.0,168.0,0.0,2.0
2022-03-04,avacado_lime_dressing,520.0,518.0,0.0,2.0
2022-03-04,red_bell_pepers,345.0,343.0,0.0,2.0
2022-03-04,grape tomatoes,1725.0,1715.0,0.0,10.0
2022-03-04,hard_boiled_egg,82.5,80.5,0.0,2.0
2022-03-04,blue_cheese,676.0,623.0,0.0,53.0
2022-03-04,apples,676.0,623.0,0.0,53.0
2022-03-04,strawberries,676.0,623.0,0.0,53.0
2022-03-04,blueberries,676.0,623.0,0.0,53.0
2022-03-04,harvest_nut_granola,676.0,623.0,0.0,53.0
2022-03-04,zesty_apple_vinagrette,676.0,623.0,0.0,53.0
2022-03-04,chicken_tenders,6740.0,6718.0,0.0,22.0
2022-03-04,biscuit,739.0,705.0,0.0,34.0
2022-03-04,chicken_mini_bread,694.0,649.0,0.0,45.0
2022-03-04,butter,471.5,470.0,0.0,1.5
2022-03-04,bacon,323.0,319.0,0.0,4.0
2022-03-04,tortilla,226.0,219.0,0.0,7.0
2022-03-04,eggs,386.0,357.0,0.0,29.0
2022-03-04,sausage,337.0,324.0,0.0,13.0
2022-03-04,bagel,379.0,353.0,0.0,26.0
2022-03-04,oatmeal,271.0,257.0,0.0,14.0
2022-03-04,fruit,556.0,519.5,0.0,36.5
2022-03-04,cream_cheese,341.0,335.0,0.0,6.0
2022-03-04,hash_brown,536.0,525.0,0.0,11.0
2022-03-04,yogurt_parfait,387.0,387.0,0.0,0.0
2022-03-04,cinamon_cluster,343.0,336.0,0.0,7.0
2022-03-04,lemonade,2311.6000000000004,2277.1000000000004,0.0,34.5
2022-03-04,straw,5688.0,5424.0,0.0,264.0
2022-03-04,small_drink_cup,2768.0,2730.0,0.0,38.0
2022-03-04,medium_drink_cup,7230.0,7044.0,0.0,186.0
2022-03-04,large_drink_cup,2690.0,2650.0,0.0,40.0
2022-03-04,lemonade_diet,1271.9999999999995,1255.7999999999995,0.0,16.200000000000003
2022-03-04,ice_tea_unsweet,2899.7999999999993,2873.6999999999994,0.0,26.1
2022-03-04,ice_tea_sweet,2232.0,2157.9,0.0,74.1
2022-03-04,soft_drink,7561.000000000004,7396.300000000004,0.0,164.70000000000002
2022-03-04,dasani_water_bottle,365.0,362.0,0.0,3.0
2022-03-04,orange_juice_bottle,411.0,404.0,0.0,7.0
2022-03-04,apple_juice,439.0,431.0,0.0,8.0
2022-03-04,ice_coffee,711.5,684.5,0.0,27.0
2022-03-04,coffee,597.5,571.75,0.0,25.75
2022-03-04,Coffee_box,387.0,384.0,0.0,3.0
2022-03-04,milk_chocolate,210.0,201.0,0.0,9.0
2022-03-04,milk,254.0,223.0,0.0,31.0
2022-03-04,icecream,204.0,142.0,0.0,62.0
2022-03-04,vanilla_flavor,160.0,157.0,0.0,3.0
2022-03-04,cream_flavor,186.0,181.0,0.0,5.0
2022-03-04,chunk_cookie,578.0,542.5,0.0,35.5
2022-03-04,chocolate_flavor,206.0,197.0,0.0,9.0
2022-03-04,strawberry_flavor,214.0,205.0,0.0,9.0
2022-03-04,frosted_extract,158.0,151.0,0.0,7.0
2022-03-04,icecream_cone,182.0,179.0,0.0,3.0
2022-03-04,icecream_come,240.0,233.0,0.0,7.0
2022-03-04,icecream_topping,184.0,182.0,0.0,2.0
2022-03-04,to_go_bag,8166.0,8047.0,0.0,119.0
2022-03-04,napkins,19830.0,19235.0,0.0,595.0
2022-03-04,ketchup,10280.0,10269.0,0.0,11.0
2022-03-04,ranch,10334.0,10332.0,0.0,2.0
2022-03-04,buffalo_sauce,10312.0,10304.0,0.0,8.0
2022-03-04,bbq_sauce,10394.0,10388.0,0.0,6.0
2022-03-04,polyneasian,10312.0,10299.0,0.0,13.0
2022-03-04,chickfala,10274.0,10261.0,0.0,13.0
2022-03-04,silverware,3328.0,3318.0,0.0,10.0
2022-03-05,fried_batter,754.6000000000001,627.0000000000001,0.0,127.6
2022-03-05,bun,635.0,605.0,0.0,30.0
2022-03-05,chicken_patty,351.0,280.5,0.0,70.5
2022-03-05,pickle_chips,2430.0,2340.0,0.0,90.0
2022-03-05,lettuce,266.0,234.0,0.0,32.0
2022-03-05,tomato,266.0,234.0,0.0,32.0
2022-03-05,cheese,336.5,295.5,0.0,41.0
2022-03-05,spice,386.0,369.0,0.0,17.0
2022-03-05,chicken_nuggets,10318.0,9714.0,0.0,604.0
2022-03-05,chicken_strips,4084.0,4026.0,0.0,58.0
2022-03-05,flat_bread,126.5,118.5,0.0,8.0
2022-03-05,mixed_greens,668.0,606.0,0.0,62.0
2022-03-05,shredded_monterey_jack,592.0,568.0,0.0,24.0
2022-03-05,waffle_fries,7244.0000000000055,7102.440000000005,0.0,141.56
2022-03-05,roasted_corn_kernels,166.0,161.0,0.0,5.0
2022-03-05,crumbled_bacon,166.0,161.0,0.0,5.0
2022-03-05,avacado_lime_dressing,516.0,511.0,0.0,5.0
2022-03-05,red_bell_pepers,341.0,336.0,0.0,5.0
2022-03-05,grape tomatoes,1705.0,1680.0,0.0,25.0
2022-03-05,hard_boiled_egg,78.5,336.0,262.5,5.0
2022-03-05,blue_cheese,570.0,517.0,0.0,53.0
2022-03-05,apples,570.0,517.0,0.0,53.0
2022-03-05,strawberries,570.0,517.0,0.0,53.0
2022-03-05,blueberries,570.0,517.0,0.0,53.0
2022-03-05,harvest_nut_granola,570.0,517.0,0.0,53.0
2022-03-05,zesty_apple_vinagrette,570.0,517.0,0.0,53.0
2022-03-05,chicken_tenders,6696.0,6688.0,0.0,8.0
2022-03-05,biscuit,671.0,638.0,0.0,33.0
2022-03-05,chicken_mini_bread,604.0,583.0,0.0,21.0
2022-03-05,butter,468.5,465.75,0.0,2.75
2022-03-05,bacon,315.0,307.0,0.0,8.0
2022-03-05,tortilla,212.0,201.0,0.0,11.0
2022-03-05,eggs,328.0,292.0,0.0,36.0
2022-03-05,sausage,311.0,302.0,0.0,9.0
2022-03-05,bagel,327.0,306.0,0.0,21.0
2022-03-05,oatmeal,243.0,228.0,0.0,15.0
2022-03-05,fruit,483.0,452.0,0.0,31.0
2022-03-05,cream_cheese,329.0,325.0,0.0,4.0
2022-03-05,hash_brown,514.0,509.0,0.0,5.0
2022-03-05,yogurt_parfait,387.0,386.0,0.0,1.0
2022-03-05,cinamon_cluster,329.0,325.0,0.0,4.0
2022-03-05,lemonade,2242.6000000000004,2184.5000000000005,0.0,58.1
2022-03-05,straw,5160.0,4924.0,0.0,236.0
2022-03-05,small_drink_cup,2692.0,2655.0,0.0,37.0
2022-03-05,medium_drink_cup,6858.0,6713.0,0.0,145.0
2022-03-05,large_drink_cup,2610.0,2556.0,0.0,54.0
2022-03-05,lemonade_diet,1239.5999999999995,1208.5999999999995,0.0,31.0
2022-03-05,ice_tea_unsweet,2847.5999999999995,2826.9999999999995,0.0,20.599999999999998
2022-03-05,ice_tea_sweet,2083.8,2035.5000000000002,0.0,48.300000000000004
2022-03-05,soft_drink,7231.600000000004,7090.900000000004,0.0,140.7
2022-03-05,dasani_water_bottle,359.0,352.0,0.0,7.0
2022-03-05,orange_juice_bottle,397.0,383.0,0.0,14.0
2022-03-05,apple_juice,423.0,412.0,0.0,11.0
2022-03-05,ice_coffee,657.5,652.5,0.0,5.0
2022-03-05,coffee,546.0,523.25,0.0,22.75
2022-03-05,Coffee_box,381.0,371.0,0.0,10.0
2022-03-05,milk_chocolate,192.0,188.0,0.0,4.0
2022-03-05,milk,192.0,155.0,0.0,37.0
2022-03-05,icecream,80.0,371.0,350.0,59.0
2022-03-05,vanilla_flavor,154.0,147.0,0.0,7.0
2022-03-05,cream_flavor,176.0,164.0,0.0,12.0
2022-03-05,chunk_cookie,507.0,453.0,0.0,54.0
2022-03-05,chocolate_flavor,188.0,185.0,0.0,3.0
2022-03-05,strawberry_flavor,196.0,190.0,0.0,6.0
2022-03-05,frosted_extract,144.0,141.0,0.0,3.0
2022-03-05,icecream_cone,176.0,176.0,0.0,0.0
2022-03-05,icecream_come,226.0,223.0,0.0,3.0
2022-03-05,icecream_topping,180.0,163.0,0.0,17.0
2022-03-05,to_go_bag,7928.0,7822.0,0.0,106.0
2022-03-05,napkins,18640.0,18110.0,0.0,530.0
2022-03-05,ketchup,10258.0,10246.0,0.0,12.0
2022-03-05,ranch,10330.0,10317.0,0.0,13.0
2022-03-05,buffalo_sauce,10296.0,10288.0,0.0,8.0
2022-03-05,bbq_sauce,10382.0,10382.0,0.0,0.0
2022-03-05,polyneasian,10286.0,10283.0,0.0,3.0
2022-03-05,chickfala,10248.0,10240.0,0.0,8.0
2022-03-05,silverware,3308.0,3301.0,0.0,7.0
2022-03-07,fried_batter,499.4000000000001,364.4000000000001,0.0,135.0
2022-03-07,bun,575.0,532.0,0.0,43.0
2022-03-07,chicken_patty,210.0,839.5,700.0,70.5
2022-03-07,pickle_chips,2250.0,2121.0,0.0,129.0
2022-03-07,lettuce,202.0,144.0,0.0,58.0
2022-03-07,tomato,202.0,144.0,0.0,58.0
2022-03-07,cheese,254.5,210.5,0.0,44.0
2022-03-07,spice,352.0,320.0,0.0,32.0
2022-03-07,chicken_nuggets,9110.0,8648.0,0.0,462.0
2022-03-07,chicken_strips,3968.0,3923.0,0.0,45.0
2022-03-07,flat_bread,110.5,106.5,0.0,4.0
2022-03-07,mixed_greens,544.0,468.0,0.0,76.0
2022-03-07,shredded_monterey_jack,544.0,520.0,0.0,24.0
2022-03-07,waffle_fries,6960.880000000005,6814.400000000005,0.0,146.48000000000002
2022-03-07,roasted_corn_kernels,156.0,141.0,0.0,15.0
2022-03-07,crumbled_bacon,156.0,141.0,0.0,15.0
2022-03-07,avacado_lime_dressing,506.0,491.0,0.0,15.0
2022-03-07,red_bell_pepers,331.0,316.0,0.0,15.0
2022-03-07,grape tomatoes,1655.0,1580.0,0.0,75.0
2022-03-07,hard_boiled_egg,593.5,578.5,0.0,15.0
2022-03-07,blue_cheese,464.0,405.0,0.0,59.0
2022-03-07,apples,464.0,405.0,0.0,59.0
2022-03-07,strawberries,464.0,405.0,0.0,59.0
2022-03-07,blueberries,464.0,405.0,0.0,59.0
2022-03-07,harvest_nut_granola,464.0,405.0,0.0,59.0
2022-03-07,zesty_apple_vinagrette,464.0,405.0,0.0,59.0
2022-03-07,chicken_tenders,6680.0,6642.0,0.0,38.0
2022-03-07,biscuit,605.0,556.0,0.0,49.0
2022-03-07,chicken_mini_bread,562.0,514.0,0.0,48.0
2022-03-07,butter,463.0,459.25,0.0,3.75
2022-03-07,bacon,299.0,293.0,0.0,6.0
2022-03-07,tortilla,190.0,185.0,0.0,5.0
2022-03-07,eggs,256.0,236.0,0.0,20.0
2022-03-07,sausage,293.0,288.0,0.0,5.0
2022-03-07,bagel,285.0,261.0,0.0,24.0
2022-03-07,oatmeal,213.0,202.0,0.0,11.0
2022-03-07,fruit,421.0,400.5,0.0,20.5
2022-03-07,cream_cheese,321.0,313.0,0.0,8.0
2022-03-07,hash_brown,504.0,494.0,0.0,10.0
2022-03-07,yogurt_parfait,385.0,370.0,0.0,15.0
2022-03-07,cinamon_cluster,321.0,305.0,0.0,16.0
2022-03-07,lemonade,2126.4000000000005,2062.9000000000005,0.0,63.50000000000001
2022-03-07,straw,4688.0,4461.0,0.0,227.0
2022-03-07,small_drink_cup,2618.0,2582.0,0.0,36.0
2022-03-07,medium_drink_cup,6568.0,6401.0,0.0,167.0
2022-03-07,large_drink_cup,2502.0,2478.0,0.0,24.0
2022-03-07,lemonade_diet,1177.5999999999995,1163.1999999999994,0.0,14.4
2022-03-07,ice_tea_unsweet,2806.3999999999996,2771.5999999999995,0.0,34.8
2022-03-07,ice_tea_sweet,1987.2000000000003,1958.5000000000002,0.0,28.700000000000003
2022-03-07,soft_drink,6950.200000000004,6789.000000000005,0.0,161.2
2022-03-07,dasani_water_bottle,345.0,334.0,0.0,11.0
2022-03-07,orange_juice_bottle,369.0,369.0,0.0,0.0
2022-03-07,apple_juice,401.0,390.0,0.0,11.0
2022-03-07,ice_coffee,647.5,629.5,0.0,18.0
2022-03-07,coffee,500.5,479.5,0.0,21.0
2022-03-07,Coffee_box,361.0,352.0,0.0,9.0
2022-03-07,milk_chocolate,184.0,184.0,0.0,0.0
2022-03-07,milk,118.0,428.0,350.0,40.0
2022-03-07,icecream,662.0,584.0,0.0,78.0
2022-03-07,vanilla_flavor,140.0,129.0,0.0,11.0
2022-03-07,cream_flavor,152.0,148.0,0.0,4.0
2022-03-07,chunk_cookie,399.0,354.0,0.0,45.0
2022-03-07,chocolate_flavor,182.0,171.0,0.0,11.0
2022-03-07,strawberry_flavor,184.0,174.0,0.0,10.0
2022-03-07,frosted_extract,138.0,130.0,0.0,8.0
2022-03-07,icecream_cone,176.0,170.0,0.0,6.0
2022-03-07,icecream_come,220.0,220.0,0.0,0.0
2022-03-07,icecream_topping,146.0,144.0,0.0,2.0
2022-03-07,to_go_bag,7716.0,7607.0,0.0,109.0
2022-03-07,napkins,17580.0,17035.0,0.0,545.0
2022-03-07,ketchup,10234.0,10229.0,0.0,5.0
2022-03-07,ranch,10304.0,10287.0,0.0,17.0
2022-03-07,buffalo_sauce,10280.0,10271.0,0.0,9.0
2022-03-07,bbq_sauce,10382.0,10371.0,0.0,11.0
2022-03-07,polyneasian,10280.0,10275.0,0.0,5.0
2022-03-07,chickfala,10232.0,10227.0,0.0,5.0
2022-03-07,silverware,3294.0,3286.0,0.0,8.0
2022-03-08,fried_batter,229.4000000000001,589.8000000000001,525.0,164.60000000000002
2022-03-08,bun,489.0,434.0,0.0,55.0
2022-03-08,chicken_patty,1469.0,1397.0,0.0,72.0
2022-03-08,pickle_chips,1992.0,1827.0,0.0,165.0
2022-03-08,lettuce,86.0,382.0,350.0,54.0
2022-03-08,tomato,86.0,382.0,350.0,54.0
2022-03-08,cheese,166.5,123.5,0.0,43.0
2022-03-08,spice,288.0,1315.0,1050.0,23.0
2022-03-08,chicken_nuggets,8186.0,7587.0,0.0,599.0
2022-03-08,chicken_strips,3878.0,3798.0,0.0,80.0
2022-03-08,flat_bread,102.5,96.5,0.0,6.0
2022-03-08,mixed_greens,392.0,335.0,0.0,57.0
2022-03-08,shredded_monterey_jack,496.0,470.0,0.0,26.0
2022-03-08,waffle_fries,6667.9200000000055,6506.940000000006,0.0,160.98
2022-03-08,roasted_corn_kernels,126.0,116.0,0.0,10.0
2022-03-08,crumbled_bacon,126.0,116.0,0.0,10.0
2022-03-08,avacado_lime_dressing,476.0,466.0,0.0,10.0
2022-03-08,red_bell_pepers,301.0,291.0,0.0,10.0
2022-03-08,grape tomatoes,1505.0,1455.0,0.0,50.0
2022-03-08,hard_boiled_egg,563.5,553.5,0.0,10.0
2022-03-08,blue_cheese,346.0,302.0,0.0,44.0
2022-03-08,apples,346.0,302.0,0.0,44.0
2022-03-08,strawberries,346.0,302.0,0.0,44.0
2022-03-08,blueberries,346.0,302.0,0.0,44.0
2022-03-08,harvest_nut_granola,346.0,302.0,0.0,44.0
2022-03-08,zesty_apple_vinagrette,346.0,302.0,0.0,44.0
2022-03-08,chicken_tenders,6604.0,6588.0,0.0,16.0
2022-03-08,biscuit,507.0,493.0,0.0,14.0
2022-03-08,chicken_mini_bread,466.0,2114.0,1750.0,102.0
2022-03-08,butter,455.5,454.75,0.0,0.75
2022-03-08,bacon,287.0,287.0,0.0,0.0
2022-03-08,tortilla,180.0,170.0,0.0,10.0
2022-03-08,eggs,216.0,190.0,0.0,26.0
2022-03-08,sausage,283.0,276.0,0.0,7.0
2022-03-08,bagel,237.0,222.0,0.0,15.0
2022-03-08,oatmeal,191.0,177.0,0.0,14.0
2022-03-08,fruit,380.0,358.5,0.0,21.5
2022-03-08,cream_cheese,305.0,301.0,0.0,4.0
2022-03-08,hash_brown,484.0,472.0,0.0,12.0
2022-03-08,yogurt_parfait,355.0,348.0,0.0,7.0
2022-03-08,cinamon_cluster,289.0,281.0,0.0,8.0
2022-03-08,lemonade,1999.4000000000005,1977.4000000000005,0.0,22.0
2022-03-08,straw,4234.0,4015.0,0.0,219.0
2022-03-08,small_drink_cup,2546.0,2519.0,0.0,27.0
2022-03-08,medium_drink_cup,6234.0,6069.0,0.0,165.0
2022-03-08,large_drink_cup,2454.0,2427.0,0.0,27.0
2022-03-08,lemonade_diet,1148.7999999999993,1123.0999999999992,0.0,25.699999999999996
2022-03-08,ice_tea_unsweet,2736.7999999999993,2721.0999999999995,0.0,15.7
2022-03-08,ice_tea_sweet,1929.8000000000002,1859.2000000000003,0.0,70.60000000000001
2022-03-08,soft_drink,6627.800000000005,6480.700000000004,0.0,147.10000000000002
2022-03-08,dasani_water_bottle,323.0,320.0,0.0,3.0
2022-03-08,orange_juice_bottle,369.0,357.0,0.0,12.0
2022-03-08,apple_juice,379.0,361.0,0.0,18.0
2022-03-08,ice_coffee,611.5,586.25,0.0,25.25
2022-03-08,coffee,458.5,443.0,0.0,15.5
2022-03-08,Coffee_box,343.0,342.0,0.0,1.0
2022-03-08,milk_chocolate,184.0,181.0,0.0,3.0
2022-03-08,milk,738.0,708.0,0.0,30.0
2022-03-08,icecream,506.0,439.0,0.0,67.0
2022-03-08,vanilla_flavor,118.0,110.0,0.0,8.0
2022-03-08,cream_flavor,144.0,137.0,0.0,7.0
2022-03-08,chunk_cookie,309.0,253.5,0.0,55.5
2022-03-08,chocolate_flavor,160.0,151.0,0.0,9.0
2022-03-08,strawberry_flavor,164.0,160.0,0.0,4.0
2022-03-08,frosted_extract,122.0,116.0,0.0,6.0
2022-03-08,icecream_cone,164.0,154.0,0.0,10.0
2022-03-08,icecream_come,220.0,219.0,0.0,1.0
2022-03-08,icecream_topping,142.0,141.0,0.0,1.0
2022-03-08,to_go_bag,7498.0,7386.0,0.0,112.0
2022-03-08,napkins,16490.0,15930.0,0.0,560.0
2022-03-08,ketchup,10224.0,10214.0,0.0,10.0
2022-03-08,ranch,10270.0,10267.0,0.0,3.0
2022-03-08,buffalo_sauce,10262.0,10259.0,0.0,3.0
2022-03-08,bbq_sauce,10360.0,10348.0,0.0,12.0
2022-03-08,polyneasian,10270.0,10262.0,0.0,8.0
2022-03-08,chickfala,10222.0,10217.0,0.0,5.0
2022-03-08,silverware,3278.0,3269.0,0.0,9.0
2022-03-09,fried_batter,950.2000000000002,793.0000000000002,0.0,157.2
2022-03-09,bun,379.0,328.0,0.0,51.0
2022-03-09,chicken_patty,1325.0,1226.5,0.0,98.5
2022-03-09,pickle_chips,1662.0,1509.0,0.0,153.0
2022-03-09,lettuce,678.0,608.0,0.0,70.0
2022-03-09,tomato,678.0,608.0,0.0,70.0
2022-03-09,cheese,80.5,287.0,262.5,56.0
2022-03-09,spice,2342.0,2290.0,0.0,52.0
2022-03-09,chicken_nuggets,6988.0,6478.5,0.0,509.5
2022-03-09,chicken_strips,3718.0,3661.0,0.0,57.0
2022-03-09,flat_bread,90.5,75.5,0.0,15.0
2022-03-09,mixed_greens,278.0,213.5,0.0,64.5
2022-03-09,shredded_monterey_jack,444.0,414.0,0.0,30.0
2022-03-09,waffle_fries,6345.960000000006,6168.160000000006,0.0,177.8
2022-03-09,roasted_corn_kernels,106.0,100.0,0.0,6.0
2022-03-09,crumbled_bacon,106.0,100.0,0.0,6.0
2022-03-09,avacado_lime_dressing,456.0,450.0,0.0,6.0
2022-03-09,red_bell_pepers,281.0,275.0,0.0,6.0
2022-03-09,grape tomatoes,1405.0,1375.0,0.0,30.0
2022-03-09,hard_boiled_egg,543.5,537.5,0.0,6.0
2022-03-09,blue_cheese,258.0,207.0,0.0,51.0
2022-03-09,apples,258.0,207.0,0.0,51.0
2022-03-09,strawberries,258.0,207.0,0.0,51.0
2022-03-09,blueberries,258.0,207.0,0.0,51.0
2022-03-09,harvest_nut_granola,258.0,207.0,0.0,51.0
2022-03-09,zesty_apple_vinagrette,258.0,207.0,0.0,51.0
2022-03-09,chicken_tenders,6572.0,6562.0,0.0,10.0
2022-03-09,biscuit,479.0,430.0,0.0,49.0
2022-03-09,chicken_mini_bread,3762.0,3723.0,0.0,39.0
2022-03-09,butter,454.0,452.75,0.0,1.25
2022-03-09,bacon,287.0,273.0,0.0,14.0
2022-03-09,tortilla,160.0,151.0,0.0,9.0
2022-03-09,eggs,164.0,134.0,0.0,30.0
2022-03-09,sausage,269.0,262.0,0.0,7.0
2022-03-09,bagel,207.0,189.0,0.0,18.0
2022-03-09,oatmeal,163.0,145.0,0.0,18.0
2022-03-09,fruit,337.0,317.0,0.0,20.0
2022-03-09,cream_cheese,297.0,291.0,0.0,6.0
2022-03-09,hash_brown,460.0,451.0,0.0,9.0
2022-03-09,yogurt_parfait,341.0,338.0,0.0,3.0
2022-03-09,cinamon_cluster,273.0,271.0,0.0,2.0
2022-03-09,lemonade,1955.4000000000005,1912.2000000000005,0.0,43.2
2022-03-09,straw,3796.0,3549.0,0.0,247.0
2022-03-09,small_drink_cup,2492.0,2469.0,0.0,23.0
2022-03-09,medium_drink_cup,5904.0,5711.0,0.0,193.0
2022-03-09,large_drink_cup,2400.0,2369.0,0.0,31.0
2022-03-09,lemonade_diet,1097.3999999999992,1089.3999999999992,0.0,8.0
2022-03-09,ice_tea_unsweet,2705.3999999999996,2677.3999999999996,0.0,28.0
2022-03-09,ice_tea_sweet,1788.6000000000004,1716.9000000000003,0.0,71.7
2022-03-09,soft_drink,6333.600000000004,6150.200000000004,0.0,183.4
2022-03-09,dasani_water_bottle,317.0,315.0,0.0,2.0
2022-03-09,orange_juice_bottle,345.0,337.0,0.0,8.0
2022-03-09,apple_juice,343.0,342.0,0.0,1.0
2022-03-09,ice_coffee,561.0,544.0,0.0,17.0
2022-03-09,coffee,427.5,400.75,0.0,26.75
2022-03-09,Coffee_box,341.0,340.0,0.0,1.0
2022-03-09,milk_chocolate,178.0,165.0,0.0,13.0
2022-03-09,milk,678.0,633.0,0.0,45.0
2022-03-09,icecream,372.0,292.0,0.0,80.0
2022-03-09,vanilla_flavor,102.0,437.0,350.0,15.0
2022-03-09,cream_flavor,130.0,123.0,0.0,7.0
2022-03-09,chunk_cookie,198.0,161.5,0.0,36.5
2022-03-09,chocolate_flavor,142.0,131.0,0.0,11.0
2022-03-09,strawberry_flavor,156.0,153.0,0.0,3.0
2022-03-09,frosted_extract,110.0,108.0,0.0,2.0
2022-03-09,icecream_cone,144.0,136.0,0.0,8.0
2022-03-09,icecream_come,218.0,218.0,0.0,0.0
2022-03-09,icecream_topping,140.0,130.0,0.0,10.0
2022-03-09,to_go_bag,7274.0,7156.0,0.0,118.0
2022-03-09,napkins,15370.0,14780.0,0.0,590.0
2022-03-09,ketchup,10204.0,10196.0,0.0,8.0
2022-03-09,ranch,10264.0,10258.0,0.0,6.0
2022-03-09,buffalo_sauce,10256.0,10255.0,0.0,1.0
2022-03-09,bbq_sauce,10336.0,10330.0,0.0,6.0
2022-03-09,polyneasian,10254.0,10250.0,0.0,4.0
2022-03-09,chickfala,10212.0,10206.0,0.0,6.0
2022-03-09,silverware,3260.0,3257.0,0.0,3.0
2022-03-10,fried_batter,635.8000000000002,551.6000000000001,0.0,84.2
2022-03-10,bun,277.0,235.0,0.0,42.0
2022-03-10,chicken_patty,1128.0,1061.5,0.0,66.5
2022-03-10,pickle_chips,1356.0,1230.0,0.0,126.0
2022-03-10,lettuce,538.0,488.0,0.0,50.0
2022-03-10,tomato,538.0,488.0,0.0,50.0
2022-03-10,cheese,493.5,446.5,0.0,47.0
2022-03-10,spice,2238.0,2216.0,0.0,22.0
2022-03-10,chicken_nuggets,5969.0,5590.0,0.0,379.0
2022-03-10,chicken_strips,3604.0,3592.0,0.0,12.0
2022-03-10,flat_bread,60.5,313.0,262.5,10.0
2022-03-10,mixed_greens,149.0,782.0,700.0,67.0
2022-03-10,shredded_monterey_jack,384.0,364.0,0.0,20.0
2022-03-10,waffle_fries,5990.360000000006,5852.040000000006,0.0,138.32000000000002
2022-03-10,roasted_corn_kernels,94.0,434.0,350.0,10.0
2022-03-10,crumbled_bacon,94.0,434.0,350.0,10.0
2022-03-10,avacado_lime_dressing,444.0,434.0,0.0,10.0
2022-03-10,red_bell_pepers,269.0,259.0,0.0,10.0
2022-03-10,grape tomatoes,1345.0,1295.0,0.0,50.0
2022-03-10,hard_boiled_egg,531.5,521.5,0.0,10.0
2022-03-10,blue_cheese,156.0,104.0,0.0,52.0
2022-03-10,apples,156.0,104.0,0.0,52.0
2022-03-10,strawberries,156.0,104.0,0.0,52.0
2022-03-10,blueberries,156.0,104.0,0.0,52.0
2022-03-10,harvest_nut_granola,156.0,104.0,0.0,52.0
2022-03-10,zesty_apple_vinagrette,156.0,104.0,0.0,52.0
2022-03-10,chicken_tenders,6552.0,6542.0,0.0,10.0
2022-03-10,biscuit,381.0,338.0,0.0,43.0
2022-03-10,chicken_mini_bread,3684.0,3645.0,0.0,39.0
2022-03-10,butter,451.5,449.0,0.0,2.5
2022-03-10,bacon,259.0,241.0,0.0,18.0
2022-03-10,tortilla,142.0,142.0,0.0,0.0
2022-03-10,eggs,104.0,432.0,350.0,22.0
2022-03-10,sausage,255.0,251.0,0.0,4.0
2022-03-10,bagel,171.0,152.0,0.0,19.0
2022-03-10,oatmeal,127.0,120.0,0.0,7.0
2022-03-10,fruit,297.0,267.0,0.0,30.0
2022-03-10,cream_cheese,285.0,279.0,0.0,6.0
2022-03-10,hash_brown,442.0,438.0,0.0,4.0
2022-03-10,yogurt_parfait,335.0,335.0,0.0,0.0
2022-03-10,cinamon_cluster,269.0,269.0,0.0,0.0
2022-03-10,lemonade,1869.0000000000005,1786.8000000000004,0.0,82.19999999999999
2022-03-10,straw,3302.0,3070.0,0.0,232.0
2022-03-10,small_drink_cup,2446.0,2419.0,0.0,27.0
2022-03-10,medium_drink_cup,5518.0,5355.0,0.0,163.0
2022-03-10,large_drink_cup,2338.0,2296.0,0.0,42.0
2022-03-10,lemonade_diet,1081.3999999999992,1070.3999999999992,0.0,11.000000000000002
2022-03-10,ice_tea_unsweet,2649.3999999999996,2634.2,0.0,15.2
2022-03-10,ice_tea_sweet,1645.2000000000003,1567.1000000000004,0.0,78.10000000000001
2022-03-10,soft_drink,5966.800000000005,5820.800000000005,0.0,146.00000000000003
2022-03-10,dasani_water_bottle,313.0,306.0,0.0,7.0
2022-03-10,orange_juice_bottle,329.0,310.0,0.0,19.0
2022-03-10,apple_juice,341.0,340.0,0.0,1.0
2022-03-10,ice_coffee,527.0,516.75,0.0,10.25
2022-03-10,coffee,374.0,354.0,0.0,20.0
2022-03-10,Coffee_box,339.0,325.0,0.0,14.0
2022-03-10,milk_chocolate,152.0,152.0,0.0,0.0
2022-03-10,milk,588.0,563.0,0.0,25.0
2022-03-10,icecream,212.0,154.0,0.0,58.0
2022-03-10,vanilla_flavor,772.0,753.0,0.0,19.0
2022-03-10,cream_flavor,116.0,115.0,0.0,1.0
2022-03-10,chunk_cookie,125.0,449.5,350.0,25.5
2022-03-10,chocolate_flavor,120.0,116.0,0.0,4.0
2022-03-10,strawberry_flavor,150.0,149.0,0.0,1.0
2022-03-10,frosted_extract,106.0,443.0,350.0,13.0
2022-03-10,icecream_cone,128.0,122.0,0.0,6.0
2022-03-10,icecream_come,218.0,216.0,0.0,2.0
2022-03-10,icecream_topping,120.0,117.0,0.0,3.0
2022-03-10,to_go_bag,7038.0,6935.0,0.0,103.0
2022-03-10,napkins,14190.0,13675.0,0.0,515.0
2022-03-10,ketchup,10188.0,10188.0,0.0,0.0
2022-03-10,ranch,10252.0,10238.0,0.0,14.0
2022-03-10,buffalo_sauce,10254.0,10245.0,0.0,9.0
2022-03-10,bbq_sauce,10324.0,10319.0,0.0,5.0
2022-03-10,polyneasian,10246.0,10238.0,0.0,8.0
2022-03-10,chickfala,10200.0,10196.0,0.0,4.0
2022-03-10,silverware,3254.0,3252.0,0.0,2.0
2022-03-11,fried_batter,467.40000000000015,310.20000000000016,0.0,157.20000000000002
2022-03-11,bun,193.0,150.0,0.0,43.0
2022-03-11,chicken_patty,995.0,898.5,0.0,96.5
2022-03-11,pickle_chips,1104.0,975.0,0.0,129.0
2022-03-11,lettuce,438.0,394.0,0.0,44.0
2022-03-11,tomato,438.0,394.0,0.0,44.0
2022-03-11,cheese,399.5,346.5,0.0,53.0
2022-03-11,spice,2194.0,2176.0,0.0,18.0
2022-03-11,chicken_nuggets,5211.0,4785.0,0.0,426.0
2022-03-11,chicken_strips,3580.0,3514.0,0.0,66.0
2022-03-11,flat_bread,565.5,557.5,0.0,8.0
2022-03-11,mixed_greens,1415.0,1328.0,0.0,87.0
2022-03-11,shredded_monterey_jack,344.0,327.0,0.0,17.0
2022-03-11,waffle_fries,5713.720000000007,5564.520000000007,0.0,149.2
2022-03-11,roasted_corn_kernels,774.0,769.0,0.0,5.0
2022-03-11,crumbled_bacon,774.0,769.0,0.0,5.0
2022-03-11,avacado_lime_dressing,424.0,419.0,0.0,5.0
2022-03-11,red_bell_pepers,249.0,244.0,0.0,5.0
2022-03-11,grape tomatoes,1245.0,1220.0,0.0,25.0
2022-03-11,hard_boiled_egg,511.5,506.5,0.0,5.0
2022-03-11,blue_cheese,52.0,324.0,350.0,78.0
2022-03-11,apples,52.0,324.0,350.0,78.0
2022-03-11,strawberries,52.0,324.0,350.0,78.0
2022-03-11,blueberries,52.0,324.0,350.0,78.0
2022-03-11,harvest_nut_granola,52.0,324.0,350.0,78.0
2022-03-11,zesty_apple_vinagrette,52.0,324.0,350.0,78.0
2022-03-11,chicken_tenders,6532.0,6520.0,0.0,12.0
2022-03-11,biscuit,295.0,247.0,0.0,48.0
2022-03-11,chicken_mini_bread,3606.0,3522.0,0.0,84.0
2022-03-11,butter,446.5,445.5,0.0,1.0
2022-03-11,bacon,223.0,210.0,0.0,13.0
2022-03-11,tortilla,142.0,138.0,0.0,4.0
2022-03-11,eggs,760.0,725.0,0.0,35.0
2022-03-11,sausage,247.0,235.0,0.0,12.0
2022-03-11,bagel,133.0,121.0,0.0,12.0
2022-03-11,oatmeal,113.0,90.0,0.0,23.0
2022-03-11,fruit,237.0,213.0,0.0,24.0
2022-03-11,cream_cheese,273.0,267.0,0.0,6.0
2022-03-11,hash_brown,434.0,429.0,0.0,5.0
2022-03-11,yogurt_parfait,335.0,321.0,0.0,14.0
2022-03-11,cinamon_cluster,269.0,257.0,0.0,12.0
2022-03-11,lemonade,1704.6000000000004,1646.5000000000005,0.0,58.10000000000001
2022-03-11,straw,2838.0,13075.0,10500.0,263.0
2022-03-11,small_drink_cup,2392.0,2340.0,0.0,52.0
2022-03-11,medium_drink_cup,5192.0,5024.0,0.0,168.0
2022-03-11,large_drink_cup,2254.0,2211.0,0.0,43.0
2022-03-11,lemonade_diet,1059.3999999999992,1017.9999999999992,0.0,41.4
2022-03-11,ice_tea_unsweet,2619.0,2589.6,0.0,29.399999999999995
2022-03-11,ice_tea_sweet,1489.0000000000005,1437.1000000000004,0.0,51.9
2022-03-11,soft_drink,5674.800000000005,5531.400000000005,0.0,143.4
2022-03-11,dasani_water_bottle,299.0,293.0,0.0,6.0
2022-03-11,orange_juice_bottle,291.0,284.0,0.0,7.0
2022-03-11,apple_juice,339.0,339.0,0.0,0.0
2022-03-11,ice_coffee,506.5,501.5,0.0,5.0
2022-03-11,coffee,334.0,320.5,0.0,13.5
2022-03-11,Coffee_box,311.0,308.0,0.0,3.0
2022-03-11,milk_chocolate,152.0,144.0,0.0,8.0
2022-03-11,milk,538.0,512.0,0.0,26.0
2022-03-11,icecream,96.0,389.0,350.0,57.0
2022-03-11,vanilla_flavor,734.0,731.0,0.0,3.0
2022-03-11,cream_flavor,114.0,101.0,0.0,13.0
2022-03-11,chunk_cookie,774.0,697.5,0.0,76.5
2022-03-11,chocolate_flavor,112.0,109.0,0.0,3.0
2022-03-11,strawberry_flavor,148.0,145.0,0.0,3.0
2022-03-11,frosted_extract,780.0,777.0,0.0,3.0
2022-03-11,icecream_cone,116.0,109.0,0.0,7.0
2022-03-11,icecream_come,214.0,208.0,0.0,6.0
2022-03-11,icecream_topping,114.0,111.0,0.0,3.0
2022-03-11,to_go_bag,6832.0,6714.0,0.0,118.0
2022-03-11,napkins,13160.0,12570.0,0.0,590.0
2022-03-11,ketchup,10188.0,10173.0,0.0,15.0
2022-03-11,ranch,10224.0,10213.0,0.0,11.0
2022-03-11,buffalo_sauce,10236.0,10233.0,0.0,3.0
2022-03-11,bbq_sauce,10314.0,10311.0,0.0,3.0
2022-03-11,polyneasian,10230.0,10229.0,0.0,1.0
2022-03-11,chickfala,10192.0,10188.0,0.0,4.0
2022-03-11,silverware,3250.0,3243.0,0.0,7.0
2022-03-12,fried_batter,153.00000000000014,563.8000000000001,525.0,114.2
2022-03-12,bun,107.0,603.0,525.0,29.0
2022-03-12,chicken_patty,802.0,737.5,0.0,64.5
2022-03-12,pickle_chips,846.0,759.0,0.0,87.0
2022-03-12,lettuce,350.0,310.0,0.0,40.0
2022-03-12,tomato,350.0,310.0,0.0,40.0
2022-03-12,cheese,293.5,255.5,0.0,38.0
2022-03-12,spice,2158.0,2133.0,0.0,25.0
2022-03-12,chicken_nuggets,4359.0,3786.0,0.0,573.0
2022-03-12,chicken_strips,3448.0,3402.0,0.0,46.0
2022-03-12,flat_bread,549.5,549.5,0.0,0.0
2022-03-12,mixed_greens,1241.0,1184.0,0.0,57.0
2022-03-12,shredded_monterey_jack,310.0,1349.0,1050.0,11.0
2022-03-12,waffle_fries,5415.320000000007,5304.660000000007,0.0,110.66
2022-03-12,roasted_corn_kernels,764.0,759.0,0.0,5.0
2022-03-12,crumbled_bacon,764.0,759.0,0.0,5.0
2022-03-12,avacado_lime_dressing,414.0,409.0,0.0,5.0
2022-03-12,red_bell_pepers,239.0,234.0,0.0,5.0
2022-03-12,grape tomatoes,1195.0,1170.0,0.0,25.0
2022-03-12,hard_boiled_egg,501.5,496.5,0.0,5.0
2022-03-12,blue_cheese,596.0,544.0,0.0,52.0
2022-03-12,apples,596.0,544.0,0.0,52.0
2022-03-12,strawberries,596.0,544.0,0.0,52.0
2022-03-12,blueberries,596.0,544.0,0.0,52.0
2022-03-12,harvest_nut_granola,596.0,544.0,0.0,52.0
2022-03-12,zesty_apple_vinagrette,596.0,544.0,0.0,52.0
2022-03-12,chicken_tenders,6508.0,6492.0,0.0,16.0
2022-03-12,biscuit,199.0,171.0,0.0,28.0
2022-03-12,chicken_mini_bread,3438.0,3411.0,0.0,27.0
2022-03-12,butter,444.5,443.5,0.0,1.0
2022-03-12,bacon,197.0,194.0,0.0,3.0
2022-03-12,tortilla,134.0,128.0,0.0,6.0
2022-03-12,eggs,690.0,666.0,0.0,24.0
2022-03-12,sausage,223.0,215.0,0.0,8.0
2022-03-12,bagel,109.0,97.0,0.0,12.0
2022-03-12,oatmeal,67.0,58.0,0.0,9.0
2022-03-12,fruit,189.0,158.5,0.0,30.5
2022-03-12,cream_cheese,261.0,260.0,0.0,1.0
2022-03-12,hash_brown,424.0,417.0,0.0,7.0
2022-03-12,yogurt_parfait,307.0,296.0,0.0,11.0
2022-03-12,cinamon_cluster,245.0,239.0,0.0,6.0
2022-03-12,lemonade,1588.4000000000005,1523.0000000000005,0.0,65.4
2022-03-12,straw,23312.0,23127.0,0.0,185.0
2022-03-12,small_drink_cup,2288.0,2255.0,0.0,33.0
2022-03-12,medium_drink_cup,4856.0,4732.0,0.0,124.0
2022-03-12,large_drink_cup,2168.0,2140.0,0.0,28.0
2022-03-12,lemonade_diet,976.5999999999992,960.3999999999992,0.0,16.200000000000003
2022-03-12,ice_tea_unsweet,2560.2,2553.2999999999997,0.0,6.9
2022-03-12,ice_tea_sweet,1385.2000000000003,1338.2000000000003,0.0,47.0
2022-03-12,soft_drink,5388.0000000000055,5270.0000000000055,0.0,118.00000000000001
2022-03-12,dasani_water_bottle,287.0,279.0,0.0,8.0
2022-03-12,orange_juice_bottle,277.0,262.0,0.0,15.0
2022-03-12,apple_juice,339.0,316.0,0.0,23.0
2022-03-12,ice_coffee,496.5,471.0,0.0,25.5
2022-03-12,coffee,307.0,1347.25,1050.0,9.75
2022-03-12,Coffee_box,305.0,302.0,0.0,3.0
2022-03-12,milk_chocolate,136.0,132.0,0.0,4.0
2022-03-12,milk,486.0,445.0,0.0,41.0
2022-03-12,icecream,682.0,611.0,0.0,71.0
2022-03-12,vanilla_flavor,728.0,714.0,0.0,14.0
2022-03-12,cream_flavor,88.0,432.0,350.0,6.0
2022-03-12,chunk_cookie,621.0,509.0,0.0,112.0
2022-03-12,chocolate_flavor,106.0,101.0,0.0,5.0
2022-03-12,strawberry_flavor,142.0,136.0,0.0,6.0
2022-03-12,frosted_extract,774.0,754.0,0.0,20.0
2022-03-12,icecream_cone,102.0,102.0,0.0,0.0
2022-03-12,icecream_come,202.0,193.0,0.0,9.0
2022-03-12,icecream_topping,108.0,101.0,0.0,7.0
2022-03-12,to_go_bag,6596.0,6490.0,0.0,106.0
2022-03-12,napkins,11980.0,11450.0,0.0,530.0
2022-03-12,ketchup,10158.0,10158.0,0.0,0.0
2022-03-12,ranch,10202.0,10198.0,0.0,4.0
2022-03-12,buffalo_sauce,10230.0,10224.0,0.0,6.0
2022-03-12,bbq_sauce,10308.0,10306.0,0.0,2.0
2022-03-12,polyneasian,10228.0,10227.0,0.0,1.0
2022-03-12,chickfala,10184.0,10178.0,0.0,6.0
2022-03-12,silverware,3236.0,3235.0,0.0,1.0
2022-03-14,fried_batter,974.6000000000001,819.6000000000001,0.0,155.0
2022-03-14,bun,1099.0,1054.0,0.0,45.0
2022-03-14,chicken_patty,673.0,592.5,0.0,80.5
2022-03-14,pickle_chips,672.0,537.0,0.0,135.0
2022-03-14,lettuce,270.0,252.0,0.0,18.0
2022-03-14,tomato,270.0,252.0,0.0,18.0
2022-03-14,cheese,217.5,185.5,0.0,32.0
2022-03-14,spice,2108.0,2082.0,0.0,26.0
2022-03-14,chicken_nuggets,3213.0,2846.5,0.0,366.5
2022-03-14,chicken_strips,3356.0,3312.0,0.0,44.0
2022-03-14,flat_bread,549.5,542.5,0.0,7.0
2022-03-14,mixed_greens,1127.0,1055.5,0.0,71.5
2022-03-14,shredded_monterey_jack,2388.0,2368.0,0.0,20.0
2022-03-14,waffle_fries,5194.000000000007,5052.620000000007,0.0,141.38
2022-03-14,roasted_corn_kernels,754.0,746.0,0.0,8.0
2022-03-14,crumbled_bacon,754.0,746.0,0.0,8.0
2022-03-14,avacado_lime_dressing,404.0,396.0,0.0,8.0
2022-03-14,red_bell_pepers,229.0,221.0,0.0,8.0
2022-03-14,grape tomatoes,1145.0,1105.0,0.0,40.0
2022-03-14,hard_boiled_egg,491.5,483.5,0.0,8.0
2022-03-14,blue_cheese,492.0,432.0,0.0,60.0
2022-03-14,apples,492.0,432.0,0.0,60.0
2022-03-14,strawberries,492.0,432.0,0.0,60.0
2022-03-14,blueberries,492.0,432.0,0.0,60.0
2022-03-14,harvest_nut_granola,492.0,432.0,0.0,60.0
2022-03-14,zesty_apple_vinagrette,492.0,432.0,0.0,60.0
2022-03-14,chicken_tenders,6476.0,6438.0,0.0,38.0
2022-03-14,biscuit,143.0,619.0,525.0,49.0
2022-03-14,chicken_mini_bread,3384.0,3327.0,0.0,57.0
2022-03-14,butter,442.5,440.5,0.0,2.0
2022-03-14,bacon,191.0,177.0,0.0,14.0
2022-03-14,tortilla,122.0,117.0,0.0,5.0
2022-03-14,eggs,642.0,614.0,0.0,28.0
2022-03-14,sausage,207.0,207.0,0.0,0.0
2022-03-14,bagel,85.0,51.0,0.0,34.0
2022-03-14,oatmeal,49.0,178.0,175.0,46.0
2022-03-14,fruit,128.0,439.0,350.0,39.0
2022-03-14,cream_cheese,259.0,251.0,0.0,8.0
2022-03-14,hash_brown,410.0,409.0,0.0,1.0
2022-03-14,yogurt_parfait,285.0,283.0,0.0,2.0
2022-03-14,cinamon_cluster,233.0,224.0,0.0,9.0
2022-03-14,lemonade,1457.6000000000004,1408.2000000000003,0.0,49.400000000000006
2022-03-14,straw,22942.0,22736.0,0.0,206.0
2022-03-14,small_drink_cup,2222.0,2186.0,0.0,36.0
2022-03-14,medium_drink_cup,4608.0,4463.0,0.0,145.0
2022-03-14,large_drink_cup,2112.0,2087.0,0.0,25.0
2022-03-14,lemonade_diet,944.1999999999991,920.9999999999991,0.0,23.200000000000003
2022-03-14,ice_tea_unsweet,2546.3999999999996,2535.7999999999997,0.0,10.6
2022-03-14,ice_tea_sweet,1291.2000000000003,1252.3000000000002,0.0,38.900000000000006
2022-03-14,soft_drink,5152.0000000000055,5019.100000000006,0.0,132.9
2022-03-14,dasani_water_bottle,271.0,271.0,0.0,0.0
2022-03-14,orange_juice_bottle,247.0,240.0,0.0,7.0
2022-03-14,apple_juice,293.0,290.0,0.0,3.0
2022-03-14,ice_coffee,445.5,422.75,0.0,22.75
2022-03-14,coffee,2387.5,2371.25,0.0,16.25
2022-03-14,Coffee_box,299.0,291.0,0.0,8.0
2022-03-14,milk_chocolate,128.0,128.0,0.0,0.0
2022-03-14,milk,404.0,358.0,0.0,46.0
2022-03-14,icecream,540.0,441.0,0.0,99.0
2022-03-14,vanilla_flavor,700.0,694.0,0.0,6.0
2022-03-14,cream_flavor,776.0,763.0,0.0,13.0
2022-03-14,chunk_cookie,397.0,344.5,0.0,52.5
2022-03-14,chocolate_flavor,96.0,431.0,350.0,15.0
2022-03-14,strawberry_flavor,130.0,122.0,0.0,8.0
2022-03-14,frosted_extract,734.0,734.0,0.0,0.0
2022-03-14,icecream_cone,102.0,442.0,350.0,10.0
2022-03-14,icecream_come,184.0,179.0,0.0,5.0
2022-03-14,icecream_topping,94.0,442.0,350.0,2.0
2022-03-14,to_go_bag,6384.0,6284.0,0.0,100.0
2022-03-14,napkins,10920.0,10420.0,0.0,500.0
2022-03-14,ketchup,10158.0,10139.0,0.0,19.0
2022-03-14,ranch,10194.0,10192.0,0.0,2.0
2022-03-14,buffalo_sauce,10218.0,10205.0,0.0,13.0
2022-03-14,bbq_sauce,10304.0,10304.0,0.0,0.0
2022-03-14,polyneasian,10226.0,10221.0,0.0,5.0
2022-03-14,chickfala,10172.0,10157.0,0.0,15.0
2022-03-14,silverware,3234.0,3229.0,0.0,5.0
2022-03-15,fried_batter,664.6000000000001,516.2000000000002,0.0,148.4
2022-03-15,bun,1009.0,958.0,0.0,51.0
2022-03-15,chicken_patty,512.0,418.0,0.0,94.0
2022-03-15,pickle_chips,402.0,1999.0,1750.0,153.0
2022-03-15,lettuce,234.0,198.0,0.0,36.0
2022-03-15,tomato,234.0,198.0,0.0,36.0
2022-03-15,cheese,153.5,112.5,0.0,41.0
2022-03-15,spice,2056.0,2014.0,0.0,42.0
2022-03-15,chicken_nuggets,2480.0,2126.5,0.0,353.5
2022-03-15,chicken_strips,3268.0,3161.0,0.0,107.0
2022-03-15,flat_bread,535.5,526.5,0.0,9.0
2022-03-15,mixed_greens,984.0,929.5,0.0,54.5
2022-03-15,shredded_monterey_jack,2348.0,2331.0,0.0,17.0
2022-03-15,waffle_fries,4911.240000000007,4767.540000000007,0.0,143.7
2022-03-15,roasted_corn_kernels,738.0,736.0,0.0,2.0
2022-03-15,crumbled_bacon,738.0,736.0,0.0,2.0
2022-03-15,avacado_lime_dressing,388.0,386.0,0.0,2.0
2022-03-15,red_bell_pepers,213.0,211.0,0.0,2.0
2022-03-15,grape tomatoes,1065.0,1055.0,0.0,10.0
2022-03-15,hard_boiled_egg,475.5,473.5,0.0,2.0
2022-03-15,blue_cheese,372.0,324.0,0.0,48.0
2022-03-15,apples,372.0,324.0,0.0,48.0
2022-03-15,strawberries,372.0,324.0,0.0,48.0
2022-03-15,blueberries,372.0,324.0,0.0,48.0
2022-03-15,harvest_nut_granola,372.0,324.0,0.0,48.0
2022-03-15,zesty_apple_vinagrette,372.0,324.0,0.0,48.0
2022-03-15,chicken_tenders,6400.0,6394.0,0.0,6.0
2022-03-15,biscuit,1095.0,1054.0,0.0,41.0
2022-03-15,chicken_mini_bread,3270.0,3240.0,0.0,30.0
2022-03-15,butter,438.5,434.5,0.0,4.0
2022-03-15,bacon,163.0,158.0,0.0,5.0
2022-03-15,tortilla,112.0,106.0,0.0,6.0
2022-03-15,eggs,586.0,557.0,0.0,29.0
2022-03-15,sausage,207.0,203.0,0.0,4.0
2022-03-15,bagel,17.0,169.0,175.0,23.0
2022-03-15,oatmeal,307.0,298.0,0.0,9.0
2022-03-15,fruit,750.0,737.0,0.0,13.0
2022-03-15,cream_cheese,243.0,239.0,0.0,4.0
2022-03-15,hash_brown,408.0,402.0,0.0,6.0
2022-03-15,yogurt_parfait,281.0,279.0,0.0,2.0
2022-03-15,cinamon_cluster,215.0,209.0,0.0,6.0
2022-03-15,lemonade,1358.8000000000002,1319.8000000000002,0.0,39.0
2022-03-15,straw,22530.0,22319.0,0.0,211.0
2022-03-15,small_drink_cup,2150.0,2129.0,0.0,21.0
2022-03-15,medium_drink_cup,4318.0,4157.0,0.0,161.0
2022-03-15,large_drink_cup,2062.0,2033.0,0.0,29.0
2022-03-15,lemonade_diet,897.799999999999,868.9999999999991,0.0,28.8
2022-03-15,ice_tea_unsweet,2525.2,2515.3999999999996,0.0,9.8
2022-03-15,ice_tea_sweet,1213.4,1138.6000000000001,0.0,74.80000000000001
2022-03-15,soft_drink,4886.200000000006,4750.500000000006,0.0,135.7
2022-03-15,dasani_water_bottle,271.0,267.0,0.0,4.0
2022-03-15,orange_juice_bottle,233.0,225.0,0.0,8.0
2022-03-15,apple_juice,287.0,281.0,0.0,6.0
2022-03-15,ice_coffee,400.0,375.0,0.0,25.0
2022-03-15,coffee,2355.0,2324.25,0.0,30.75
2022-03-15,Coffee_box,283.0,277.0,0.0,6.0
2022-03-15,milk_chocolate,128.0,121.0,0.0,7.0
2022-03-15,milk,312.0,265.0,0.0,47.0
2022-03-15,icecream,342.0,261.0,0.0,81.0
2022-03-15,vanilla_flavor,688.0,681.0,0.0,7.0
2022-03-15,cream_flavor,750.0,736.0,0.0,14.0
2022-03-15,chunk_cookie,292.0,212.0,0.0,80.0
2022-03-15,chocolate_flavor,766.0,755.0,0.0,11.0
2022-03-15,strawberry_flavor,114.0,108.0,0.0,6.0
2022-03-15,frosted_extract,734.0,732.0,0.0,2.0
2022-03-15,icecream_cone,782.0,778.0,0.0,4.0
2022-03-15,icecream_come,174.0,173.0,0.0,1.0
2022-03-15,icecream_topping,790.0,789.0,0.0,1.0
2022-03-15,to_go_bag,6184.0,6069.0,0.0,115.0
2022-03-15,napkins,9920.0,9345.0,0.0,575.0
2022-03-15,ketchup,10120.0,10114.0,0.0,6.0
2022-03-15,ranch,10190.0,10184.0,0.0,6.0
2022-03-15,buffalo_sauce,10192.0,10185.0,0.0,7.0
2022-03-15,bbq_sauce,10304.0,10298.0,0.0,6.0
2022-03-15,polyneasian,10216.0,10210.0,0.0,6.0
2022-03-15,chickfala,10142.0,10132.0,0.0,10.0
2022-03-15,silverware,3224.0,3217.0,0.0,7.0
2022-03-16,fried_batter,367.8000000000002,218.00000000000017,0.0,149.8
2022-03-16,bun,907.0,860.0,0.0,47.0
2022-03-16,chicken_patty,324.0,240.5,0.0,83.5
2022-03-16,pickle_chips,3596.0,3455.0,0.0,141.0
2022-03-16,lettuce,162.0,100.0,0.0,62.0
2022-03-16,tomato,162.0,100.0,0.0,62.0
2022-03-16,cheese,71.5,270.0,262.5,64.0
2022-03-16,spice,1972.0,1933.0,0.0,39.0
2022-03-16,chicken_nuggets,1773.0,8380.0,7000.0,393.0
2022-03-16,chicken_strips,3054.0,3009.0,0.0,45.0
2022-03-16,flat_bread,517.5,515.5,0.0,2.0
2022-03-16,mixed_greens,875.0,808.0,0.0,67.0
2022-03-16,shredded_monterey_jack,2314.0,2285.0,0.0,29.0
2022-03-16,waffle_fries,4623.840000000007,4454.820000000007,0.0,169.02000000000004
2022-03-16,roasted_corn_kernels,734.0,710.0,0.0,24.0
2022-03-16,crumbled_bacon,734.0,710.0,0.0,24.0
2022-03-16,avacado_lime_dressing,384.0,360.0,0.0,24.0
2022-03-16,red_bell_pepers,209.0,185.0,0.0,24.0
2022-03-16,grape tomatoes,1045.0,925.0,0.0,120.0
2022-03-16,hard_boiled_egg,471.5,447.5,0.0,24.0
2022-03-16,blue_cheese,276.0,234.0,0.0,42.0
2022-03-16,apples,276.0,234.0,0.0,42.0
2022-03-16,strawberries,276.0,234.0,0.0,42.0
2022-03-16,blueberries,276.0,234.0,0.0,42.0
2022-03-16,harvest_nut_granola,276.0,234.0,0.0,42.0
2022-03-16,zesty_apple_vinagrette,276.0,234.0,0.0,42.0
2022-03-16,chicken_tenders,6388.0,6366.0,0.0,22.0
2022-03-16,biscuit,1013.0,956.0,0.0,57.0
2022-03-16,chicken_mini_bread,3210.0,3147.0,0.0,63.0
2022-03-16,butter,430.5,428.75,0.0,1.75
2022-03-16,bacon,153.0,664.0,525.0,14.0
2022-03-16,tortilla,100.0,447.0,350.0,3.0
2022-03-16,eggs,528.0,492.0,0.0,36.0
2022-03-16,sausage,199.0,188.0,0.0,11.0
2022-03-16,bagel,321.0,300.0,0.0,21.0
2022-03-16,oatmeal,289.0,276.0,0.0,13.0
2022-03-16,fruit,724.0,680.0,0.0,44.0
2022-03-16,cream_cheese,235.0,229.0,0.0,6.0
2022-03-16,hash_brown,396.0,382.0,0.0,14.0
2022-03-16,yogurt_parfait,277.0,271.0,0.0,6.0
2022-03-16,cinamon_cluster,203.0,191.0,0.0,12.0
2022-03-16,lemonade,1280.8000000000002,1226.6000000000001,0.0,54.2
2022-03-16,straw,22108.0,21889.0,0.0,219.0
2022-03-16,small_drink_cup,2108.0,2073.0,0.0,35.0
2022-03-16,medium_drink_cup,3996.0,3844.0,0.0,152.0
2022-03-16,large_drink_cup,2004.0,1972.0,0.0,32.0
2022-03-16,lemonade_diet,840.1999999999991,824.8999999999992,0.0,15.3
2022-03-16,ice_tea_unsweet,2505.5999999999995,2484.3999999999996,0.0,21.2
2022-03-16,ice_tea_sweet,1063.8000000000002,4493.7,3500.0,70.10000000000001
2022-03-16,soft_drink,4614.800000000007,4482.900000000007,0.0,131.9
2022-03-16,dasani_water_bottle,263.0,260.0,0.0,3.0
2022-03-16,orange_juice_bottle,217.0,210.0,0.0,7.0
2022-03-16,apple_juice,275.0,263.0,0.0,12.0
2022-03-16,ice_coffee,350.0,331.5,0.0,18.5
2022-03-16,coffee,2293.5,2283.5,0.0,10.0
2022-03-16,Coffee_box,271.0,264.0,0.0,7.0
2022-03-16,milk_chocolate,114.0,444.0,350.0,20.0
2022-03-16,milk,218.0,174.0,0.0,44.0
2022-03-16,icecream,180.0,119.0,0.0,61.0
2022-03-16,vanilla_flavor,674.0,667.0,0.0,7.0
2022-03-16,cream_flavor,722.0,721.0,0.0,1.0
2022-03-16,chunk_cookie,132.0,422.5,350.0,59.5
2022-03-16,chocolate_flavor,744.0,736.0,0.0,8.0
2022-03-16,strawberry_flavor,102.0,443.0,350.0,9.0
2022-03-16,frosted_extract,730.0,729.0,0.0,1.0
2022-03-16,icecream_cone,774.0,771.0,0.0,3.0
2022-03-16,icecream_come,172.0,164.0,0.0,8.0
2022-03-16,icecream_topping,788.0,768.0,0.0,20.0
2022-03-16,to_go_bag,5954.0,5829.0,0.0,125.0
2022-03-16,napkins,8770.0,8145.0,0.0,625.0
2022-03-16,ketchup,10108.0,10099.0,0.0,9.0
2022-03-16,ranch,10178.0,10170.0,0.0,8.0
2022-03-16,buffalo_sauce,10178.0,10168.0,0.0,10.0
2022-03-16,bbq_sauce,10292.0,10282.0,0.0,10.0
2022-03-16,polyneasian,10204.0,10198.0,0.0,6.0
2022-03-16,chickfala,10122.0,10113.0,0.0,9.0
2022-03-16,silverware,3210.0,3207.0,0.0,3.0
2022-03-17,fried_batter,68.20000000000016,446.8000000000002,525.0,146.4
2022-03-17,bun,813.0,775.0,0.0,38.0
2022-03-17,chicken_patty,157.0,762.0,700.0,95.0
2022-03-17,pickle_chips,3314.0,3200.0,0.0,114.0
2022-03-17,lettuce,38.0,354.0,350.0,34.0
2022-03-17,tomato,38.0,354.0,350.0,34.0
2022-03-17,cheese,468.5,444.5,0.0,24.0
2022-03-17,spice,1894.0,1855.0,0.0,39.0
2022-03-17,chicken_nuggets,14987.0,14616.0,0.0,371.0
2022-03-17,chicken_strips,2964.0,2881.0,0.0,83.0
2022-03-17,flat_bread,513.5,503.5,0.0,10.0
2022-03-17,mixed_greens,741.0,661.0,0.0,80.0
2022-03-17,shredded_monterey_jack,2256.0,2232.0,0.0,24.0
2022-03-17,waffle_fries,4285.800000000007,4131.000000000006,0.0,154.8
2022-03-17,roasted_corn_kernels,686.0,673.0,0.0,13.0
2022-03-17,crumbled_bacon,686.0,673.0,0.0,13.0
2022-03-17,avacado_lime_dressing,336.0,323.0,0.0,13.0
2022-03-17,red_bell_pepers,161.0,673.0,525.0,13.0
2022-03-17,grape tomatoes,805.0,740.0,0.0,65.0
2022-03-17,hard_boiled_egg,423.5,410.5,0.0,13.0
2022-03-17,blue_cheese,192.0,130.0,0.0,62.0
2022-03-17,apples,192.0,130.0,0.0,62.0
2022-03-17,strawberries,192.0,130.0,0.0,62.0
2022-03-17,blueberries,192.0,130.0,0.0,62.0
2022-03-17,harvest_nut_granola,192.0,130.0,0.0,62.0
2022-03-17,zesty_apple_vinagrette,192.0,130.0,0.0,62.0
2022-03-17,chicken_tenders,6344.0,6338.0,0.0,6.0
2022-03-17,biscuit,899.0,866.0,0.0,33.0
2022-03-17,chicken_mini_bread,3084.0,3075.0,0.0,9.0
2022-03-17,butter,427.0,425.25,0.0,1.75
2022-03-17,bacon,1175.0,1175.0,0.0,0.0
2022-03-17,tortilla,794.0,793.0,0.0,1.0
2022-03-17,eggs,456.0,448.0,0.0,8.0
2022-03-17,sausage,177.0,175.0,0.0,2.0
2022-03-17,bagel,279.0,254.0,0.0,25.0
2022-03-17,oatmeal,263.0,250.0,0.0,13.0
2022-03-17,fruit,636.0,602.5,0.0,33.5
2022-03-17,cream_cheese,223.0,211.0,0.0,12.0
2022-03-17,hash_brown,368.0,358.0,0.0,10.0
2022-03-17,yogurt_parfait,265.0,263.0,0.0,2.0
2022-03-17,cinamon_cluster,179.0,174.0,0.0,5.0
2022-03-17,lemonade,1172.4,1112.0,0.0,60.39999999999999
2022-03-17,straw,21670.0,21401.0,0.0,269.0
2022-03-17,small_drink_cup,2038.0,1997.0,0.0,41.0
2022-03-17,medium_drink_cup,3692.0,3514.0,0.0,178.0
2022-03-17,large_drink_cup,1940.0,1890.0,0.0,50.0
2022-03-17,lemonade_diet,809.5999999999992,785.8999999999992,0.0,23.7
2022-03-17,ice_tea_unsweet,2463.2,2436.5,0.0,26.7
2022-03-17,ice_tea_sweet,7923.599999999999,7874.4,0.0,49.2
2022-03-17,soft_drink,4351.000000000007,4179.500000000007,0.0,171.5
2022-03-17,dasani_water_bottle,257.0,250.0,0.0,7.0
2022-03-17,orange_juice_bottle,203.0,198.0,0.0,5.0
2022-03-17,apple_juice,251.0,240.0,0.0,11.0
2022-03-17,ice_coffee,313.0,287.0,0.0,26.0
2022-03-17,coffee,2273.5,2254.5,0.0,19.0
2022-03-17,Coffee_box,257.0,238.0,0.0,19.0
2022-03-17,milk_chocolate,774.0,771.0,0.0,3.0
2022-03-17,milk,130.0,444.0,350.0,36.0
2022-03-17,icecream,58.0,351.0,350.0,57.0
2022-03-17,vanilla_flavor,660.0,660.0,0.0,0.0
2022-03-17,cream_flavor,720.0,712.0,0.0,8.0
2022-03-17,chunk_cookie,713.0,688.0,0.0,25.0
2022-03-17,chocolate_flavor,728.0,722.0,0.0,6.0
2022-03-17,strawberry_flavor,784.0,776.0,0.0,8.0
2022-03-17,frosted_extract,728.0,728.0,0.0,0.0
2022-03-17,icecream_cone,768.0,762.0,0.0,6.0
2022-03-17,icecream_come,156.0,149.0,0.0,7.0
2022-03-17,icecream_topping,748.0,747.0,0.0,1.0
2022-03-17,to_go_bag,5704.0,5594.0,0.0,110.0
2022-03-17,napkins,7520.0,6970.0,0.0,550.0
2022-03-17,ketchup,10090.0,10084.0,0.0,6.0
2022-03-17,ranch,10162.0,10159.0,0.0,3.0
2022-03-17,buffalo_sauce,10158.0,10153.0,0.0,5.0
2022-03-17,bbq_sauce,10272.0,10260.0,0.0,12.0
2022-03-17,polyneasian,10192.0,10180.0,0.0,12.0
2022-03-17,chickfala,10104.0,10098.0,0.0,6.0
2022-03-17,silverware,3204.0,3198.0,0.0,6.0
2022-03-18,fried_batter,825.4000000000002,694.0000000000002,0.0,131.4
2022-03-18,bun,737.0,692.0,0.0,45.0
2022-03-18,chicken_patty,1367.0,1279.5,0.0,87.5
2022-03-18,pickle_chips,3086.0,2951.0,0.0,135.0
2022-03-18,lettuce,670.0,624.0,0.0,46.0
2022-03-18,tomato,670.0,624.0,0.0,46.0
2022-03-18,cheese,420.5,384.5,0.0,36.0
2022-03-18,spice,1816.0,1777.0,0.0,39.0
2022-03-18,chicken_nuggets,14245.0,13897.0,0.0,348.0
2022-03-18,chicken_strips,2798.0,2731.0,0.0,67.0
2022-03-18,flat_bread,493.5,481.5,0.0,12.0
2022-03-18,mixed_greens,581.0,517.0,0.0,64.0
2022-03-18,shredded_monterey_jack,2208.0,2185.0,0.0,23.0
2022-03-18,waffle_fries,3976.200000000006,3832.5800000000063,0.0,143.62
2022-03-18,roasted_corn_kernels,660.0,659.0,0.0,1.0
2022-03-18,crumbled_bacon,660.0,659.0,0.0,1.0
2022-03-18,avacado_lime_dressing,310.0,309.0,0.0,1.0
2022-03-18,red_bell_pepers,1185.0,1184.0,0.0,1.0
2022-03-18,grape tomatoes,675.0,670.0,0.0,5.0
2022-03-18,hard_boiled_egg,397.5,396.5,0.0,1.0
2022-03-18,blue_cheese,68.0,361.0,350.0,57.0
2022-03-18,apples,68.0,361.0,350.0,57.0
2022-03-18,strawberries,68.0,361.0,350.0,57.0
2022-03-18,blueberries,68.0,361.0,350.0,57.0
2022-03-18,harvest_nut_granola,68.0,361.0,350.0,57.0
2022-03-18,zesty_apple_vinagrette,68.0,361.0,350.0,57.0
2022-03-18,chicken_tenders,6332.0,6332.0,0.0,0.0
2022-03-18,biscuit,833.0,789.0,0.0,44.0
2022-03-18,chicken_mini_bread,3066.0,3027.0,0.0,39.0
2022-03-18,butter,423.5,419.0,0.0,4.5
2022-03-18,bacon,1175.0,1170.0,0.0,5.0
2022-03-18,tortilla,792.0,782.0,0.0,10.0
2022-03-18,eggs,440.0,417.0,0.0,23.0
2022-03-18,sausage,173.0,165.0,0.0,8.0
2022-03-18,bagel,229.0,217.0,0.0,12.0
2022-03-18,oatmeal,237.0,216.0,0.0,21.0
2022-03-18,fruit,569.0,543.5,0.0,25.5
2022-03-18,cream_cheese,199.0,194.0,0.0,5.0
2022-03-18,hash_brown,348.0,342.0,0.0,6.0
2022-03-18,yogurt_parfait,261.0,257.0,0.0,4.0
2022-03-18,cinamon_cluster,169.0,166.0,0.0,3.0
2022-03-18,lemonade,1051.6,1007.9999999999999,0.0,43.599999999999994
2022-03-18,straw,21132.0,20908.0,0.0,224.0
2022-03-18,small_drink_cup,1956.0,1917.0,0.0,39.0
2022-03-18,medium_drink_cup,3336.0,3190.0,0.0,146.0
2022-03-18,large_drink_cup,1840.0,1801.0,0.0,39.0
2022-03-18,lemonade_diet,762.1999999999991,741.1999999999991,0.0,21.0
2022-03-18,ice_tea_unsweet,2409.8,2389.0,0.0,20.8
2022-03-18,ice_tea_sweet,7825.2,7801.4,0.0,23.799999999999997
2022-03-18,soft_drink,4008.0000000000073,3848.700000000007,0.0,159.3
2022-03-18,dasani_water_bottle,243.0,239.0,0.0,4.0
2022-03-18,orange_juice_bottle,193.0,192.0,0.0,1.0
2022-03-18,apple_juice,229.0,221.0,0.0,8.0
2022-03-18,ice_coffee,261.0,242.0,0.0,19.0
2022-03-18,coffee,2235.5,2210.25,0.0,25.25
2022-03-18,Coffee_box,219.0,203.0,0.0,16.0
2022-03-18,milk_chocolate,768.0,757.0,0.0,11.0
2022-03-18,milk,758.0,736.0,0.0,22.0
2022-03-18,icecream,644.0,604.0,0.0,40.0
2022-03-18,vanilla_flavor,660.0,656.0,0.0,4.0
2022-03-18,cream_flavor,704.0,704.0,0.0,0.0
2022-03-18,chunk_cookie,663.0,607.0,0.0,56.0
2022-03-18,chocolate_flavor,716.0,713.0,0.0,3.0
2022-03-18,strawberry_flavor,768.0,763.0,0.0,5.0
2022-03-18,frosted_extract,728.0,724.0,0.0,4.0
2022-03-18,icecream_cone,756.0,749.0,0.0,7.0
2022-03-18,icecream_come,142.0,133.0,0.0,9.0
2022-03-18,icecream_topping,746.0,741.0,0.0,5.0
2022-03-18,to_go_bag,5484.0,5379.0,0.0,105.0
2022-03-18,napkins,6420.0,5895.0,0.0,525.0
2022-03-18,ketchup,10078.0,10072.0,0.0,6.0
2022-03-18,ranch,10156.0,10145.0,0.0,11.0
2022-03-18,buffalo_sauce,10148.0,10144.0,0.0,4.0
2022-03-18,bbq_sauce,10248.0,10237.0,0.0,11.0
2022-03-18,polyneasian,10168.0,10161.0,0.0,7.0
2022-03-18,chickfala,10092.0,10087.0,0.0,5.0
2022-03-18,silverware,3192.0,3191.0,0.0,1.0
2022-03-19,fried_batter,562.6000000000003,427.2000000000003,0.0,135.4
2022-03-19,bun,647.0,593.0,0.0,54.0
2022-03-19,chicken_patty,1192.0,1115.5,0.0,76.5
2022-03-19,pickle_chips,2816.0,2654.0,0.0,162.0
2022-03-19,lettuce,578.0,510.0,0.0,68.0
2022-03-19,tomato,578.0,510.0,0.0,68.0
2022-03-19,cheese,348.5,303.5,0.0,45.0
2022-03-19,spice,1738.0,1705.0,0.0,33.0
2022-03-19,chicken_nuggets,13549.0,13094.5,0.0,454.5
2022-03-19,chicken_strips,2664.0,2630.0,0.0,34.0
2022-03-19,flat_bread,469.5,458.5,0.0,11.0
2022-03-19,mixed_greens,453.0,389.5,0.0,63.5
2022-03-19,shredded_monterey_jack,2162.0,2136.0,0.0,26.0
2022-03-19,waffle_fries,3688.9600000000064,3539.5600000000063,0.0,149.4
2022-03-19,roasted_corn_kernels,658.0,655.0,0.0,3.0
2022-03-19,crumbled_bacon,658.0,655.0,0.0,3.0
2022-03-19,avacado_lime_dressing,308.0,305.0,0.0,3.0
2022-03-19,red_bell_pepers,1183.0,1180.0,0.0,3.0
2022-03-19,grape tomatoes,665.0,650.0,0.0,15.0
2022-03-19,hard_boiled_egg,395.5,392.5,0.0,3.0
2022-03-19,blue_cheese,654.0,599.0,0.0,55.0
2022-03-19,apples,654.0,599.0,0.0,55.0
2022-03-19,strawberries,654.0,599.0,0.0,55.0
2022-03-19,blueberries,654.0,599.0,0.0,55.0
2022-03-19,harvest_nut_granola,654.0,599.0,0.0,55.0
2022-03-19,zesty_apple_vinagrette,654.0,599.0,0.0,55.0
2022-03-19,chicken_tenders,6332.0,6320.0,0.0,12.0
2022-03-19,biscuit,745.0,728.0,0.0,17.0
2022-03-19,chicken_mini_bread,2988.0,2931.0,0.0,57.0
2022-03-19,butter,414.5,414.25,0.0,0.25
2022-03-19,bacon,1165.0,1159.0,0.0,6.0
2022-03-19,tortilla,772.0,760.0,0.0,12.0
2022-03-19,eggs,394.0,371.0,0.0,23.0
2022-03-19,sausage,157.0,154.0,0.0,3.0
2022-03-19,bagel,205.0,189.0,0.0,16.0
2022-03-19,oatmeal,195.0,172.0,0.0,23.0
2022-03-19,fruit,518.0,470.5,0.0,47.5
2022-03-19,cream_cheese,189.0,187.0,0.0,2.0
2022-03-19,hash_brown,336.0,329.0,0.0,7.0
2022-03-19,yogurt_parfait,253.0,246.0,0.0,7.0
2022-03-19,cinamon_cluster,163.0,156.0,0.0,7.0
2022-03-19,lemonade,964.3999999999999,4419.099999999999,3500.0,45.30000000000001
2022-03-19,straw,20684.0,20495.0,0.0,189.0
2022-03-19,small_drink_cup,1878.0,1859.0,0.0,19.0
2022-03-19,medium_drink_cup,3044.0,2896.0,0.0,148.0
2022-03-19,large_drink_cup,1762.0,1740.0,0.0,22.0
2022-03-19,lemonade_diet,720.1999999999991,706.4999999999991,0.0,13.700000000000001
2022-03-19,ice_tea_unsweet,2368.2,2355.7999999999997,0.0,12.4
2022-03-19,ice_tea_sweet,7777.599999999999,7746.499999999999,0.0,31.1
2022-03-19,soft_drink,3689.400000000007,3546.6000000000067,0.0,142.8
2022-03-19,dasani_water_bottle,235.0,232.0,0.0,3.0
2022-03-19,orange_juice_bottle,191.0,191.0,0.0,0.0
2022-03-19,apple_juice,213.0,209.0,0.0,4.0
2022-03-19,ice_coffee,223.0,215.25,0.0,7.75
2022-03-19,coffee,2185.0,2171.25,0.0,13.75
2022-03-19,Coffee_box,187.0,180.0,0.0,7.0
2022-03-19,milk_chocolate,746.0,744.0,0.0,2.0
2022-03-19,milk,714.0,677.0,0.0,37.0
2022-03-19,icecream,564.0,499.0,0.0,65.0
2022-03-19,vanilla_flavor,652.0,643.0,0.0,9.0
2022-03-19,cream_flavor,704.0,695.0,0.0,9.0
2022-03-19,chunk_cookie,551.0,460.5,0.0,90.5
2022-03-19,chocolate_flavor,710.0,706.0,0.0,4.0
2022-03-19,strawberry_flavor,758.0,752.0,0.0,6.0
2022-03-19,frosted_extract,720.0,716.0,0.0,4.0
2022-03-19,icecream_cone,742.0,739.0,0.0,3.0
2022-03-19,icecream_come,124.0,118.0,0.0,6.0
2022-03-19,icecream_topping,736.0,733.0,0.0,3.0
2022-03-19,to_go_bag,5274.0,5173.0,0.0,101.0
2022-03-19,napkins,5370.0,4865.0,0.0,505.0
2022-03-19,ketchup,10066.0,10055.0,0.0,11.0
2022-03-19,ranch,10134.0,10134.0,0.0,0.0
2022-03-19,buffalo_sauce,10140.0,10135.0,0.0,5.0
2022-03-19,bbq_sauce,10226.0,10222.0,0.0,4.0
2022-03-19,polyneasian,10154.0,10143.0,0.0,11.0
2022-03-19,chickfala,10082.0,10074.0,0.0,8.0
2022-03-19,silverware,3190.0,3176.0,0.0,14.0
2022-03-21,fried_batter,291.8000000000003,182.4000000000003,0.0,109.4
2022-03-21,bun,539.0,500.0,0.0,39.0
2022-03-21,chicken_patty,1039.0,966.0,0.0,73.0
2022-03-21,pickle_chips,2492.0,2375.0,0.0,117.0
2022-03-21,lettuce,442.0,410.0,0.0,32.0
2022-03-21,tomato,442.0,410.0,0.0,32.0
2022-03-21,cheese,258.5,221.5,0.0,37.0
2022-03-21,spice,1672.0,1644.0,0.0,28.0
2022-03-21,chicken_nuggets,12640.0,12329.0,0.0,311.0
2022-03-21,chicken_strips,2596.0,2589.0,0.0,7.0
2022-03-21,flat_bread,447.5,447.5,0.0,0.0
2022-03-21,mixed_greens,326.0,262.0,0.0,64.0
2022-03-21,shredded_monterey_jack,2110.0,2077.0,0.0,33.0
2022-03-21,waffle_fries,3390.160000000006,3270.9600000000064,0.0,119.20000000000003
2022-03-21,roasted_corn_kernels,652.0,631.0,0.0,21.0
2022-03-21,crumbled_bacon,652.0,631.0,0.0,21.0
2022-03-21,avacado_lime_dressing,302.0,281.0,0.0,21.0
2022-03-21,red_bell_pepers,1177.0,1156.0,0.0,21.0
2022-03-21,grape tomatoes,635.0,530.0,0.0,105.0
2022-03-21,hard_boiled_egg,389.5,368.5,0.0,21.0
2022-03-21,blue_cheese,544.0,501.0,0.0,43.0
2022-03-21,apples,544.0,501.0,0.0,43.0
2022-03-21,strawberries,544.0,501.0,0.0,43.0
2022-03-21,blueberries,544.0,501.0,0.0,43.0
2022-03-21,harvest_nut_granola,544.0,501.0,0.0,43.0
2022-03-21,zesty_apple_vinagrette,544.0,501.0,0.0,43.0
2022-03-21,chicken_tenders,6308.0,6298.0,0.0,10.0
2022-03-21,biscuit,711.0,674.0,0.0,37.0
2022-03-21,chicken_mini_bread,2874.0,2844.0,0.0,30.0
2022-03-21,butter,414.0,411.75,0.0,2.25
2022-03-21,bacon,1153.0,1150.0,0.0,3.0
2022-03-21,tortilla,748.0,736.0,0.0,12.0
2022-03-21,eggs,348.0,315.0,0.0,33.0
2022-03-21,sausage,151.0,144.0,0.0,7.0
2022-03-21,bagel,173.0,157.0,0.0,16.0
2022-03-21,oatmeal,149.0,129.0,0.0,20.0
2022-03-21,fruit,423.0,388.5,0.0,34.5
2022-03-21,cream_cheese,185.0,180.0,0.0,5.0
2022-03-21,hash_brown,322.0,316.0,0.0,6.0
2022-03-21,yogurt_parfait,239.0,226.0,0.0,13.0
2022-03-21,cinamon_cluster,149.0,144.0,0.0,5.0
2022-03-21,lemonade,7873.799999999999,7780.999999999999,0.0,92.8
2022-03-21,straw,20306.0,20082.0,0.0,224.0
2022-03-21,small_drink_cup,1840.0,1812.0,0.0,28.0
2022-03-21,medium_drink_cup,2748.0,2606.0,0.0,142.0
2022-03-21,large_drink_cup,1718.0,1664.0,0.0,54.0
2022-03-21,lemonade_diet,692.799999999999,676.299999999999,0.0,16.5
2022-03-21,ice_tea_unsweet,2343.3999999999996,2298.9999999999995,0.0,44.400000000000006
2022-03-21,ice_tea_sweet,7715.399999999999,7647.199999999999,0.0,68.20000000000002
2022-03-21,soft_drink,3403.8000000000065,3288.3000000000065,0.0,115.5
2022-03-21,dasani_water_bottle,229.0,222.0,0.0,7.0
2022-03-21,orange_juice_bottle,191.0,183.0,0.0,8.0
2022-03-21,apple_juice,205.0,193.0,0.0,12.0
2022-03-21,ice_coffee,207.5,184.75,0.0,22.75
2022-03-21,coffee,2157.5,2137.75,0.0,19.75
2022-03-21,Coffee_box,173.0,161.0,0.0,12.0
2022-03-21,milk_chocolate,742.0,739.0,0.0,3.0
2022-03-21,milk,640.0,609.0,0.0,31.0
2022-03-21,icecream,434.0,362.0,0.0,72.0
2022-03-21,vanilla_flavor,634.0,629.0,0.0,5.0
2022-03-21,cream_flavor,686.0,679.0,0.0,7.0
2022-03-21,chunk_cookie,370.0,271.5,0.0,98.5
2022-03-21,chocolate_flavor,702.0,696.0,0.0,6.0
2022-03-21,strawberry_flavor,746.0,742.0,0.0,4.0
2022-03-21,frosted_extract,712.0,709.0,0.0,3.0
2022-03-21,icecream_cone,736.0,719.0,0.0,17.0
2022-03-21,icecream_come,112.0,101.0,0.0,11.0
2022-03-21,icecream_topping,730.0,723.0,0.0,7.0
2022-03-21,to_go_bag,5072.0,4960.0,0.0,112.0
2022-03-21,napkins,4360.0,3800.0,0.0,560.0
2022-03-21,ketchup,10044.0,10034.0,0.0,10.0
2022-03-21,ranch,10134.0,10131.0,0.0,3.0
2022-03-21,buffalo_sauce,10130.0,10119.0,0.0,11.0
2022-03-21,bbq_sauce,10218.0,10212.0,0.0,6.0
2022-03-21,polyneasian,10132.0,10124.0,0.0,8.0
2022-03-21,chickfala,10066.0,10061.0,0.0,5.0
2022-03-21,silverware,3162.0,3159.0,0.0,3.0
2022-03-22,fried_batter,73.00000000000028,473.60000000000025,525.0,124.4
2022-03-22,bun,461.0,423.0,0.0,38.0
2022-03-22,chicken_patty,893.0,828.5,0.0,64.5
2022-03-22,pickle_chips,2258.0,2144.0,0.0,114.0
2022-03-22,lettuce,378.0,354.0,0.0,24.0
2022-03-22,tomato,378.0,354.0,0.0,24.0
2022-03-22,cheese,184.5,151.5,0.0,33.0
2022-03-22,spice,1616.0,1590.0,0.0,26.0
2022-03-22,chicken_nuggets,12018.0,11639.0,0.0,379.0
2022-03-22,chicken_strips,2582.0,2546.0,0.0,36.0
2022-03-22,flat_bread,447.5,425.5,0.0,22.0
2022-03-22,mixed_greens,198.0,826.0,700.0,72.0
2022-03-22,shredded_monterey_jack,2044.0,2004.0,0.0,40.0
2022-03-22,waffle_fries,3151.7600000000066,13499.980000000005,10500.0,151.78000000000003
2022-03-22,roasted_corn_kernels,610.0,598.0,0.0,12.0
2022-03-22,crumbled_bacon,610.0,598.0,0.0,12.0
2022-03-22,avacado_lime_dressing,260.0,248.0,0.0,12.0
2022-03-22,red_bell_pepers,1135.0,1123.0,0.0,12.0
2022-03-22,grape tomatoes,425.0,365.0,0.0,60.0
2022-03-22,hard_boiled_egg,347.5,335.5,0.0,12.0
2022-03-22,blue_cheese,458.0,409.0,0.0,49.0
2022-03-22,apples,458.0,409.0,0.0,49.0
2022-03-22,strawberries,458.0,409.0,0.0,49.0
2022-03-22,blueberries,458.0,409.0,0.0,49.0
2022-03-22,harvest_nut_granola,458.0,409.0,0.0,49.0
2022-03-22,zesty_apple_vinagrette,458.0,409.0,0.0,49.0
2022-03-22,chicken_tenders,6288.0,6274.0,0.0,14.0
2022-03-22,biscuit,637.0,597.0,0.0,40.0
2022-03-22,chicken_mini_bread,2814.0,2775.0,0.0,39.0
2022-03-22,butter,409.5,408.25,0.0,1.25
2022-03-22,bacon,1147.0,1142.0,0.0,5.0
2022-03-22,tortilla,724.0,718.0,0.0,6.0
2022-03-22,eggs,282.0,255.0,0.0,27.0
2022-03-22,sausage,137.0,126.0,0.0,11.0
2022-03-22,bagel,141.0,123.0,0.0,18.0
2022-03-22,oatmeal,109.0,92.0,0.0,17.0
2022-03-22,fruit,354.0,338.0,0.0,16.0
2022-03-22,cream_cheese,175.0,171.0,0.0,4.0
2022-03-22,hash_brown,310.0,305.0,0.0,5.0
2022-03-22,yogurt_parfait,213.0,199.0,0.0,14.0
2022-03-22,cinamon_cluster,139.0,131.0,0.0,8.0
2022-03-22,lemonade,7688.199999999999,7651.399999999999,0.0,36.8
2022-03-22,straw,19858.0,19632.0,0.0,226.0
2022-03-22,small_drink_cup,1784.0,1771.0,0.0,13.0
2022-03-22,medium_drink_cup,2464.0,2285.0,0.0,179.0
2022-03-22,large_drink_cup,1610.0,1576.0,0.0,34.0
2022-03-22,lemonade_diet,659.799999999999,640.8999999999991,0.0,18.900000000000002
2022-03-22,ice_tea_unsweet,2254.5999999999995,2232.6999999999994,0.0,21.9
2022-03-22,ice_tea_sweet,7578.999999999999,7552.799999999999,0.0,26.200000000000003
2022-03-22,soft_drink,3172.8000000000065,3009.3000000000065,0.0,163.50000000000003
2022-03-22,dasani_water_bottle,215.0,202.0,0.0,13.0
2022-03-22,orange_juice_bottle,175.0,167.0,0.0,8.0
2022-03-22,apple_juice,181.0,177.0,0.0,4.0
2022-03-22,ice_coffee,162.0,139.25,0.0,22.75
2022-03-22,coffee,2118.0,2095.75,0.0,22.25
2022-03-22,Coffee_box,149.0,143.0,0.0,6.0
2022-03-22,milk_chocolate,736.0,728.0,0.0,8.0
2022-03-22,milk,578.0,544.0,0.0,34.0
2022-03-22,icecream,290.0,228.0,0.0,62.0
2022-03-22,vanilla_flavor,624.0,611.0,0.0,13.0
2022-03-22,cream_flavor,672.0,668.0,0.0,4.0
2022-03-22,chunk_cookie,173.0,103.0,0.0,70.0
2022-03-22,chocolate_flavor,690.0,681.0,0.0,9.0
2022-03-22,strawberry_flavor,738.0,734.0,0.0,4.0
2022-03-22,frosted_extract,706.0,694.0,0.0,12.0
2022-03-22,icecream_cone,702.0,701.0,0.0,1.0
2022-03-22,icecream_come,90.0,439.0,350.0,1.0
2022-03-22,icecream_topping,716.0,714.0,0.0,2.0
2022-03-22,to_go_bag,4848.0,4740.0,0.0,108.0
2022-03-22,napkins,3240.0,13200.0,10500.0,540.0
2022-03-22,ketchup,10024.0,10010.0,0.0,14.0
2022-03-22,ranch,10128.0,10108.0,0.0,20.0
2022-03-22,buffalo_sauce,10108.0,10096.0,0.0,12.0
2022-03-22,bbq_sauce,10206.0,10191.0,0.0,15.0
2022-03-22,polyneasian,10116.0,10111.0,0.0,5.0
2022-03-22,chickfala,10056.0,10048.0,0.0,8.0
2022-03-22,silverware,3156.0,3150.0,0.0,6.0
2022-03-23,fried_batter,874.2000000000003,709.6000000000003,0.0,164.6
2022-03-23,bun,385.0,348.0,0.0,37.0
2022-03-23,chicken_patty,764.0,681.5,0.0,82.5
2022-03-23,pickle_chips,2030.0,1919.0,0.0,111.0
2022-03-23,lettuce,330.0,296.0,0.0,34.0
2022-03-23,tomato,330.0,296.0,0.0,34.0
2022-03-23,cheese,118.5,82.5,0.0,36.0
2022-03-23,spice,1564.0,1529.0,0.0,35.0
2022-03-23,chicken_nuggets,11260.0,10786.0,0.0,474.0
2022-03-23,chicken_strips,2510.0,2409.0,0.0,101.0
2022-03-23,flat_bread,403.5,395.5,0.0,8.0
2022-03-23,mixed_greens,1454.0,1372.0,0.0,82.0
2022-03-23,shredded_monterey_jack,1964.0,1937.0,0.0,27.0
2022-03-23,waffle_fries,23848.200000000004,23725.860000000004,0.0,122.34000000000002
2022-03-23,roasted_corn_kernels,586.0,572.0,0.0,14.0
2022-03-23,crumbled_bacon,586.0,572.0,0.0,14.0
2022-03-23,avacado_lime_dressing,236.0,222.0,0.0,14.0
2022-03-23,red_bell_pepers,1111.0,1097.0,0.0,14.0
2022-03-23,grape tomatoes,305.0,1110.0,875.0,70.0
2022-03-23,hard_boiled_egg,323.5,309.5,0.0,14.0
2022-03-23,blue_cheese,360.0,296.0,0.0,64.0
2022-03-23,apples,360.0,296.0,0.0,64.0
2022-03-23,strawberries,360.0,296.0,0.0,64.0
2022-03-23,blueberries,360.0,296.0,0.0,64.0
2022-03-23,harvest_nut_granola,360.0,296.0,0.0,64.0
2022-03-23,zesty_apple_vinagrette,360.0,296.0,0.0,64.0
2022-03-23,chicken_tenders,6260.0,6236.0,0.0,24.0
2022-03-23,biscuit,557.0,513.0,0.0,44.0
2022-03-23,chicken_mini_bread,2736.0,2703.0,0.0,33.0
2022-03-23,butter,407.0,405.75,0.0,1.25
2022-03-23,bacon,1137.0,1131.0,0.0,6.0
2022-03-23,tortilla,712.0,707.0,0.0,5.0
2022-03-23,eggs,228.0,204.0,0.0,24.0
2022-03-23,sausage,115.0,111.0,0.0,4.0
2022-03-23,bagel,105.0,73.0,0.0,32.0
2022-03-23,oatmeal,75.0,59.0,0.0,16.0
2022-03-23,fruit,322.0,287.0,0.0,35.0
2022-03-23,cream_cheese,167.0,153.0,0.0,14.0
2022-03-23,hash_brown,300.0,295.0,0.0,5.0
2022-03-23,yogurt_parfait,185.0,172.0,0.0,13.0
2022-03-23,cinamon_cluster,123.0,110.0,0.0,13.0
2022-03-23,lemonade,7614.5999999999985,7564.199999999999,0.0,50.400000000000006
2022-03-23,straw,19406.0,19175.0,0.0,231.0
2022-03-23,small_drink_cup,1758.0,1719.0,0.0,39.0
2022-03-23,medium_drink_cup,2106.0,1958.0,0.0,148.0
2022-03-23,large_drink_cup,1542.0,1498.0,0.0,44.0
2022-03-23,lemonade_diet,621.9999999999991,596.4999999999991,0.0,25.5
2022-03-23,ice_tea_unsweet,2210.7999999999993,2201.999999999999,0.0,8.8
2022-03-23,ice_tea_sweet,7526.599999999999,7442.4,0.0,84.2
2022-03-23,soft_drink,2845.8000000000065,13204.200000000006,10500.0,141.6
2022-03-23,dasani_water_bottle,189.0,188.0,0.0,1.0
2022-03-23,orange_juice_bottle,159.0,152.0,0.0,7.0
2022-03-23,apple_juice,173.0,159.0,0.0,14.0
2022-03-23,ice_coffee,116.5,107.5,0.0,9.0
2022-03-23,coffee,2073.5,2034.25,0.0,39.25
2022-03-23,Coffee_box,137.0,126.0,0.0,11.0
2022-03-23,milk_chocolate,720.0,719.0,0.0,1.0
2022-03-23,milk,510.0,472.0,0.0,38.0
2022-03-23,icecream,166.0,444.0,350.0,72.0
2022-03-23,vanilla_flavor,598.0,594.0,0.0,4.0
2022-03-23,cream_flavor,664.0,644.0,0.0,20.0
2022-03-23,chunk_cookie,33.0,339.0,350.0,44.0
2022-03-23,chocolate_flavor,672.0,672.0,0.0,0.0
2022-03-23,strawberry_flavor,730.0,723.0,0.0,7.0
2022-03-23,frosted_extract,682.0,678.0,0.0,4.0
2022-03-23,icecream_cone,700.0,696.0,0.0,4.0
2022-03-23,icecream_come,788.0,782.0,0.0,6.0
2022-03-23,icecream_topping,712.0,708.0,0.0,4.0
2022-03-23,to_go_bag,4632.0,4511.0,0.0,121.0
2022-03-23,napkins,23160.0,22555.0,0.0,605.0
2022-03-23,ketchup,9996.0,9986.0,0.0,10.0
2022-03-23,ranch,10088.0,10078.0,0.0,10.0
2022-03-23,buffalo_sauce,10084.0,10073.0,0.0,11.0
2022-03-23,bbq_sauce,10176.0,10172.0,0.0,4.0
2022-03-23,polyneasian,10106.0,10095.0,0.0,11.0
2022-03-23,chickfala,10040.0,10027.0,0.0,13.0
2022-03-23,silverware,3144.0,3136.0,0.0,8.0
2022-03-24,fried_batter,545.0000000000002,414.80000000000024,0.0,130.2
2022-03-24,bun,311.0,284.0,0.0,27.0
2022-03-24,chicken_patty,599.0,521.5,0.0,77.5
2022-03-24,pickle_chips,1808.0,1727.0,0.0,81.0
2022-03-24,lettuce,262.0,230.0,0.0,32.0
2022-03-24,tomato,262.0,230.0,0.0,32.0
2022-03-24,cheese,46.5,265.0,262.5,44.0
2022-03-24,spice,1494.0,1462.0,0.0,32.0
2022-03-24,chicken_nuggets,10312.0,10057.0,0.0,255.0
2022-03-24,chicken_strips,2308.0,2278.0,0.0,30.0
2022-03-24,flat_bread,387.5,385.5,0.0,2.0
2022-03-24,mixed_greens,1290.0,1222.0,0.0,68.0
2022-03-24,shredded_monterey_jack,1910.0,1897.0,0.0,13.0
2022-03-24,waffle_fries,23603.520000000004,23442.440000000002,0.0,161.07999999999998
2022-03-24,roasted_corn_kernels,558.0,553.0,0.0,5.0
2022-03-24,crumbled_bacon,558.0,553.0,0.0,5.0
2022-03-24,avacado_lime_dressing,208.0,203.0,0.0,5.0
2022-03-24,red_bell_pepers,1083.0,1078.0,0.0,5.0
2022-03-24,grape tomatoes,1915.0,1890.0,0.0,25.0
2022-03-24,hard_boiled_egg,295.5,290.5,0.0,5.0
2022-03-24,blue_cheese,232.0,170.0,0.0,62.0
2022-03-24,apples,232.0,170.0,0.0,62.0
2022-03-24,strawberries,232.0,170.0,0.0,62.0
2022-03-24,blueberries,232.0,170.0,0.0,62.0
2022-03-24,harvest_nut_granola,232.0,170.0,0.0,62.0
2022-03-24,zesty_apple_vinagrette,232.0,170.0,0.0,62.0
2022-03-24,chicken_tenders,6212.0,6182.0,0.0,30.0
2022-03-24,biscuit,469.0,433.0,0.0,36.0
2022-03-24,chicken_mini_bread,2670.0,2640.0,0.0,30.0
2022-03-24,butter,404.5,403.25,0.0,1.25
2022-03-24,bacon,1125.0,1111.0,0.0,14.0
2022-03-24,tortilla,702.0,696.0,0.0,6.0
2022-03-24,eggs,180.0,146.0,0.0,34.0
2022-03-24,sausage,107.0,107.0,0.0,0.0
2022-03-24,bagel,41.0,182.0,175.0,34.0
2022-03-24,oatmeal,43.0,191.0,175.0,27.0
2022-03-24,fruit,252.0,221.5,0.0,30.5
2022-03-24,cream_cheese,139.0,125.0,0.0,14.0
2022-03-24,hash_brown,290.0,283.0,0.0,7.0
2022-03-24,yogurt_parfait,159.0,152.0,0.0,7.0
2022-03-24,cinamon_cluster,97.0,85.0,0.0,12.0
2022-03-24,lemonade,7513.799999999999,7476.099999999999,0.0,37.699999999999996
2022-03-24,straw,18944.0,18692.0,0.0,252.0
2022-03-24,small_drink_cup,1680.0,1634.0,0.0,46.0
2022-03-24,medium_drink_cup,1810.0,1630.0,0.0,180.0
2022-03-24,large_drink_cup,1454.0,1428.0,0.0,26.0
2022-03-24,lemonade_diet,570.9999999999991,540.8999999999991,0.0,30.099999999999998
2022-03-24,ice_tea_unsweet,2193.199999999999,2173.799999999999,0.0,19.4
2022-03-24,ice_tea_sweet,7358.2,7300.8,0.0,57.400000000000006
2022-03-24,soft_drink,23562.600000000006,23409.800000000007,0.0,152.79999999999998
2022-03-24,dasani_water_bottle,187.0,183.0,0.0,4.0
2022-03-24,orange_juice_bottle,145.0,666.0,525.0,4.0
2022-03-24,apple_juice,145.0,667.0,525.0,3.0
2022-03-24,ice_coffee,98.5,422.5,350.0,26.0
2022-03-24,coffee,1995.0,1977.5,0.0,17.5
2022-03-24,Coffee_box,115.0,104.0,0.0,11.0
2022-03-24,milk_chocolate,718.0,712.0,0.0,6.0
2022-03-24,milk,434.0,392.0,0.0,42.0
2022-03-24,icecream,722.0,663.0,0.0,59.0
2022-03-24,vanilla_flavor,590.0,584.0,0.0,6.0
2022-03-24,cream_flavor,624.0,618.0,0.0,6.0
2022-03-24,chunk_cookie,645.0,591.0,0.0,54.0
2022-03-24,chocolate_flavor,672.0,664.0,0.0,8.0
2022-03-24,strawberry_flavor,716.0,710.0,0.0,6.0
2022-03-24,frosted_extract,674.0,672.0,0.0,2.0
2022-03-24,icecream_cone,692.0,692.0,0.0,0.0
2022-03-24,icecream_come,776.0,769.0,0.0,7.0
2022-03-24,icecream_topping,704.0,696.0,0.0,8.0
2022-03-24,to_go_bag,4390.0,4267.0,0.0,123.0
2022-03-24,napkins,21950.0,21335.0,0.0,615.0
2022-03-24,ketchup,9976.0,9969.0,0.0,7.0
2022-03-24,ranch,10068.0,10065.0,0.0,3.0
2022-03-24,buffalo_sauce,10062.0,10057.0,0.0,5.0
2022-03-24,bbq_sauce,10168.0,10154.0,0.0,14.0
2022-03-24,polyneasian,10084.0,10072.0,0.0,12.0
2022-03-24,chickfala,10014.0,10003.0,0.0,11.0
2022-03-24,silverware,3128.0,3118.0,0.0,10.0
2022-03-25,fried_batter,284.60000000000025,667.4000000000003,525.0,142.2
2022-03-25,bun,257.0,209.0,0.0,48.0
2022-03-25,chicken_patty,444.0,362.5,0.0,81.5
2022-03-25,pickle_chips,1646.0,1502.0,0.0,144.0
2022-03-25,lettuce,198.0,148.0,0.0,50.0
2022-03-25,tomato,198.0,148.0,0.0,50.0
2022-03-25,cheese,483.5,427.5,0.0,56.0
2022-03-25,spice,1430.0,1402.0,0.0,28.0
2022-03-25,chicken_nuggets,9802.0,9369.5,0.0,432.5
2022-03-25,chicken_strips,2248.0,2186.0,0.0,62.0
2022-03-25,flat_bread,383.5,376.5,0.0,7.0
2022-03-25,mixed_greens,1154.0,1100.5,0.0,53.5
2022-03-25,shredded_monterey_jack,1884.0,1867.0,0.0,17.0
2022-03-25,waffle_fries,23281.36,23152.38,0.0,128.98000000000002
2022-03-25,roasted_corn_kernels,548.0,538.0,0.0,10.0
2022-03-25,crumbled_bacon,548.0,538.0,0.0,10.0
2022-03-25,avacado_lime_dressing,198.0,888.0,700.0,10.0
2022-03-25,red_bell_pepers,1073.0,1063.0,0.0,10.0
2022-03-25,grape tomatoes,1865.0,1815.0,0.0,50.0
2022-03-25,hard_boiled_egg,285.5,275.5,0.0,10.0
2022-03-25,blue_cheese,108.0,418.0,350.0,40.0
2022-03-25,apples,108.0,418.0,350.0,40.0
2022-03-25,strawberries,108.0,418.0,350.0,40.0
2022-03-25,blueberries,108.0,418.0,350.0,40.0
2022-03-25,harvest_nut_granola,108.0,418.0,350.0,40.0
2022-03-25,zesty_apple_vinagrette,108.0,418.0,350.0,40.0
2022-03-25,chicken_tenders,6152.0,6144.0,0.0,8.0
2022-03-25,biscuit,397.0,352.0,0.0,45.0
2022-03-25,chicken_mini_bread,2610.0,2562.0,0.0,48.0
2022-03-25,butter,402.0,400.25,0.0,1.75
2022-03-25,bacon,1097.0,1089.0,0.0,8.0
2022-03-25,tortilla,690.0,690.0,0.0,0.0
2022-03-25,eggs,112.0,431.0,350.0,31.0
2022-03-25,sausage,107.0,94.0,0.0,13.0
2022-03-25,bagel,323.0,296.0,0.0,27.0
2022-03-25,oatmeal,339.0,334.0,0.0,5.0
2022-03-25,fruit,191.0,155.0,0.0,36.0
2022-03-25,cream_cheese,111.0,102.0,0.0,9.0
2022-03-25,hash_brown,276.0,262.0,0.0,14.0
2022-03-25,yogurt_parfait,145.0,138.0,0.0,7.0
2022-03-25,cinamon_cluster,73.0,68.0,0.0,5.0
2022-03-25,lemonade,7438.4,7372.099999999999,0.0,66.30000000000001
2022-03-25,straw,18440.0,18180.0,0.0,260.0
2022-03-25,small_drink_cup,1588.0,1534.0,0.0,54.0
2022-03-25,medium_drink_cup,1450.0,1293.0,0.0,157.0
2022-03-25,large_drink_cup,1402.0,1353.0,0.0,49.0
2022-03-25,lemonade_diet,510.79999999999905,2234.1999999999994,1750.0,26.6
2022-03-25,ice_tea_unsweet,2154.3999999999987,2127.9999999999986,0.0,26.399999999999995
2022-03-25,ice_tea_sweet,7243.400000000001,7162.3,0.0,81.09999999999998
2022-03-25,soft_drink,23257.000000000007,23124.200000000008,0.0,132.8
2022-03-25,dasani_water_bottle,179.0,167.0,0.0,12.0
2022-03-25,orange_juice_bottle,1187.0,1179.0,0.0,8.0
2022-03-25,apple_juice,1189.0,1176.0,0.0,13.0
2022-03-25,ice_coffee,746.5,720.5,0.0,26.0
2022-03-25,coffee,1960.0,1932.5,0.0,27.5
2022-03-25,Coffee_box,93.0,91.0,0.0,2.0
2022-03-25,milk_chocolate,706.0,693.0,0.0,13.0
2022-03-25,milk,350.0,307.0,0.0,43.0
2022-03-25,icecream,604.0,516.0,0.0,88.0
2022-03-25,vanilla_flavor,578.0,567.0,0.0,11.0
2022-03-25,cream_flavor,612.0,598.0,0.0,14.0
2022-03-25,chunk_cookie,537.0,504.0,0.0,33.0
2022-03-25,chocolate_flavor,656.0,648.0,0.0,8.0
2022-03-25,strawberry_flavor,704.0,695.0,0.0,9.0
2022-03-25,frosted_extract,670.0,658.0,0.0,12.0
2022-03-25,icecream_cone,692.0,688.0,0.0,4.0
2022-03-25,icecream_come,762.0,762.0,0.0,0.0
2022-03-25,icecream_topping,688.0,684.0,0.0,4.0
2022-03-25,to_go_bag,4144.0,4032.0,0.0,112.0
2022-03-25,napkins,20720.0,20160.0,0.0,560.0
2022-03-25,ketchup,9962.0,9957.0,0.0,5.0
2022-03-25,ranch,10062.0,10059.0,0.0,3.0
2022-03-25,buffalo_sauce,10052.0,10052.0,0.0,0.0
2022-03-25,bbq_sauce,10140.0,10128.0,0.0,12.0
2022-03-25,polyneasian,10060.0,10049.0,0.0,11.0
2022-03-25,chickfala,9992.0,9977.0,0.0,15.0
2022-03-25,silverware,3108.0,3098.0,0.0,10.0
2022-03-26,fried_batter,1050.2000000000003,935.8000000000003,0.0,114.4
2022-03-26,bun,161.0,643.0,525.0,43.0
2022-03-26,chicken_patty,281.0,206.5,0.0,74.5
2022-03-26,pickle_chips,1358.0,1229.0,0.0,129.0
2022-03-26,lettuce,98.0,418.0,350.0,30.0
2022-03-26,tomato,98.0,418.0,350.0,30.0
2022-03-26,cheese,371.5,338.5,0.0,33.0
2022-03-26,spice,1374.0,1347.0,0.0,27.0
2022-03-26,chicken_nuggets,8937.0,8610.0,0.0,327.0
2022-03-26,chicken_strips,2124.0,2070.0,0.0,54.0
2022-03-26,flat_bread,369.5,365.5,0.0,4.0
2022-03-26,mixed_greens,1047.0,1003.0,0.0,44.0
2022-03-26,shredded_monterey_jack,1850.0,1836.0,0.0,14.0
2022-03-26,waffle_fries,23023.4,22898.780000000002,0.0,124.61999999999999
2022-03-26,roasted_corn_kernels,528.0,526.0,0.0,2.0
2022-03-26,crumbled_bacon,528.0,526.0,0.0,2.0
2022-03-26,avacado_lime_dressing,1578.0,1576.0,0.0,2.0
2022-03-26,red_bell_pepers,1053.0,1051.0,0.0,2.0
2022-03-26,grape tomatoes,1765.0,1755.0,0.0,10.0
2022-03-26,hard_boiled_egg,265.5,263.5,0.0,2.0
2022-03-26,blue_cheese,728.0,688.0,0.0,40.0
2022-03-26,apples,728.0,688.0,0.0,40.0
2022-03-26,strawberries,728.0,688.0,0.0,40.0
2022-03-26,blueberries,728.0,688.0,0.0,40.0
2022-03-26,harvest_nut_granola,728.0,688.0,0.0,40.0
2022-03-26,zesty_apple_vinagrette,728.0,688.0,0.0,40.0
2022-03-26,chicken_tenders,6136.0,6128.0,0.0,8.0
2022-03-26,biscuit,307.0,270.0,0.0,37.0
2022-03-26,chicken_mini_bread,2514.0,2457.0,0.0,57.0
2022-03-26,butter,398.5,395.5,0.0,3.0
2022-03-26,bacon,1081.0,1071.0,0.0,10.0
2022-03-26,tortilla,690.0,682.0,0.0,8.0
2022-03-26,eggs,750.0,724.0,0.0,26.0
2022-03-26,sausage,81.0,79.0,0.0,2.0
2022-03-26,bagel,269.0,247.0,0.0,22.0
2022-03-26,oatmeal,329.0,318.0,0.0,11.0
2022-03-26,fruit,119.0,449.0,350.0,20.0
2022-03-26,cream_cheese,93.0,87.0,0.0,6.0
2022-03-26,hash_brown,248.0,247.0,0.0,1.0
2022-03-26,yogurt_parfait,131.0,122.0,0.0,9.0
2022-03-26,cinamon_cluster,63.0,55.0,0.0,8.0
2022-03-26,lemonade,7305.799999999999,7218.9,0.0,86.90000000000002
2022-03-26,straw,17920.0,17719.0,0.0,201.0
2022-03-26,small_drink_cup,1480.0,1462.0,0.0,18.0
2022-03-26,medium_drink_cup,1136.0,4485.0,3500.0,151.0
2022-03-26,large_drink_cup,1304.0,1272.0,0.0,32.0
2022-03-26,lemonade_diet,3957.5999999999995,3941.3999999999996,0.0,16.200000000000003
2022-03-26,ice_tea_unsweet,2101.5999999999985,2078.0999999999985,0.0,23.5
2022-03-26,ice_tea_sweet,7081.2,7014.2,0.0,67.0
2022-03-26,soft_drink,22991.40000000001,22850.200000000008,0.0,141.2
2022-03-26,dasani_water_bottle,155.0,151.0,0.0,4.0
2022-03-26,orange_juice_bottle,1171.0,1167.0,0.0,4.0
2022-03-26,apple_juice,1163.0,1162.0,0.0,1.0
2022-03-26,ice_coffee,694.5,685.75,0.0,8.75
2022-03-26,coffee,1905.0,1882.0,0.0,23.0
2022-03-26,Coffee_box,89.0,73.0,0.0,16.0
2022-03-26,milk_chocolate,680.0,679.0,0.0,1.0
2022-03-26,milk,264.0,235.0,0.0,29.0
2022-03-26,icecream,428.0,379.0,0.0,49.0
2022-03-26,vanilla_flavor,556.0,550.0,0.0,6.0
2022-03-26,cream_flavor,584.0,579.0,0.0,5.0
2022-03-26,chunk_cookie,471.0,418.5,0.0,52.5
2022-03-26,chocolate_flavor,640.0,637.0,0.0,3.0
2022-03-26,strawberry_flavor,686.0,680.0,0.0,6.0
2022-03-26,frosted_extract,646.0,638.0,0.0,8.0
2022-03-26,icecream_cone,684.0,684.0,0.0,0.0
2022-03-26,icecream_come,762.0,753.0,0.0,9.0
2022-03-26,icecream_topping,680.0,678.0,0.0,2.0
2022-03-26,to_go_bag,3920.0,3818.0,0.0,102.0
2022-03-26,napkins,19600.0,19090.0,0.0,510.0
2022-03-26,ketchup,9952.0,9947.0,0.0,5.0
2022-03-26,ranch,10056.0,10045.0,0.0,11.0
2022-03-26,buffalo_sauce,10052.0,10037.0,0.0,15.0
2022-03-26,bbq_sauce,10116.0,10107.0,0.0,9.0
2022-03-26,polyneasian,10038.0,10022.0,0.0,16.0
2022-03-26,chickfala,9962.0,9958.0,0.0,4.0
2022-03-26,silverware,3088.0,3087.0,0.0,1.0
2022-03-28,fried_batter,821.4000000000003,668.0000000000003,0.0,153.4
2022-03-28,bun,1125.0,1083.0,0.0,42.0
2022-03-28,chicken_patty,132.0,754.5,700.0,77.5
2022-03-28,pickle_chips,1100.0,974.0,0.0,126.0
2022-03-28,lettuce,738.0,698.0,0.0,40.0
2022-03-28,tomato,738.0,698.0,0.0,40.0
2022-03-28,cheese,305.5,272.5,0.0,33.0
2022-03-28,spice,1320.0,1294.0,0.0,26.0
2022-03-28,chicken_nuggets,8283.0,7917.0,0.0,366.0
2022-03-28,chicken_strips,2016.0,1943.0,0.0,73.0
2022-03-28,flat_bread,361.5,359.5,0.0,2.0
2022-03-28,mixed_greens,959.0,898.0,0.0,61.0
2022-03-28,shredded_monterey_jack,1822.0,1801.0,0.0,21.0
2022-03-28,waffle_fries,22774.160000000003,22641.160000000003,0.0,133.0
2022-03-28,roasted_corn_kernels,524.0,518.0,0.0,6.0
2022-03-28,crumbled_bacon,524.0,518.0,0.0,6.0
2022-03-28,avacado_lime_dressing,1574.0,1568.0,0.0,6.0
2022-03-28,red_bell_pepers,1049.0,1043.0,0.0,6.0
2022-03-28,grape tomatoes,1745.0,1715.0,0.0,30.0
2022-03-28,hard_boiled_egg,261.5,255.5,0.0,6.0
2022-03-28,blue_cheese,648.0,594.0,0.0,54.0
2022-03-28,apples,648.0,594.0,0.0,54.0
2022-03-28,strawberries,648.0,594.0,0.0,54.0
2022-03-28,blueberries,648.0,594.0,0.0,54.0
2022-03-28,harvest_nut_granola,648.0,594.0,0.0,54.0
2022-03-28,zesty_apple_vinagrette,648.0,594.0,0.0,54.0
2022-03-28,chicken_tenders,6120.0,6098.0,0.0,22.0
2022-03-28,biscuit,233.0,186.0,0.0,47.0
2022-03-28,chicken_mini_bread,2400.0,2361.0,0.0,39.0
2022-03-28,butter,392.5,388.5,0.0,4.0
2022-03-28,bacon,1061.0,1060.0,0.0,1.0
2022-03-28,tortilla,674.0,661.0,0.0,13.0
2022-03-28,eggs,698.0,672.0,0.0,26.0
2022-03-28,sausage,77.0,72.0,0.0,5.0
2022-03-28,bagel,225.0,206.0,0.0,19.0
2022-03-28,oatmeal,307.0,294.0,0.0,13.0
2022-03-28,fruit,779.0,760.0,0.0,19.0
2022-03-28,cream_cheese,81.0,79.0,0.0,2.0
2022-03-28,hash_brown,246.0,240.0,0.0,6.0
2022-03-28,yogurt_parfait,113.0,107.0,0.0,6.0
2022-03-28,cinamon_cluster,47.0,214.0,175.0,8.0
2022-03-28,lemonade,7132.0,7057.2,0.0,74.80000000000001
2022-03-28,straw,17518.0,17313.0,0.0,205.0
2022-03-28,small_drink_cup,1444.0,1422.0,0.0,22.0
2022-03-28,medium_drink_cup,7834.0,7684.0,0.0,150.0
2022-03-28,large_drink_cup,1240.0,1207.0,0.0,33.0
2022-03-28,lemonade_diet,3925.2,3893.0,0.0,32.2
2022-03-28,ice_tea_unsweet,2054.5999999999985,2023.4999999999986,0.0,31.1
2022-03-28,ice_tea_sweet,6947.2,6900.0,0.0,47.20000000000001
2022-03-28,soft_drink,22709.000000000007,22592.500000000007,0.0,116.5
2022-03-28,dasani_water_bottle,147.0,662.0,525.0,10.0
2022-03-28,orange_juice_bottle,1163.0,1160.0,0.0,3.0
2022-03-28,apple_juice,1161.0,1148.0,0.0,13.0
2022-03-28,ice_coffee,677.0,650.0,0.0,27.0
2022-03-28,coffee,1859.0,1841.75,0.0,17.25
2022-03-28,Coffee_box,57.0,52.0,0.0,5.0
2022-03-28,milk_chocolate,678.0,669.0,0.0,9.0
2022-03-28,milk,206.0,159.0,0.0,47.0
2022-03-28,icecream,330.0,255.0,0.0,75.0
2022-03-28,vanilla_flavor,544.0,534.0,0.0,10.0
2022-03-28,cream_flavor,574.0,559.0,0.0,15.0
2022-03-28,chunk_cookie,366.0,295.5,0.0,70.5
2022-03-28,chocolate_flavor,634.0,627.0,0.0,7.0
2022-03-28,strawberry_flavor,674.0,670.0,0.0,4.0
2022-03-28,frosted_extract,630.0,620.0,0.0,10.0
2022-03-28,icecream_cone,684.0,682.0,0.0,2.0
2022-03-28,icecream_come,744.0,743.0,0.0,1.0
2022-03-28,icecream_topping,676.0,662.0,0.0,14.0
2022-03-28,to_go_bag,3716.0,3606.0,0.0,110.0
2022-03-28,napkins,18580.0,18030.0,0.0,550.0
2022-03-28,ketchup,9942.0,9935.0,0.0,7.0
2022-03-28,ranch,10034.0,10030.0,0.0,4.0
2022-03-28,buffalo_sauce,10022.0,10018.0,0.0,4.0
2022-03-28,bbq_sauce,10098.0,10085.0,0.0,13.0
2022-03-28,polyneasian,10006.0,9996.0,0.0,10.0
2022-03-28,chickfala,9954.0,9948.0,0.0,6.0
2022-03-28,silverware,3086.0,3086.0,0.0,0.0
2022-03-29,fried_batter,514.6000000000004,379.00000000000034,0.0,135.6
2022-03-29,bun,1041.0,991.0,0.0,50.0
2022-03-29,chicken_patty,1377.0,1303.5,0.0,73.5
2022-03-29,pickle_chips,848.0,698.0,0.0,150.0
2022-03-29,lettuce,658.0,610.0,0.0,48.0
2022-03-29,tomato,658.0,610.0,0.0,48.0
2022-03-29,cheese,239.5,198.5,0.0,41.0
2022-03-29,spice,1268.0,1244.0,0.0,24.0
2022-03-29,chicken_nuggets,7551.0,7086.0,0.0,465.0
2022-03-29,chicken_strips,1870.0,1785.0,0.0,85.0
2022-03-29,flat_bread,357.5,353.5,0.0,4.0
2022-03-29,mixed_greens,837.0,788.0,0.0,49.0
2022-03-29,shredded_monterey_jack,1780.0,1760.0,0.0,20.0
2022-03-29,waffle_fries,22508.160000000003,22356.800000000003,0.0,151.35999999999999
2022-03-29,roasted_corn_kernels,512.0,504.0,0.0,8.0
2022-03-29,crumbled_bacon,512.0,504.0,0.0,8.0
2022-03-29,avacado_lime_dressing,1562.0,1554.0,0.0,8.0
2022-03-29,red_bell_pepers,1037.0,1029.0,0.0,8.0
2022-03-29,grape tomatoes,1685.0,1645.0,0.0,40.0
2022-03-29,hard_boiled_egg,249.5,241.5,0.0,8.0
2022-03-29,blue_cheese,540.0,501.0,0.0,39.0
2022-03-29,apples,540.0,501.0,0.0,39.0
2022-03-29,strawberries,540.0,501.0,0.0,39.0
2022-03-29,blueberries,540.0,501.0,0.0,39.0
2022-03-29,harvest_nut_granola,540.0,501.0,0.0,39.0
2022-03-29,zesty_apple_vinagrette,540.0,501.0,0.0,39.0
2022-03-29,chicken_tenders,6076.0,6068.0,0.0,8.0
2022-03-29,biscuit,139.0,632.0,525.0,32.0
2022-03-29,chicken_mini_bread,2322.0,2280.0,0.0,42.0
2022-03-29,butter,384.5,383.0,0.0,1.5
2022-03-29,bacon,1059.0,1048.0,0.0,11.0
2022-03-29,tortilla,648.0,640.0,0.0,8.0
2022-03-29,eggs,646.0,621.0,0.0,25.0
2022-03-29,sausage,67.0,65.0,0.0,2.0
2022-03-29,bagel,187.0,172.0,0.0,15.0
2022-03-29,oatmeal,281.0,263.0,0.0,18.0
2022-03-29,fruit,741.0,702.0,0.0,39.0
2022-03-29,cream_cheese,77.0,74.0,0.0,3.0
2022-03-29,hash_brown,234.0,226.0,0.0,8.0
2022-03-29,yogurt_parfait,101.0,94.0,0.0,7.0
2022-03-29,cinamon_cluster,381.0,376.0,0.0,5.0
2022-03-29,lemonade,6982.4,6923.799999999999,0.0,58.6
2022-03-29,straw,17108.0,16874.0,0.0,234.0
2022-03-29,small_drink_cup,1400.0,1371.0,0.0,29.0
2022-03-29,medium_drink_cup,7534.0,7360.0,0.0,174.0
2022-03-29,large_drink_cup,1174.0,1143.0,0.0,31.0
2022-03-29,lemonade_diet,3860.8,3828.6000000000004,0.0,32.2
2022-03-29,ice_tea_unsweet,1992.3999999999987,1975.3999999999987,0.0,17.0
2022-03-29,ice_tea_sweet,6852.8,6812.7,0.0,40.1
2022-03-29,soft_drink,22476.000000000007,22323.600000000006,0.0,152.39999999999998
2022-03-29,dasani_water_bottle,1177.0,1172.0,0.0,5.0
2022-03-29,orange_juice_bottle,1157.0,1156.0,0.0,1.0
2022-03-29,apple_juice,1135.0,1135.0,0.0,0.0
2022-03-29,ice_coffee,623.0,615.0,0.0,8.0
2022-03-29,coffee,1824.5,1808.0,0.0,16.5
2022-03-29,Coffee_box,47.0,218.0,175.0,4.0
2022-03-29,milk_chocolate,660.0,654.0,0.0,6.0
2022-03-29,milk,112.0,422.0,350.0,40.0
2022-03-29,icecream,180.0,107.0,0.0,73.0
2022-03-29,vanilla_flavor,524.0,514.0,0.0,10.0
2022-03-29,cream_flavor,544.0,540.0,0.0,4.0
2022-03-29,chunk_cookie,225.0,180.0,0.0,45.0
2022-03-29,chocolate_flavor,620.0,607.0,0.0,13.0
2022-03-29,strawberry_flavor,666.0,659.0,0.0,7.0
2022-03-29,frosted_extract,610.0,608.0,0.0,2.0
2022-03-29,icecream_cone,680.0,675.0,0.0,5.0
2022-03-29,icecream_come,742.0,742.0,0.0,0.0
2022-03-29,icecream_topping,648.0,648.0,0.0,0.0
2022-03-29,to_go_bag,3496.0,3393.0,0.0,103.0
2022-03-29,napkins,17480.0,16965.0,0.0,515.0
2022-03-29,ketchup,9928.0,9913.0,0.0,15.0
2022-03-29,ranch,10026.0,10016.0,0.0,10.0
2022-03-29,buffalo_sauce,10014.0,10008.0,0.0,6.0
2022-03-29,bbq_sauce,10072.0,10061.0,0.0,11.0
2022-03-29,polyneasian,9986.0,9984.0,0.0,2.0
2022-03-29,chickfala,9942.0,9926.0,0.0,16.0
2022-03-29,silverware,3086.0,3079.0,0.0,7.0
2022-03-30,fried_batter,243.40000000000035,634.0000000000003,525.0,134.39999999999998
2022-03-30,bun,941.0,887.0,0.0,54.0
2022-03-30,chicken_patty,1230.0,1142.5,0.0,87.5
2022-03-30,pickle_chips,548.0,2136.0,1750.0,162.0
2022-03-30,lettuce,562.0,500.0,0.0,62.0
2022-03-30,tomato,562.0,500.0,0.0,62.0
2022-03-30,cheese,157.5,106.5,0.0,51.0
2022-03-30,spice,1220.0,1189.0,0.0,31.0
2022-03-30,chicken_nuggets,6621.0,6176.5,0.0,444.5
2022-03-30,chicken_strips,1700.0,1662.0,0.0,38.0
2022-03-30,flat_bread,349.5,336.5,0.0,13.0
2022-03-30,mixed_greens,739.0,689.5,0.0,49.5
2022-03-30,shredded_monterey_jack,1740.0,1724.0,0.0,16.0
2022-03-30,waffle_fries,22205.440000000002,22037.960000000003,0.0,167.48
2022-03-30,roasted_corn_kernels,496.0,495.0,0.0,1.0
2022-03-30,crumbled_bacon,496.0,495.0,0.0,1.0
2022-03-30,avacado_lime_dressing,1546.0,1545.0,0.0,1.0
2022-03-30,red_bell_pepers,1021.0,1020.0,0.0,1.0
2022-03-30,grape tomatoes,1605.0,1600.0,0.0,5.0
2022-03-30,hard_boiled_egg,233.5,232.5,0.0,1.0
2022-03-30,blue_cheese,462.0,420.0,0.0,42.0
2022-03-30,apples,462.0,420.0,0.0,42.0
2022-03-30,strawberries,462.0,420.0,0.0,42.0
2022-03-30,blueberries,462.0,420.0,0.0,42.0
2022-03-30,harvest_nut_granola,462.0,420.0,0.0,42.0
2022-03-30,zesty_apple_vinagrette,462.0,420.0,0.0,42.0
2022-03-30,chicken_tenders,6060.0,6042.0,0.0,18.0
2022-03-30,biscuit,1125.0,1097.0,0.0,28.0
2022-03-30,chicken_mini_bread,2238.0,2181.0,0.0,57.0
2022-03-30,butter,381.5,379.5,0.0,2.0
2022-03-30,bacon,1037.0,1033.0,0.0,4.0
2022-03-30,tortilla,632.0,630.0,0.0,2.0
2022-03-30,eggs,596.0,574.0,0.0,22.0
2022-03-30,sausage,63.0,56.0,0.0,7.0
2022-03-30,bagel,157.0,140.0,0.0,17.0
2022-03-30,oatmeal,245.0,226.0,0.0,19.0
2022-03-30,fruit,663.0,646.0,0.0,17.0
2022-03-30,cream_cheese,71.0,65.0,0.0,6.0
2022-03-30,hash_brown,218.0,212.0,0.0,6.0
2022-03-30,yogurt_parfait,87.0,70.0,0.0,17.0
2022-03-30,cinamon_cluster,371.0,366.0,0.0,5.0
2022-03-30,lemonade,6865.199999999999,6801.499999999999,0.0,63.699999999999996
2022-03-30,straw,16640.0,16369.0,0.0,271.0
2022-03-30,small_drink_cup,1342.0,1301.0,0.0,41.0
2022-03-30,medium_drink_cup,7186.0,6988.0,0.0,198.0
2022-03-30,large_drink_cup,1112.0,1080.0,0.0,32.0
2022-03-30,lemonade_diet,3796.4000000000005,3770.5000000000005,0.0,25.9
2022-03-30,ice_tea_unsweet,1958.3999999999987,1920.4999999999986,0.0,37.900000000000006
2022-03-30,ice_tea_sweet,6772.599999999999,6737.999999999999,0.0,34.6
2022-03-30,soft_drink,22171.200000000004,22005.600000000006,0.0,165.59999999999997
2022-03-30,dasani_water_bottle,1167.0,1159.0,0.0,8.0
2022-03-30,orange_juice_bottle,1155.0,1144.0,0.0,11.0
2022-03-30,apple_juice,1135.0,1127.0,0.0,8.0
2022-03-30,ice_coffee,607.0,586.75,0.0,20.25
2022-03-30,coffee,1791.5,1763.5,0.0,28.0
2022-03-30,Coffee_box,389.0,389.0,0.0,0.0
2022-03-30,milk_chocolate,648.0,643.0,0.0,5.0
2022-03-30,milk,732.0,685.0,0.0,47.0
2022-03-30,icecream,34.0,287.0,350.0,97.0
2022-03-30,vanilla_flavor,504.0,494.0,0.0,10.0
2022-03-30,cream_flavor,536.0,530.0,0.0,6.0
2022-03-30,chunk_cookie,135.0,301.0,350.0,184.0
2022-03-30,chocolate_flavor,594.0,586.0,0.0,8.0
2022-03-30,strawberry_flavor,652.0,631.0,0.0,21.0
2022-03-30,frosted_extract,606.0,601.0,0.0,5.0
2022-03-30,icecream_cone,670.0,667.0,0.0,3.0
2022-03-30,icecream_come,742.0,738.0,0.0,4.0
2022-03-30,icecream_topping,648.0,641.0,0.0,7.0
2022-03-30,to_go_bag,3290.0,3161.0,0.0,129.0
2022-03-30,napkins,16450.0,15805.0,0.0,645.0
2022-03-30,ketchup,9898.0,9891.0,0.0,7.0
2022-03-30,ranch,10006.0,9994.0,0.0,12.0
2022-03-30,buffalo_sauce,10002.0,9999.0,0.0,3.0
2022-03-30,bbq_sauce,10050.0,10044.0,0.0,6.0
2022-03-30,polyneasian,9982.0,9977.0,0.0,5.0
2022-03-30,chickfala,9910.0,9907.0,0.0,3.0
2022-03-30,silverware,3072.0,3055.0,0.0,17.0
2022-03-31,fried_batter,1024.6000000000004,887.6000000000004,0.0,137.0
2022-03-31,bun,833.0,799.0,0.0,34.0
2022-03-31,chicken_patty,1055.0,977.5,0.0,77.5
2022-03-31,pickle_chips,3724.0,3622.0,0.0,102.0
2022-03-31,lettuce,438.0,410.0,0.0,28.0
2022-03-31,tomato,438.0,410.0,0.0,28.0
2022-03-31,cheese,55.5,265.0,262.5,53.0
2022-03-31,spice,1158.0,1134.0,0.0,24.0
2022-03-31,chicken_nuggets,5732.0,5148.5,0.0,583.5
2022-03-31,chicken_strips,1624.0,1575.0,0.0,49.0
2022-03-31,flat_bread,323.5,302.5,0.0,21.0
2022-03-31,mixed_greens,640.0,558.5,0.0,81.5
2022-03-31,shredded_monterey_jack,1708.0,1676.0,0.0,32.0
2022-03-31,waffle_fries,21870.480000000003,21710.640000000003,0.0,159.84
2022-03-31,roasted_corn_kernels,494.0,491.0,0.0,3.0
2022-03-31,crumbled_bacon,494.0,491.0,0.0,3.0
2022-03-31,avacado_lime_dressing,1544.0,1541.0,0.0,3.0
2022-03-31,red_bell_pepers,1019.0,1016.0,0.0,3.0
2022-03-31,grape tomatoes,1595.0,1580.0,0.0,15.0
2022-03-31,hard_boiled_egg,231.5,228.5,0.0,3.0
2022-03-31,blue_cheese,378.0,310.0,0.0,68.0
2022-03-31,apples,378.0,310.0,0.0,68.0
2022-03-31,strawberries,378.0,310.0,0.0,68.0
2022-03-31,blueberries,378.0,310.0,0.0,68.0
2022-03-31,harvest_nut_granola,378.0,310.0,0.0,68.0
2022-03-31,zesty_apple_vinagrette,378.0,310.0,0.0,68.0
2022-03-31,chicken_tenders,6024.0,5988.0,0.0,36.0
2022-03-31,biscuit,1069.0,1016.0,0.0,53.0
2022-03-31,chicken_mini_bread,2124.0,2073.0,0.0,51.0
2022-03-31,butter,377.5,374.25,0.0,3.25
2022-03-31,bacon,1029.0,1025.0,0.0,4.0
2022-03-31,tortilla,628.0,620.0,0.0,8.0
2022-03-31,eggs,552.0,505.0,0.0,47.0
2022-03-31,sausage,49.0,199.0,175.0,25.0
2022-03-31,bagel,123.0,98.0,0.0,25.0
2022-03-31,oatmeal,207.0,188.0,0.0,19.0
2022-03-31,fruit,629.0,610.0,0.0,19.0
2022-03-31,cream_cheese,59.0,53.0,0.0,6.0
2022-03-31,hash_brown,206.0,894.0,700.0,12.0
2022-03-31,yogurt_parfait,53.0,223.0,175.0,5.0
2022-03-31,cinamon_cluster,361.0,352.0,0.0,9.0
2022-03-31,lemonade,6737.799999999999,6669.599999999999,0.0,68.2
2022-03-31,straw,16098.0,15872.0,0.0,226.0
2022-03-31,small_drink_cup,1260.0,1213.0,0.0,47.0
2022-03-31,medium_drink_cup,6790.0,6635.0,0.0,155.0
2022-03-31,large_drink_cup,1048.0,1024.0,0.0,24.0
2022-03-31,lemonade_diet,3744.6000000000004,3709.0000000000005,0.0,35.599999999999994
2022-03-31,ice_tea_unsweet,1882.5999999999985,1862.1999999999985,0.0,20.4
2022-03-31,ice_tea_sweet,6703.399999999999,6682.499999999999,0.0,20.900000000000006
2022-03-31,soft_drink,21840.000000000007,21714.40000000001,0.0,125.6
2022-03-31,dasani_water_bottle,1151.0,1144.0,0.0,7.0
2022-03-31,orange_juice_bottle,1133.0,1129.0,0.0,4.0
2022-03-31,apple_juice,1119.0,1109.0,0.0,10.0
2022-03-31,ice_coffee,566.5,560.75,0.0,5.75
2022-03-31,coffee,1735.5,1715.5,0.0,20.0
2022-03-31,Coffee_box,389.0,383.0,0.0,6.0
2022-03-31,milk_chocolate,638.0,638.0,0.0,0.0
2022-03-31,milk,638.0,599.0,0.0,39.0
2022-03-31,icecream,540.0,483.0,0.0,57.0
2022-03-31,vanilla_flavor,484.0,480.0,0.0,4.0
2022-03-31,cream_flavor,524.0,519.0,0.0,5.0
2022-03-31,chunk_cookie,467.0,413.5,0.0,53.5
2022-03-31,chocolate_flavor,578.0,570.0,0.0,8.0
2022-03-31,strawberry_flavor,610.0,604.0,0.0,6.0
2022-03-31,frosted_extract,596.0,590.0,0.0,6.0
2022-03-31,icecream_cone,664.0,658.0,0.0,6.0
2022-03-31,icecream_come,734.0,729.0,0.0,5.0
2022-03-31,icecream_topping,634.0,631.0,0.0,3.0
2022-03-31,to_go_bag,3032.0,13410.0,10500.0,122.0
2022-03-31,napkins,15160.0,14550.0,0.0,610.0
2022-03-31,ketchup,9884.0,9877.0,0.0,7.0
2022-03-31,ranch,9982.0,9980.0,0.0,2.0
2022-03-31,buffalo_sauce,9996.0,9993.0,0.0,3.0
2022-03-31,bbq_sauce,10038.0,10035.0,0.0,3.0
2022-03-31,polyneasian,9972.0,9963.0,0.0,9.0
2022-03-31,chickfala,9904.0,9894.0,0.0,10.0
2022-03-31,silverware,3038.0,3036.0,0.0,2.0
2022-04-01,fried_batter,750.6000000000004,602.0000000000003,0.0,148.6
2022-04-01,bun,765.0,713.0,0.0,52.0
2022-04-01,chicken_patty,900.0,822.5,0.0,77.5
2022-04-01,pickle_chips,3520.0,3364.0,0.0,156.0
2022-04-01,lettuce,382.0,320.0,0.0,62.0
2022-04-01,tomato,382.0,320.0,0.0,62.0
2022-04-01,cheese,474.5,428.5,0.0,46.0
2022-04-01,spice,1110.0,1076.0,0.0,34.0
2022-04-01,chicken_nuggets,4565.0,4191.0,0.0,374.0
2022-04-01,chicken_strips,1526.0,6694.0,5250.0,82.0
2022-04-01,flat_bread,281.5,279.5,0.0,2.0
2022-04-01,mixed_greens,477.0,401.0,0.0,76.0
2022-04-01,shredded_monterey_jack,1644.0,1627.0,0.0,17.0
2022-04-01,waffle_fries,21550.800000000003,21426.140000000003,0.0,124.66
2022-04-01,roasted_corn_kernels,488.0,477.0,0.0,11.0
2022-04-01,crumbled_bacon,488.0,477.0,0.0,11.0
2022-04-01,avacado_lime_dressing,1538.0,1527.0,0.0,11.0
2022-04-01,red_bell_pepers,1013.0,1002.0,0.0,11.0
2022-04-01,grape tomatoes,1565.0,1510.0,0.0,55.0
2022-04-01,hard_boiled_egg,225.5,214.5,0.0,11.0
2022-04-01,blue_cheese,242.0,178.0,0.0,64.0
2022-04-01,apples,242.0,178.0,0.0,64.0
2022-04-01,strawberries,242.0,178.0,0.0,64.0
2022-04-01,blueberries,242.0,178.0,0.0,64.0
2022-04-01,harvest_nut_granola,242.0,178.0,0.0,64.0
2022-04-01,zesty_apple_vinagrette,242.0,178.0,0.0,64.0
2022-04-01,chicken_tenders,5952.0,5918.0,0.0,34.0
2022-04-01,biscuit,963.0,936.0,0.0,27.0
2022-04-01,chicken_mini_bread,2022.0,1962.0,0.0,60.0
2022-04-01,butter,371.0,369.25,0.0,1.75
2022-04-01,bacon,1021.0,1012.0,0.0,9.0
2022-04-01,tortilla,612.0,608.0,0.0,4.0
2022-04-01,eggs,458.0,439.0,0.0,19.0
2022-04-01,sausage,349.0,345.0,0.0,4.0
2022-04-01,bagel,73.0,54.0,0.0,19.0
2022-04-01,oatmeal,169.0,157.0,0.0,12.0
2022-04-01,fruit,591.0,566.5,0.0,24.5
2022-04-01,cream_cheese,47.0,212.0,175.0,10.0
2022-04-01,hash_brown,1582.0,1579.0,0.0,3.0
2022-04-01,yogurt_parfait,393.0,391.0,0.0,2.0
2022-04-01,cinamon_cluster,343.0,334.0,0.0,9.0
2022-04-01,lemonade,6601.4,6526.7,0.0,74.7
2022-04-01,straw,15646.0,15444.0,0.0,202.0
2022-04-01,small_drink_cup,1166.0,1133.0,0.0,33.0
2022-04-01,medium_drink_cup,6480.0,6341.0,0.0,139.0
2022-04-01,large_drink_cup,1000.0,4470.0,3500.0,30.0
2022-04-01,lemonade_diet,3673.4000000000005,3658.1000000000004,0.0,15.299999999999999
2022-04-01,ice_tea_unsweet,1841.7999999999984,1830.1999999999985,0.0,11.600000000000001
2022-04-01,ice_tea_sweet,6661.599999999999,6612.599999999999,0.0,49.00000000000001
2022-04-01,soft_drink,21588.80000000001,21456.10000000001,0.0,132.7
2022-04-01,dasani_water_bottle,1137.0,1130.0,0.0,7.0
2022-04-01,orange_juice_bottle,1125.0,1113.0,0.0,12.0
2022-04-01,apple_juice,1099.0,1091.0,0.0,8.0
2022-04-01,ice_coffee,555.0,545.5,0.0,9.5
2022-04-01,coffee,1695.5,1673.75,0.0,21.75
2022-04-01,Coffee_box,377.0,367.0,0.0,10.0
2022-04-01,milk_chocolate,638.0,627.0,0.0,11.0
2022-04-01,milk,560.0,526.0,0.0,34.0
2022-04-01,icecream,426.0,362.0,0.0,64.0
2022-04-01,vanilla_flavor,476.0,465.0,0.0,11.0
2022-04-01,cream_flavor,514.0,512.0,0.0,2.0
2022-04-01,chunk_cookie,360.0,225.0,0.0,135.0
2022-04-01,chocolate_flavor,562.0,558.0,0.0,4.0
2022-04-01,strawberry_flavor,598.0,589.0,0.0,9.0
2022-04-01,frosted_extract,584.0,578.0,0.0,6.0
2022-04-01,icecream_cone,652.0,644.0,0.0,8.0
2022-04-01,icecream_come,724.0,720.0,0.0,4.0
2022-04-01,icecream_topping,628.0,621.0,0.0,7.0
2022-04-01,to_go_bag,23788.0,23674.0,0.0,114.0
2022-04-01,napkins,13940.0,13370.0,0.0,570.0
2022-04-01,ketchup,9870.0,9867.0,0.0,3.0
2022-04-01,ranch,9978.0,9972.0,0.0,6.0
2022-04-01,buffalo_sauce,9990.0,9973.0,0.0,17.0
2022-04-01,bbq_sauce,10032.0,10030.0,0.0,2.0
2022-04-01,polyneasian,9954.0,9945.0,0.0,9.0
2022-04-01,chickfala,9884.0,9877.0,0.0,7.0
2022-04-01,silverware,3034.0,3026.0,0.0,8.0
2022-04-02,fried_batter,453.4000000000003,295.4000000000003,0.0,157.99999999999997
2022-04-02,bun,661.0,613.0,0.0,48.0
2022-04-02,chicken_patty,745.0,667.0,0.0,78.0
2022-04-02,pickle_chips,3208.0,3064.0,0.0,144.0
2022-04-02,lettuce,258.0,184.0,0.0,74.0
2022-04-02,tomato,258.0,184.0,0.0,74.0
2022-04-02,cheese,382.5,331.5,0.0,51.0
2022-04-02,spice,1042.0,1012.0,0.0,30.0
2022-04-02,chicken_nuggets,3817.0,3381.5,0.0,435.5
2022-04-02,chicken_strips,11862.0,11776.0,0.0,86.0
2022-04-02,flat_bread,277.5,274.5,0.0,3.0
2022-04-02,mixed_greens,325.0,274.5,0.0,50.5
2022-04-02,shredded_monterey_jack,1610.0,1602.0,0.0,8.0
2022-04-02,waffle_fries,21301.480000000003,21156.220000000005,0.0,145.26000000000002
2022-04-02,roasted_corn_kernels,466.0,465.0,0.0,1.0
2022-04-02,crumbled_bacon,466.0,465.0,0.0,1.0
2022-04-02,avacado_lime_dressing,1516.0,1515.0,0.0,1.0
2022-04-02,red_bell_pepers,991.0,990.0,0.0,1.0
2022-04-02,grape tomatoes,1455.0,1450.0,0.0,5.0
2022-04-02,hard_boiled_egg,203.5,202.5,0.0,1.0
2022-04-02,blue_cheese,114.0,416.0,350.0,48.0
2022-04-02,apples,114.0,416.0,350.0,48.0
2022-04-02,strawberries,114.0,416.0,350.0,48.0
2022-04-02,blueberries,114.0,416.0,350.0,48.0
2022-04-02,harvest_nut_granola,114.0,416.0,350.0,48.0
2022-04-02,zesty_apple_vinagrette,114.0,416.0,350.0,48.0
2022-04-02,chicken_tenders,5884.0,5848.0,0.0,36.0
2022-04-02,biscuit,909.0,872.0,0.0,37.0
2022-04-02,chicken_mini_bread,1902.0,1842.0,0.0,60.0
2022-04-02,butter,367.5,364.25,0.0,3.25
2022-04-02,bacon,1003.0,995.0,0.0,8.0
2022-04-02,tortilla,604.0,600.0,0.0,4.0
2022-04-02,eggs,420.0,402.0,0.0,18.0
2022-04-02,sausage,341.0,341.0,0.0,0.0
2022-04-02,bagel,35.0,187.0,175.0,23.0
2022-04-02,oatmeal,145.0,140.0,0.0,5.0
2022-04-02,fruit,542.0,530.0,0.0,12.0
2022-04-02,cream_cheese,377.0,368.0,0.0,9.0
2022-04-02,hash_brown,1576.0,1564.0,0.0,12.0
2022-04-02,yogurt_parfait,389.0,385.0,0.0,4.0
2022-04-02,cinamon_cluster,325.0,324.0,0.0,1.0
2022-04-02,lemonade,6452.0,6359.1,0.0,92.89999999999999
2022-04-02,straw,15242.0,14975.0,0.0,267.0
2022-04-02,small_drink_cup,1100.0,1063.0,0.0,37.0
2022-04-02,medium_drink_cup,6202.0,6034.0,0.0,168.0
2022-04-02,large_drink_cup,7940.0,7878.0,0.0,62.0
2022-04-02,lemonade_diet,3642.8,3597.3,0.0,45.49999999999999
2022-04-02,ice_tea_unsweet,1818.5999999999985,1785.4999999999986,0.0,33.10000000000001
2022-04-02,ice_tea_sweet,6563.599999999999,6517.599999999999,0.0,46.0
2022-04-02,soft_drink,21323.40000000001,21183.000000000007,0.0,140.39999999999998
2022-04-02,dasani_water_bottle,1123.0,1113.0,0.0,10.0
2022-04-02,orange_juice_bottle,1101.0,1089.0,0.0,12.0
2022-04-02,apple_juice,1083.0,1082.0,0.0,1.0
2022-04-02,ice_coffee,536.0,532.0,0.0,4.0
2022-04-02,coffee,1652.0,1643.25,0.0,8.75
2022-04-02,Coffee_box,357.0,349.0,0.0,8.0
2022-04-02,milk_chocolate,616.0,612.0,0.0,4.0
2022-04-02,milk,492.0,462.0,0.0,30.0
2022-04-02,icecream,298.0,221.0,0.0,77.0
2022-04-02,vanilla_flavor,454.0,450.0,0.0,4.0
2022-04-02,cream_flavor,510.0,497.0,0.0,13.0
2022-04-02,chunk_cookie,90.0,380.5,350.0,59.5
2022-04-02,chocolate_flavor,554.0,550.0,0.0,4.0
2022-04-02,strawberry_flavor,580.0,572.0,0.0,8.0
2022-04-02,frosted_extract,572.0,552.0,0.0,20.0
2022-04-02,icecream_cone,636.0,622.0,0.0,14.0
2022-04-02,icecream_come,716.0,711.0,0.0,5.0
2022-04-02,icecream_topping,614.0,605.0,0.0,9.0
2022-04-02,to_go_bag,23560.0,23455.0,0.0,105.0
2022-04-02,napkins,12800.0,12275.0,0.0,525.0
2022-04-02,ketchup,9864.0,9856.0,0.0,8.0
2022-04-02,ranch,9966.0,9958.0,0.0,8.0
2022-04-02,buffalo_sauce,9956.0,9952.0,0.0,4.0
2022-04-02,bbq_sauce,10028.0,10015.0,0.0,13.0
2022-04-02,polyneasian,9936.0,9929.0,0.0,7.0
2022-04-02,chickfala,9870.0,9859.0,0.0,11.0
2022-04-02,silverware,3018.0,3008.0,0.0,10.0
2022-04-04,fried_batter,137.40000000000035,544.8000000000003,525.0,117.60000000000001
2022-04-04,bun,565.0,516.0,0.0,49.0
2022-04-04,chicken_patty,589.0,509.5,0.0,79.5
2022-04-04,pickle_chips,2920.0,2773.0,0.0,147.0
2022-04-04,lettuce,110.0,430.0,350.0,30.0
2022-04-04,tomato,110.0,430.0,350.0,30.0
2022-04-04,cheese,280.5,257.5,0.0,23.0
2022-04-04,spice,982.0,959.0,0.0,23.0
2022-04-04,chicken_nuggets,2946.0,2423.5,0.0,522.5
2022-04-04,chicken_strips,11690.0,11631.0,0.0,59.0
2022-04-04,flat_bread,271.5,270.5,0.0,1.0
2022-04-04,mixed_greens,224.0,870.5,700.0,53.5
2022-04-04,shredded_monterey_jack,1594.0,1583.0,0.0,11.0
2022-04-04,waffle_fries,21010.960000000006,20857.560000000005,0.0,153.4
2022-04-04,roasted_corn_kernels,464.0,457.0,0.0,7.0
2022-04-04,crumbled_bacon,464.0,457.0,0.0,7.0
2022-04-04,avacado_lime_dressing,1514.0,1507.0,0.0,7.0
2022-04-04,red_bell_pepers,989.0,982.0,0.0,7.0
2022-04-04,grape tomatoes,1445.0,1410.0,0.0,35.0
2022-04-04,hard_boiled_egg,201.5,194.5,0.0,7.0
2022-04-04,blue_cheese,718.0,672.0,0.0,46.0
2022-04-04,apples,718.0,672.0,0.0,46.0
2022-04-04,strawberries,718.0,672.0,0.0,46.0
2022-04-04,blueberries,718.0,672.0,0.0,46.0
2022-04-04,harvest_nut_granola,718.0,672.0,0.0,46.0
2022-04-04,zesty_apple_vinagrette,718.0,672.0,0.0,46.0
2022-04-04,chicken_tenders,5812.0,5798.0,0.0,14.0
2022-04-04,biscuit,835.0,801.0,0.0,34.0
2022-04-04,chicken_mini_bread,1782.0,1725.0,0.0,57.0
2022-04-04,butter,361.0,356.25,0.0,4.75
2022-04-04,bacon,987.0,981.0,0.0,6.0
2022-04-04,tortilla,596.0,593.0,0.0,3.0
2022-04-04,eggs,384.0,373.0,0.0,11.0
2022-04-04,sausage,341.0,341.0,0.0,0.0
2022-04-04,bagel,339.0,309.0,0.0,30.0
2022-04-04,oatmeal,135.0,124.0,0.0,11.0
2022-04-04,fruit,518.0,481.5,0.0,36.5
2022-04-04,cream_cheese,359.0,352.0,0.0,7.0
2022-04-04,hash_brown,1552.0,1541.0,0.0,11.0
2022-04-04,yogurt_parfait,381.0,378.0,0.0,3.0
2022-04-04,cinamon_cluster,323.0,314.0,0.0,9.0
2022-04-04,lemonade,6266.200000000001,6181.300000000001,0.0,84.89999999999999
2022-04-04,straw,14708.0,14432.0,0.0,276.0
2022-04-04,small_drink_cup,1026.0,4472.0,3500.0,54.0
2022-04-04,medium_drink_cup,5866.0,5703.0,0.0,163.0
2022-04-04,large_drink_cup,7816.0,7757.0,0.0,59.0
2022-04-04,lemonade_diet,3551.8,3509.3,0.0,42.5
2022-04-04,ice_tea_unsweet,1752.3999999999987,1725.5999999999988,0.0,26.800000000000004
2022-04-04,ice_tea_sweet,6471.599999999999,6383.999999999999,0.0,87.6
2022-04-04,soft_drink,21042.600000000006,20896.800000000007,0.0,145.8
2022-04-04,dasani_water_bottle,1103.0,1098.0,0.0,5.0
2022-04-04,orange_juice_bottle,1077.0,1066.0,0.0,11.0
2022-04-04,apple_juice,1081.0,1054.0,0.0,27.0
2022-04-04,ice_coffee,528.0,518.5,0.0,9.5
2022-04-04,coffee,1634.5,1610.25,0.0,24.25
2022-04-04,Coffee_box,341.0,335.0,0.0,6.0
2022-04-04,milk_chocolate,608.0,608.0,0.0,0.0
2022-04-04,milk,432.0,409.0,0.0,23.0
2022-04-04,icecream,144.0,445.0,350.0,49.0
2022-04-04,vanilla_flavor,446.0,444.0,0.0,2.0
2022-04-04,cream_flavor,484.0,472.0,0.0,12.0
2022-04-04,chunk_cookie,671.0,583.0,0.0,88.0
2022-04-04,chocolate_flavor,546.0,542.0,0.0,4.0
2022-04-04,strawberry_flavor,564.0,564.0,0.0,0.0
2022-04-04,frosted_extract,532.0,526.0,0.0,6.0
2022-04-04,icecream_cone,608.0,602.0,0.0,6.0
2022-04-04,icecream_come,706.0,699.0,0.0,7.0
2022-04-04,icecream_topping,596.0,585.0,0.0,11.0
2022-04-04,to_go_bag,23350.0,23228.0,0.0,122.0
2022-04-04,napkins,11750.0,11140.0,0.0,610.0
2022-04-04,ketchup,9848.0,9846.0,0.0,2.0
2022-04-04,ranch,9950.0,9932.0,0.0,18.0
2022-04-04,buffalo_sauce,9948.0,9938.0,0.0,10.0
2022-04-04,bbq_sauce,10002.0,9994.0,0.0,8.0
2022-04-04,polyneasian,9922.0,9909.0,0.0,13.0
2022-04-04,chickfala,9848.0,9839.0,0.0,9.0
2022-04-04,silverware,2998.0,2996.0,0.0,2.0
2022-04-05,fried_batter,952.2000000000002,825.0000000000001,0.0,127.20000000000002
2022-04-05,bun,467.0,422.0,0.0,45.0
2022-04-05,chicken_patty,430.0,335.0,0.0,95.0
2022-04-05,pickle_chips,2626.0,2491.0,0.0,135.0
2022-04-05,lettuce,750.0,682.0,0.0,68.0
2022-04-05,tomato,750.0,682.0,0.0,68.0
2022-04-05,cheese,234.5,173.5,0.0,61.0
2022-04-05,spice,936.0,889.0,0.0,47.0
2022-04-05,chicken_nuggets,1901.0,8362.0,7000.0,539.0
2022-04-05,chicken_strips,11572.0,11542.0,0.0,30.0
2022-04-05,flat_bread,269.5,255.5,0.0,14.0
2022-04-05,mixed_greens,1517.0,1437.0,0.0,80.0
2022-04-05,shredded_monterey_jack,1572.0,1546.0,0.0,26.0
2022-04-05,waffle_fries,20704.160000000003,20550.560000000005,0.0,153.6
2022-04-05,roasted_corn_kernels,450.0,443.0,0.0,7.0
2022-04-05,crumbled_bacon,450.0,443.0,0.0,7.0
2022-04-05,avacado_lime_dressing,1500.0,1493.0,0.0,7.0
2022-04-05,red_bell_pepers,975.0,968.0,0.0,7.0
2022-04-05,grape tomatoes,1375.0,1340.0,0.0,35.0
2022-04-05,hard_boiled_egg,187.5,180.5,0.0,7.0
2022-04-05,blue_cheese,626.0,560.0,0.0,66.0
2022-04-05,apples,626.0,560.0,0.0,66.0
2022-04-05,strawberries,626.0,560.0,0.0,66.0
2022-04-05,blueberries,626.0,560.0,0.0,66.0
2022-04-05,harvest_nut_granola,626.0,560.0,0.0,66.0
2022-04-05,zesty_apple_vinagrette,626.0,560.0,0.0,66.0
2022-04-05,chicken_tenders,5784.0,5776.0,0.0,8.0
2022-04-05,biscuit,767.0,727.0,0.0,40.0
2022-04-05,chicken_mini_bread,1668.0,1644.0,0.0,24.0
2022-04-05,butter,351.5,349.5,0.0,2.0
2022-04-05,bacon,975.0,962.0,0.0,13.0
2022-04-05,tortilla,590.0,585.0,0.0,5.0
2022-04-05,eggs,362.0,330.0,0.0,32.0
2022-04-05,sausage,341.0,338.0,0.0,3.0
2022-04-05,bagel,279.0,246.0,0.0,33.0
2022-04-05,oatmeal,113.0,112.0,0.0,1.0
2022-04-05,fruit,445.0,429.5,0.0,15.5
2022-04-05,cream_cheese,345.0,331.0,0.0,14.0
2022-04-05,hash_brown,1530.0,1526.0,0.0,4.0
2022-04-05,yogurt_parfait,375.0,370.0,0.0,5.0
2022-04-05,cinamon_cluster,305.0,304.0,0.0,1.0
2022-04-05,lemonade,6096.4000000000015,6026.600000000001,0.0,69.80000000000001
2022-04-05,straw,14156.0,13939.0,0.0,217.0
2022-04-05,small_drink_cup,7918.0,7869.0,0.0,49.0
2022-04-05,medium_drink_cup,5540.0,5403.0,0.0,137.0
2022-04-05,large_drink_cup,7698.0,7667.0,0.0,31.0
2022-04-05,lemonade_diet,3466.8,3456.6000000000004,0.0,10.2
2022-04-05,ice_tea_unsweet,1698.7999999999988,1687.199999999999,0.0,11.6
2022-04-05,ice_tea_sweet,6296.399999999999,6258.699999999999,0.0,37.7
2022-04-05,soft_drink,20751.000000000007,20596.200000000008,0.0,154.8
2022-04-05,dasani_water_bottle,1093.0,1086.0,0.0,7.0
2022-04-05,orange_juice_bottle,1055.0,1048.0,0.0,7.0
2022-04-05,apple_juice,1027.0,1019.0,0.0,8.0
2022-04-05,ice_coffee,509.0,496.25,0.0,12.75
2022-04-05,coffee,1586.0,1573.0,0.0,13.0
2022-04-05,Coffee_box,329.0,322.0,0.0,7.0
2022-04-05,milk_chocolate,608.0,597.0,0.0,11.0
2022-04-05,milk,386.0,344.0,0.0,42.0
2022-04-05,icecream,746.0,664.0,0.0,82.0
2022-04-05,vanilla_flavor,442.0,437.0,0.0,5.0
2022-04-05,cream_flavor,460.0,446.0,0.0,14.0
2022-04-05,chunk_cookie,495.0,414.0,0.0,81.0
2022-04-05,chocolate_flavor,538.0,528.0,0.0,10.0
2022-04-05,strawberry_flavor,564.0,555.0,0.0,9.0
2022-04-05,frosted_extract,520.0,508.0,0.0,12.0
2022-04-05,icecream_cone,596.0,596.0,0.0,0.0
2022-04-05,icecream_come,692.0,686.0,0.0,6.0
2022-04-05,icecream_topping,574.0,566.0,0.0,8.0
2022-04-05,to_go_bag,23106.0,22993.0,0.0,113.0
2022-04-05,napkins,10530.0,9965.0,0.0,565.0
2022-04-05,ketchup,9844.0,9834.0,0.0,10.0
2022-04-05,ranch,9914.0,9910.0,0.0,4.0
2022-04-05,buffalo_sauce,9928.0,9921.0,0.0,7.0
2022-04-05,bbq_sauce,9986.0,9974.0,0.0,12.0
2022-04-05,polyneasian,9896.0,9889.0,0.0,7.0
2022-04-05,chickfala,9830.0,9821.0,0.0,9.0
2022-04-05,silverware,2994.0,2988.0,0.0,6.0
2022-04-06,fried_batter,697.8000000000001,584.8000000000001,0.0,113.0
2022-04-06,bun,377.0,327.0,0.0,50.0
2022-04-06,chicken_patty,240.0,860.5,700.0,79.5
2022-04-06,pickle_chips,2356.0,2206.0,0.0,150.0
2022-04-06,lettuce,614.0,564.0,0.0,50.0
2022-04-06,tomato,614.0,564.0,0.0,50.0
2022-04-06,cheese,112.5,321.0,262.5,54.0
2022-04-06,spice,842.0,818.0,0.0,24.0
2022-04-06,chicken_nuggets,14823.0,14355.5,0.0,467.5
2022-04-06,chicken_strips,11512.0,11442.0,0.0,70.0
2022-04-06,flat_bread,241.5,224.5,0.0,17.0
2022-04-06,mixed_greens,1357.0,1286.5,0.0,70.5
2022-04-06,shredded_monterey_jack,1520.0,1497.0,0.0,23.0
2022-04-06,waffle_fries,20396.960000000006,20236.260000000006,0.0,160.7
2022-04-06,roasted_corn_kernels,436.0,432.0,0.0,4.0
2022-04-06,crumbled_bacon,436.0,432.0,0.0,4.0
2022-04-06,avacado_lime_dressing,1486.0,1482.0,0.0,4.0
2022-04-06,red_bell_pepers,961.0,957.0,0.0,4.0
2022-04-06,grape tomatoes,1305.0,1285.0,0.0,20.0
2022-04-06,hard_boiled_egg,173.5,169.5,0.0,4.0
2022-04-06,blue_cheese,494.0,436.0,0.0,58.0
2022-04-06,apples,494.0,436.0,0.0,58.0
2022-04-06,strawberries,494.0,436.0,0.0,58.0
2022-04-06,blueberries,494.0,436.0,0.0,58.0
2022-04-06,harvest_nut_granola,494.0,436.0,0.0,58.0
2022-04-06,zesty_apple_vinagrette,494.0,436.0,0.0,58.0
2022-04-06,chicken_tenders,5768.0,5760.0,0.0,8.0
2022-04-06,biscuit,687.0,662.0,0.0,25.0
2022-04-06,chicken_mini_bread,1620.0,1602.0,0.0,18.0
2022-04-06,butter,347.5,347.5,0.0,0.0
2022-04-06,bacon,949.0,934.0,0.0,15.0
2022-04-06,tortilla,580.0,578.0,0.0,2.0
2022-04-06,eggs,298.0,267.0,0.0,31.0
2022-04-06,sausage,335.0,330.0,0.0,5.0
2022-04-06,bagel,213.0,191.0,0.0,22.0
2022-04-06,oatmeal,111.0,92.0,0.0,19.0
2022-04-06,fruit,414.0,391.0,0.0,23.0
2022-04-06,cream_cheese,317.0,310.0,0.0,7.0
2022-04-06,hash_brown,1522.0,1518.0,0.0,4.0
2022-04-06,yogurt_parfait,365.0,355.0,0.0,10.0
2022-04-06,cinamon_cluster,303.0,293.0,0.0,10.0
2022-04-06,lemonade,5956.800000000001,5904.700000000001,0.0,52.099999999999994
2022-04-06,straw,13722.0,13500.0,0.0,222.0
2022-04-06,small_drink_cup,7820.0,7793.0,0.0,27.0
2022-04-06,medium_drink_cup,5266.0,5114.0,0.0,152.0
2022-04-06,large_drink_cup,7636.0,7593.0,0.0,43.0
2022-04-06,lemonade_diet,3446.4000000000005,3424.1000000000004,0.0,22.3
2022-04-06,ice_tea_unsweet,1675.599999999999,1643.599999999999,0.0,32.0
2022-04-06,ice_tea_sweet,6220.999999999999,6173.699999999999,0.0,47.3
2022-04-06,soft_drink,20441.40000000001,20310.60000000001,0.0,130.8
2022-04-06,dasani_water_bottle,1079.0,1073.0,0.0,6.0
2022-04-06,orange_juice_bottle,1041.0,1041.0,0.0,0.0
2022-04-06,apple_juice,1011.0,1006.0,0.0,5.0
2022-04-06,ice_coffee,483.5,467.5,0.0,16.0
2022-04-06,coffee,1560.0,1537.75,0.0,22.25
2022-04-06,Coffee_box,315.0,304.0,0.0,11.0
2022-04-06,milk_chocolate,586.0,578.0,0.0,8.0
2022-04-06,milk,302.0,259.0,0.0,43.0
2022-04-06,icecream,582.0,491.0,0.0,91.0
2022-04-06,vanilla_flavor,432.0,424.0,0.0,8.0
2022-04-06,cream_flavor,432.0,425.0,0.0,7.0
2022-04-06,chunk_cookie,333.0,229.5,0.0,103.5
2022-04-06,chocolate_flavor,518.0,509.0,0.0,9.0
2022-04-06,strawberry_flavor,546.0,535.0,0.0,11.0
2022-04-06,frosted_extract,496.0,496.0,0.0,0.0
2022-04-06,icecream_cone,596.0,587.0,0.0,9.0
2022-04-06,icecream_come,680.0,668.0,0.0,12.0
2022-04-06,icecream_topping,558.0,555.0,0.0,3.0
2022-04-06,to_go_bag,22880.0,22761.0,0.0,119.0
2022-04-06,napkins,9400.0,8805.0,0.0,595.0
2022-04-06,ketchup,9824.0,9815.0,0.0,9.0
2022-04-06,ranch,9906.0,9887.0,0.0,19.0
2022-04-06,buffalo_sauce,9914.0,9905.0,0.0,9.0
2022-04-06,bbq_sauce,9962.0,9957.0,0.0,5.0
2022-04-06,polyneasian,9882.0,9872.0,0.0,10.0
2022-04-06,chickfala,9812.0,9798.0,0.0,14.0
2022-04-06,silverware,2982.0,2976.0,0.0,6.0
2022-04-07,fried_batter,471.80000000000007,313.20000000000005,0.0,158.6
2022-04-07,bun,277.0,248.0,0.0,29.0
2022-04-07,chicken_patty,1481.0,1403.5,0.0,77.5
2022-04-07,pickle_chips,2056.0,1969.0,0.0,87.0
2022-04-07,lettuce,514.0,470.0,0.0,44.0
2022-04-07,tomato,514.0,470.0,0.0,44.0
2022-04-07,cheese,529.5,491.5,0.0,38.0
2022-04-07,spice,794.0,771.0,0.0,23.0
2022-04-07,chicken_nuggets,13888.0,13353.5,0.0,534.5
2022-04-07,chicken_strips,11372.0,11312.0,0.0,60.0
2022-04-07,flat_bread,207.5,202.5,0.0,5.0
2022-04-07,mixed_greens,1216.0,1128.5,0.0,87.5
2022-04-07,shredded_monterey_jack,1474.0,1455.0,0.0,19.0
2022-04-07,waffle_fries,20075.560000000005,19924.100000000006,0.0,151.46
2022-04-07,roasted_corn_kernels,428.0,417.0,0.0,11.0
2022-04-07,crumbled_bacon,428.0,417.0,0.0,11.0
2022-04-07,avacado_lime_dressing,1478.0,1467.0,0.0,11.0
2022-04-07,red_bell_pepers,953.0,942.0,0.0,11.0
2022-04-07,grape tomatoes,1265.0,1210.0,0.0,55.0
2022-04-07,hard_boiled_egg,165.5,154.5,0.0,11.0
2022-04-07,blue_cheese,378.0,304.0,0.0,74.0
2022-04-07,apples,378.0,304.0,0.0,74.0
2022-04-07,strawberries,378.0,304.0,0.0,74.0
2022-04-07,blueberries,378.0,304.0,0.0,74.0
2022-04-07,harvest_nut_granola,378.0,304.0,0.0,74.0
2022-04-07,zesty_apple_vinagrette,378.0,304.0,0.0,74.0
2022-04-07,chicken_tenders,5752.0,5718.0,0.0,34.0
2022-04-07,biscuit,637.0,604.0,0.0,33.0
2022-04-07,chicken_mini_bread,1584.0,1512.0,0.0,72.0
2022-04-07,butter,347.5,346.25,0.0,1.25
2022-04-07,bacon,919.0,918.0,0.0,1.0
2022-04-07,tortilla,576.0,573.0,0.0,3.0
2022-04-07,eggs,236.0,217.0,0.0,19.0
2022-04-07,sausage,325.0,317.0,0.0,8.0
2022-04-07,bagel,169.0,140.0,0.0,29.0
2022-04-07,oatmeal,73.0,55.0,0.0,18.0
2022-04-07,fruit,368.0,350.5,0.0,17.5
2022-04-07,cream_cheese,303.0,290.0,0.0,13.0
2022-04-07,hash_brown,1514.0,1507.0,0.0,7.0
2022-04-07,yogurt_parfait,345.0,335.0,0.0,10.0
2022-04-07,cinamon_cluster,283.0,269.0,0.0,14.0
2022-04-07,lemonade,5852.6,5777.0,0.0,75.6
2022-04-07,straw,13278.0,13031.0,0.0,247.0
2022-04-07,small_drink_cup,7766.0,7734.0,0.0,32.0
2022-04-07,medium_drink_cup,4962.0,4804.0,0.0,158.0
2022-04-07,large_drink_cup,7550.0,7493.0,0.0,57.0
2022-04-07,lemonade_diet,3401.8,3380.5,0.0,21.299999999999997
2022-04-07,ice_tea_unsweet,1611.599999999999,1572.299999999999,0.0,39.3
2022-04-07,ice_tea_sweet,6126.399999999999,6067.799999999998,0.0,58.6
2022-04-07,soft_drink,20179.80000000001,20053.40000000001,0.0,126.4
2022-04-07,dasani_water_bottle,1067.0,1064.0,0.0,3.0
2022-04-07,orange_juice_bottle,1041.0,1023.0,0.0,18.0
2022-04-07,apple_juice,1001.0,988.0,0.0,13.0
2022-04-07,ice_coffee,451.5,437.75,0.0,13.75
2022-04-07,coffee,1515.5,1477.75,0.0,37.75
2022-04-07,Coffee_box,293.0,291.0,0.0,2.0
2022-04-07,milk_chocolate,570.0,561.0,0.0,9.0
2022-04-07,milk,216.0,167.0,0.0,49.0
2022-04-07,icecream,400.0,321.0,0.0,79.0
2022-04-07,vanilla_flavor,416.0,409.0,0.0,7.0
2022-04-07,cream_flavor,418.0,414.0,0.0,4.0
2022-04-07,chunk_cookie,126.0,447.0,350.0,29.0
2022-04-07,chocolate_flavor,500.0,486.0,0.0,14.0
2022-04-07,strawberry_flavor,524.0,520.0,0.0,4.0
2022-04-07,frosted_extract,496.0,488.0,0.0,8.0
2022-04-07,icecream_cone,578.0,566.0,0.0,12.0
2022-04-07,icecream_come,656.0,647.0,0.0,9.0
2022-04-07,icecream_topping,552.0,548.0,0.0,4.0
2022-04-07,to_go_bag,22642.0,22529.0,0.0,113.0
2022-04-07,napkins,8210.0,7645.0,0.0,565.0
2022-04-07,ketchup,9806.0,9791.0,0.0,15.0
2022-04-07,ranch,9868.0,9863.0,0.0,5.0
2022-04-07,buffalo_sauce,9896.0,9892.0,0.0,4.0
2022-04-07,bbq_sauce,9952.0,9945.0,0.0,7.0
2022-04-07,polyneasian,9862.0,9857.0,0.0,5.0
2022-04-07,chickfala,9784.0,9766.0,0.0,18.0
2022-04-07,silverware,2970.0,2966.0,0.0,4.0
2022-04-08,fried_batter,154.60000000000005,536.4000000000001,525.0,143.2
2022-04-08,bun,219.0,169.0,0.0,50.0
2022-04-08,chicken_patty,1326.0,1241.5,0.0,84.5
2022-04-08,pickle_chips,1882.0,1732.0,0.0,150.0
2022-04-08,lettuce,426.0,386.0,0.0,40.0
2022-04-08,tomato,426.0,386.0,0.0,40.0
2022-04-08,cheese,453.5,409.5,0.0,44.0
2022-04-08,spice,748.0,724.0,0.0,24.0
2022-04-08,chicken_nuggets,12819.0,12358.0,0.0,461.0
2022-04-08,chicken_strips,11252.0,11182.0,0.0,70.0
2022-04-08,flat_bread,197.5,187.5,0.0,10.0
2022-04-08,mixed_greens,1041.0,977.0,0.0,64.0
2022-04-08,shredded_monterey_jack,1436.0,1400.0,0.0,36.0
2022-04-08,waffle_fries,19772.640000000007,19601.260000000006,0.0,171.38
2022-04-08,roasted_corn_kernels,406.0,401.0,0.0,5.0
2022-04-08,crumbled_bacon,406.0,401.0,0.0,5.0
2022-04-08,avacado_lime_dressing,1456.0,1451.0,0.0,5.0
2022-04-08,red_bell_pepers,931.0,926.0,0.0,5.0
2022-04-08,grape tomatoes,1155.0,1130.0,0.0,25.0
2022-04-08,hard_boiled_egg,143.5,138.5,0.0,5.0
2022-04-08,blue_cheese,230.0,176.0,0.0,54.0
2022-04-08,apples,230.0,176.0,0.0,54.0
2022-04-08,strawberries,230.0,176.0,0.0,54.0
2022-04-08,blueberries,230.0,176.0,0.0,54.0
2022-04-08,harvest_nut_granola,230.0,176.0,0.0,54.0
2022-04-08,zesty_apple_vinagrette,230.0,176.0,0.0,54.0
2022-04-08,chicken_tenders,5684.0,5672.0,0.0,12.0
2022-04-08,biscuit,571.0,537.0,0.0,34.0
2022-04-08,chicken_mini_bread,1440.0,1398.0,0.0,42.0
2022-04-08,butter,345.0,343.5,0.0,1.5
2022-04-08,bacon,917.0,904.0,0.0,13.0
2022-04-08,tortilla,570.0,549.0,0.0,21.0
2022-04-08,eggs,198.0,153.0,0.0,45.0
2022-04-08,sausage,309.0,303.0,0.0,6.0
2022-04-08,bagel,111.0,95.0,0.0,16.0
2022-04-08,oatmeal,37.0,192.0,175.0,20.0
2022-04-08,fruit,333.0,311.0,0.0,22.0
2022-04-08,cream_cheese,277.0,271.0,0.0,6.0
2022-04-08,hash_brown,1500.0,1499.0,0.0,1.0
2022-04-08,yogurt_parfait,325.0,317.0,0.0,8.0
2022-04-08,cinamon_cluster,255.0,252.0,0.0,3.0
2022-04-08,lemonade,5701.4,5647.799999999999,0.0,53.60000000000001
2022-04-08,straw,12784.0,12519.0,0.0,265.0
2022-04-08,small_drink_cup,7702.0,7653.0,0.0,49.0
2022-04-08,medium_drink_cup,4646.0,4461.0,0.0,185.0
2022-04-08,large_drink_cup,7436.0,7405.0,0.0,31.0
2022-04-08,lemonade_diet,3359.2,3324.0,0.0,35.2
2022-04-08,ice_tea_unsweet,1532.999999999999,1521.3999999999992,0.0,11.600000000000001
2022-04-08,ice_tea_sweet,6009.199999999998,5953.799999999998,0.0,55.4
2022-04-08,soft_drink,19927.000000000007,19764.300000000007,0.0,162.7
2022-04-08,dasani_water_bottle,1061.0,1041.0,0.0,20.0
2022-04-08,orange_juice_bottle,1005.0,995.0,0.0,10.0
2022-04-08,apple_juice,975.0,971.0,0.0,4.0
2022-04-08,ice_coffee,424.0,419.25,0.0,4.75
2022-04-08,coffee,1440.0,1416.0,0.0,24.0
2022-04-08,Coffee_box,289.0,283.0,0.0,6.0
2022-04-08,milk_chocolate,552.0,548.0,0.0,4.0
2022-04-08,milk,118.0,425.0,350.0,43.0
2022-04-08,icecream,242.0,154.0,0.0,88.0
2022-04-08,vanilla_flavor,402.0,400.0,0.0,2.0
2022-04-08,cream_flavor,410.0,403.0,0.0,7.0
2022-04-08,chunk_cookie,768.0,706.5,0.0,61.5
2022-04-08,chocolate_flavor,472.0,460.0,0.0,12.0
2022-04-08,strawberry_flavor,516.0,504.0,0.0,12.0
2022-04-08,frosted_extract,480.0,472.0,0.0,8.0
2022-04-08,icecream_cone,554.0,550.0,0.0,4.0
2022-04-08,icecream_come,638.0,620.0,0.0,18.0
2022-04-08,icecream_topping,544.0,531.0,0.0,13.0
2022-04-08,to_go_bag,22416.0,22294.0,0.0,122.0
2022-04-08,napkins,7080.0,6470.0,0.0,610.0
2022-04-08,ketchup,9776.0,9776.0,0.0,0.0
2022-04-08,ranch,9858.0,9850.0,0.0,8.0
2022-04-08,buffalo_sauce,9888.0,9878.0,0.0,10.0
2022-04-08,bbq_sauce,9938.0,9929.0,0.0,9.0
2022-04-08,polyneasian,9852.0,9848.0,0.0,4.0
2022-04-08,chickfala,9748.0,9743.0,0.0,5.0
2022-04-08,silverware,2962.0,2959.0,0.0,3.0
2022-04-09,fried_batter,918.2,797.2,0.0,120.99999999999999
2022-04-09,bun,119.0,613.0,525.0,31.0
2022-04-09,chicken_patty,1157.0,1091.0,0.0,66.0
2022-04-09,pickle_chips,1582.0,1489.0,0.0,93.0
2022-04-09,lettuce,346.0,308.0,0.0,38.0
2022-04-09,tomato,346.0,308.0,0.0,38.0
2022-04-09,cheese,365.5,319.5,0.0,46.0
2022-04-09,spice,700.0,676.0,0.0,24.0
2022-04-09,chicken_nuggets,11897.0,11482.0,0.0,415.0
2022-04-09,chicken_strips,11112.0,11063.0,0.0,49.0
2022-04-09,flat_bread,177.5,173.5,0.0,4.0
2022-04-09,mixed_greens,913.0,841.0,0.0,72.0
2022-04-09,shredded_monterey_jack,1364.0,1347.0,0.0,17.0
2022-04-09,waffle_fries,19429.880000000005,19298.420000000006,0.0,131.45999999999998
2022-04-09,roasted_corn_kernels,396.0,390.0,0.0,6.0
2022-04-09,crumbled_bacon,396.0,390.0,0.0,6.0
2022-04-09,avacado_lime_dressing,1446.0,1440.0,0.0,6.0
2022-04-09,red_bell_pepers,921.0,915.0,0.0,6.0
2022-04-09,grape tomatoes,1105.0,1075.0,0.0,30.0
2022-04-09,hard_boiled_egg,133.5,127.5,0.0,6.0
2022-04-09,blue_cheese,122.0,408.0,350.0,64.0
2022-04-09,apples,122.0,408.0,350.0,64.0
2022-04-09,strawberries,122.0,408.0,350.0,64.0
2022-04-09,blueberries,122.0,408.0,350.0,64.0
2022-04-09,harvest_nut_granola,122.0,408.0,350.0,64.0
2022-04-09,zesty_apple_vinagrette,122.0,408.0,350.0,64.0
2022-04-09,chicken_tenders,5660.0,5646.0,0.0,14.0
2022-04-09,biscuit,503.0,451.0,0.0,52.0
2022-04-09,chicken_mini_bread,1356.0,1329.0,0.0,27.0
2022-04-09,butter,342.0,338.25,0.0,3.75
2022-04-09,bacon,891.0,873.0,0.0,18.0
2022-04-09,tortilla,528.0,521.0,0.0,7.0
2022-04-09,eggs,108.0,424.0,350.0,34.0
2022-04-09,sausage,297.0,290.0,0.0,7.0
2022-04-09,bagel,79.0,222.0,175.0,32.0
2022-04-09,oatmeal,347.0,332.0,0.0,15.0
2022-04-09,fruit,289.0,267.5,0.0,21.5
2022-04-09,cream_cheese,265.0,249.0,0.0,16.0
2022-04-09,hash_brown,1498.0,1490.0,0.0,8.0
2022-04-09,yogurt_parfait,309.0,300.0,0.0,9.0
2022-04-09,cinamon_cluster,249.0,243.0,0.0,6.0
2022-04-09,lemonade,5594.199999999999,5538.899999999999,0.0,55.300000000000004
2022-04-09,straw,12254.0,12016.0,0.0,238.0
2022-04-09,small_drink_cup,7604.0,7576.0,0.0,28.0
2022-04-09,medium_drink_cup,4276.0,4121.0,0.0,155.0
2022-04-09,large_drink_cup,7374.0,7319.0,0.0,55.0
2022-04-09,lemonade_diet,3288.8,3265.5,0.0,23.3
2022-04-09,ice_tea_unsweet,1509.7999999999993,1476.7999999999993,0.0,33.0
2022-04-09,ice_tea_sweet,5898.399999999999,5834.5999999999985,0.0,63.80000000000001
2022-04-09,soft_drink,19601.600000000006,19449.000000000007,0.0,152.6
2022-04-09,dasani_water_bottle,1021.0,1017.0,0.0,4.0
2022-04-09,orange_juice_bottle,985.0,972.0,0.0,13.0
2022-04-09,apple_juice,967.0,964.0,0.0,3.0
2022-04-09,ice_coffee,414.5,389.0,0.0,25.5
2022-04-09,coffee,1392.0,1371.5,0.0,20.5
2022-04-09,Coffee_box,277.0,275.0,0.0,2.0
2022-04-09,milk_chocolate,544.0,533.0,0.0,11.0
2022-04-09,milk,732.0,673.0,0.0,59.0
2022-04-09,icecream,66.0,296.0,350.0,120.0
2022-04-09,vanilla_flavor,398.0,387.0,0.0,11.0
2022-04-09,cream_flavor,396.0,385.0,0.0,11.0
2022-04-09,chunk_cookie,645.0,545.5,0.0,99.5
2022-04-09,chocolate_flavor,448.0,433.0,0.0,15.0
2022-04-09,strawberry_flavor,492.0,480.0,0.0,12.0
2022-04-09,frosted_extract,464.0,453.0,0.0,11.0
2022-04-09,icecream_cone,546.0,534.0,0.0,12.0
2022-04-09,icecream_come,602.0,592.0,0.0,10.0
2022-04-09,icecream_topping,518.0,514.0,0.0,4.0
2022-04-09,to_go_bag,22172.0,22048.0,0.0,124.0
2022-04-09,napkins,5860.0,5240.0,0.0,620.0
2022-04-09,ketchup,9776.0,9765.0,0.0,11.0
2022-04-09,ranch,9842.0,9819.0,0.0,23.0
2022-04-09,buffalo_sauce,9868.0,9867.0,0.0,1.0
2022-04-09,bbq_sauce,9920.0,9914.0,0.0,6.0
2022-04-09,polyneasian,9844.0,9840.0,0.0,4.0
2022-04-09,chickfala,9738.0,9726.0,0.0,12.0
2022-04-09,silverware,2956.0,2952.0,0.0,4.0
2022-04-11,fried_batter,676.2,536.8000000000001,0.0,139.4
2022-04-11,bun,1107.0,1080.0,0.0,27.0
2022-04-11,chicken_patty,1025.0,965.5,0.0,59.5
2022-04-11,pickle_chips,1396.0,1315.0,0.0,81.0
2022-04-11,lettuce,270.0,242.0,0.0,28.0
2022-04-11,tomato,270.0,242.0,0.0,28.0
2022-04-11,cheese,273.5,234.5,0.0,39.0
2022-04-11,spice,652.0,640.0,0.0,12.0
2022-04-11,chicken_nuggets,11067.0,10609.5,0.0,457.5
2022-04-11,chicken_strips,11014.0,10963.0,0.0,51.0
2022-04-11,flat_bread,169.5,160.5,0.0,9.0
2022-04-11,mixed_greens,769.0,709.5,0.0,59.5
2022-04-11,shredded_monterey_jack,1330.0,1288.0,0.0,42.0
2022-04-11,waffle_fries,19166.960000000006,19020.760000000006,0.0,146.2
2022-04-11,roasted_corn_kernels,384.0,376.0,0.0,8.0
2022-04-11,crumbled_bacon,384.0,376.0,0.0,8.0
2022-04-11,avacado_lime_dressing,1434.0,1426.0,0.0,8.0
2022-04-11,red_bell_pepers,909.0,901.0,0.0,8.0
2022-04-11,grape tomatoes,1045.0,1005.0,0.0,40.0
2022-04-11,hard_boiled_egg,121.5,113.5,0.0,8.0
2022-04-11,blue_cheese,694.0,647.0,0.0,47.0
2022-04-11,apples,694.0,647.0,0.0,47.0
2022-04-11,strawberries,694.0,647.0,0.0,47.0
2022-04-11,blueberries,694.0,647.0,0.0,47.0
2022-04-11,harvest_nut_granola,694.0,647.0,0.0,47.0
2022-04-11,zesty_apple_vinagrette,694.0,647.0,0.0,47.0
2022-04-11,chicken_tenders,5632.0,5616.0,0.0,16.0
2022-04-11,biscuit,399.0,380.0,0.0,19.0
2022-04-11,chicken_mini_bread,1302.0,1245.0,0.0,57.0
2022-04-11,butter,334.5,333.75,0.0,0.75
2022-04-11,bacon,855.0,849.0,0.0,6.0
2022-04-11,tortilla,514.0,489.0,0.0,25.0
2022-04-11,eggs,740.0,690.0,0.0,50.0
2022-04-11,sausage,283.0,280.0,0.0,3.0
2022-04-11,bagel,365.0,340.0,0.0,25.0
2022-04-11,oatmeal,317.0,307.0,0.0,10.0
2022-04-11,fruit,246.0,236.0,0.0,10.0
2022-04-11,cream_cheese,233.0,230.0,0.0,3.0
2022-04-11,hash_brown,1482.0,1473.0,0.0,9.0
2022-04-11,yogurt_parfait,291.0,278.0,0.0,13.0
2022-04-11,cinamon_cluster,237.0,225.0,0.0,12.0
2022-04-11,lemonade,5483.5999999999985,5431.799999999998,0.0,51.80000000000001
2022-04-11,straw,11778.0,11523.0,0.0,255.0
2022-04-11,small_drink_cup,7548.0,7499.0,0.0,49.0
2022-04-11,medium_drink_cup,3966.0,3794.0,0.0,172.0
2022-04-11,large_drink_cup,7264.0,7230.0,0.0,34.0
2022-04-11,lemonade_diet,3242.2,3218.7999999999997,0.0,23.4
2022-04-11,ice_tea_unsweet,1443.7999999999993,1409.0999999999992,0.0,34.699999999999996
2022-04-11,ice_tea_sweet,5770.799999999998,5729.699999999998,0.0,41.1
2022-04-11,soft_drink,19296.40000000001,19157.30000000001,0.0,139.10000000000002
2022-04-11,dasani_water_bottle,1013.0,1013.0,0.0,0.0
2022-04-11,orange_juice_bottle,959.0,946.0,0.0,13.0
2022-04-11,apple_juice,961.0,946.0,0.0,15.0
2022-04-11,ice_coffee,363.5,349.0,0.0,14.5
2022-04-11,coffee,1351.0,1324.75,0.0,26.25
2022-04-11,Coffee_box,273.0,267.0,0.0,6.0
2022-04-11,milk_chocolate,522.0,497.0,0.0,25.0
2022-04-11,milk,614.0,573.0,0.0,41.0
2022-04-11,icecream,526.0,406.0,0.0,120.0
2022-04-11,vanilla_flavor,376.0,356.0,0.0,20.0
2022-04-11,cream_flavor,374.0,371.0,0.0,3.0
2022-04-11,chunk_cookie,446.0,398.5,0.0,47.5
2022-04-11,chocolate_flavor,418.0,414.0,0.0,4.0
2022-04-11,strawberry_flavor,468.0,455.0,0.0,13.0
2022-04-11,frosted_extract,442.0,435.0,0.0,7.0
2022-04-11,icecream_cone,522.0,498.0,0.0,24.0
2022-04-11,icecream_come,582.0,566.0,0.0,16.0
2022-04-11,icecream_topping,510.0,504.0,0.0,6.0
2022-04-11,to_go_bag,21924.0,21802.0,0.0,122.0
2022-04-11,napkins,4620.0,4010.0,0.0,610.0
2022-04-11,ketchup,9754.0,9745.0,0.0,9.0
2022-04-11,ranch,9796.0,9785.0,0.0,11.0
2022-04-11,buffalo_sauce,9866.0,9859.0,0.0,7.0
2022-04-11,bbq_sauce,9908.0,9903.0,0.0,5.0
2022-04-11,polyneasian,9836.0,9832.0,0.0,4.0
2022-04-11,chickfala,9714.0,9705.0,0.0,9.0
2022-04-11,silverware,2948.0,2946.0,0.0,2.0
2022-04-12,fried_batter,397.4000000000001,241.0000000000001,0.0,156.39999999999998
2022-04-12,bun,1053.0,978.0,0.0,75.0
2022-04-12,chicken_patty,906.0,801.0,0.0,105.0
2022-04-12,pickle_chips,1234.0,1009.0,0.0,225.0
2022-04-12,lettuce,214.0,150.0,0.0,64.0
2022-04-12,tomato,214.0,150.0,0.0,64.0
2022-04-12,cheese,195.5,144.5,0.0,51.0
2022-04-12,spice,628.0,599.0,0.0,29.0
2022-04-12,chicken_nuggets,10152.0,9692.5,0.0,459.5
2022-04-12,chicken_strips,10912.0,10886.0,0.0,26.0
2022-04-12,flat_bread,151.5,148.5,0.0,3.0
2022-04-12,mixed_greens,650.0,588.5,0.0,61.5
2022-04-12,shredded_monterey_jack,1246.0,1238.0,0.0,8.0
2022-04-12,waffle_fries,18874.560000000005,18738.300000000007,0.0,136.26
2022-04-12,roasted_corn_kernels,368.0,365.0,0.0,3.0
2022-04-12,crumbled_bacon,368.0,365.0,0.0,3.0
2022-04-12,avacado_lime_dressing,1418.0,1415.0,0.0,3.0
2022-04-12,red_bell_pepers,893.0,890.0,0.0,3.0
2022-04-12,grape tomatoes,965.0,950.0,0.0,15.0
2022-04-12,hard_boiled_egg,105.5,102.5,0.0,3.0
2022-04-12,blue_cheese,600.0,543.0,0.0,57.0
2022-04-12,apples,600.0,543.0,0.0,57.0
2022-04-12,strawberries,600.0,543.0,0.0,57.0
2022-04-12,blueberries,600.0,543.0,0.0,57.0
2022-04-12,harvest_nut_granola,600.0,543.0,0.0,57.0
2022-04-12,zesty_apple_vinagrette,600.0,543.0,0.0,57.0
2022-04-12,chicken_tenders,5600.0,5576.0,0.0,24.0
2022-04-12,biscuit,361.0,319.0,0.0,42.0
2022-04-12,chicken_mini_bread,1188.0,1137.0,0.0,51.0
2022-04-12,butter,333.0,331.0,0.0,2.0
2022-04-12,bacon,843.0,842.0,0.0,1.0
2022-04-12,tortilla,464.0,462.0,0.0,2.0
2022-04-12,eggs,640.0,619.0,0.0,21.0
2022-04-12,sausage,277.0,262.0,0.0,15.0
2022-04-12,bagel,315.0,297.0,0.0,18.0
2022-04-12,oatmeal,297.0,280.0,0.0,17.0
2022-04-12,fruit,226.0,202.5,0.0,23.5
2022-04-12,cream_cheese,227.0,212.0,0.0,15.0
2022-04-12,hash_brown,1464.0,1462.0,0.0,2.0
2022-04-12,yogurt_parfait,265.0,259.0,0.0,6.0
2022-04-12,cinamon_cluster,213.0,209.0,0.0,4.0
2022-04-12,lemonade,5379.999999999998,5309.899999999998,0.0,70.10000000000001
2022-04-12,straw,11268.0,11004.0,0.0,264.0
2022-04-12,small_drink_cup,7450.0,7397.0,0.0,53.0
2022-04-12,medium_drink_cup,3622.0,3461.0,0.0,161.0
2022-04-12,large_drink_cup,7196.0,7146.0,0.0,50.0
2022-04-12,lemonade_diet,3195.3999999999996,3144.4999999999995,0.0,50.9
2022-04-12,ice_tea_unsweet,1374.3999999999992,1336.499999999999,0.0,37.9
2022-04-12,ice_tea_sweet,5688.599999999998,5653.799999999997,0.0,34.8
2022-04-12,soft_drink,19018.20000000001,18880.600000000013,0.0,137.6
2022-04-12,dasani_water_bottle,1013.0,1009.0,0.0,4.0
2022-04-12,orange_juice_bottle,933.0,927.0,0.0,6.0
2022-04-12,apple_juice,931.0,917.0,0.0,14.0
2022-04-12,ice_coffee,334.5,318.25,0.0,16.25
2022-04-12,coffee,1298.5,1278.75,0.0,19.75
2022-04-12,Coffee_box,261.0,252.0,0.0,9.0
2022-04-12,milk_chocolate,472.0,459.0,0.0,13.0
2022-04-12,milk,532.0,484.0,0.0,48.0
2022-04-12,icecream,286.0,180.0,0.0,106.0
2022-04-12,vanilla_flavor,336.0,326.0,0.0,10.0
2022-04-12,cream_flavor,368.0,361.0,0.0,7.0
2022-04-12,chunk_cookie,351.0,280.5,0.0,70.5
2022-04-12,chocolate_flavor,410.0,406.0,0.0,4.0
2022-04-12,strawberry_flavor,442.0,423.0,0.0,19.0
2022-04-12,frosted_extract,428.0,426.0,0.0,2.0
2022-04-12,icecream_cone,474.0,463.0,0.0,11.0
2022-04-12,icecream_come,550.0,535.0,0.0,15.0
2022-04-12,icecream_topping,498.0,494.0,0.0,4.0
2022-04-12,to_go_bag,21680.0,21556.0,0.0,124.0
2022-04-12,napkins,3400.0,13280.0,10500.0,620.0
2022-04-12,ketchup,9736.0,9731.0,0.0,5.0
2022-04-12,ranch,9774.0,9767.0,0.0,7.0
2022-04-12,buffalo_sauce,9852.0,9847.0,0.0,5.0
2022-04-12,bbq_sauce,9898.0,9888.0,0.0,10.0
2022-04-12,polyneasian,9828.0,9821.0,0.0,7.0
2022-04-12,chickfala,9696.0,9680.0,0.0,16.0
2022-04-12,silverware,2944.0,2934.0,0.0,10.0
2022-04-13,fried_batter,84.60000000000014,479.0000000000001,525.0,130.6
2022-04-13,bun,903.0,873.0,0.0,30.0
2022-04-13,chicken_patty,696.0,624.5,0.0,71.5
2022-04-13,pickle_chips,784.0,694.0,0.0,90.0
2022-04-13,lettuce,86.0,388.0,350.0,48.0
2022-04-13,tomato,86.0,388.0,350.0,48.0
2022-04-13,cheese,93.5,302.0,262.5,54.0
2022-04-13,spice,570.0,546.0,0.0,24.0
2022-04-13,chicken_nuggets,9233.0,8663.0,0.0,570.0
2022-04-13,chicken_strips,10860.0,10809.0,0.0,51.0
2022-04-13,flat_bread,145.5,139.5,0.0,6.0
2022-04-13,mixed_greens,527.0,439.0,0.0,88.0
2022-04-13,shredded_monterey_jack,1230.0,1201.0,0.0,29.0
2022-04-13,waffle_fries,18602.040000000008,18453.680000000008,0.0,148.36
2022-04-13,roasted_corn_kernels,362.0,354.0,0.0,8.0
2022-04-13,crumbled_bacon,362.0,354.0,0.0,8.0
2022-04-13,avacado_lime_dressing,1412.0,1404.0,0.0,8.0
2022-04-13,red_bell_pepers,887.0,879.0,0.0,8.0
2022-04-13,grape tomatoes,935.0,895.0,0.0,40.0
2022-04-13,hard_boiled_egg,99.5,91.5,0.0,8.0
2022-04-13,blue_cheese,486.0,409.0,0.0,77.0
2022-04-13,apples,486.0,409.0,0.0,77.0
2022-04-13,strawberries,486.0,409.0,0.0,77.0
2022-04-13,blueberries,486.0,409.0,0.0,77.0
2022-04-13,harvest_nut_granola,486.0,409.0,0.0,77.0
2022-04-13,zesty_apple_vinagrette,486.0,409.0,0.0,77.0
2022-04-13,chicken_tenders,5552.0,5536.0,0.0,16.0
2022-04-13,biscuit,277.0,234.0,0.0,43.0
2022-04-13,chicken_mini_bread,1086.0,1047.0,0.0,39.0
2022-04-13,butter,329.0,326.25,0.0,2.75
2022-04-13,bacon,841.0,829.0,0.0,12.0
2022-04-13,tortilla,460.0,445.0,0.0,15.0
2022-04-13,eggs,598.0,553.0,0.0,45.0
2022-04-13,sausage,247.0,236.0,0.0,11.0
2022-04-13,bagel,279.0,265.0,0.0,14.0
2022-04-13,oatmeal,263.0,247.0,0.0,16.0
2022-04-13,fruit,179.0,141.0,0.0,38.0
2022-04-13,cream_cheese,197.0,190.0,0.0,7.0
2022-04-13,hash_brown,1460.0,1449.0,0.0,11.0
2022-04-13,yogurt_parfait,253.0,249.0,0.0,4.0
2022-04-13,cinamon_cluster,205.0,188.0,0.0,17.0
2022-04-13,lemonade,5239.799999999997,5194.299999999997,0.0,45.5
2022-04-13,straw,10740.0,10501.0,0.0,239.0
2022-04-13,small_drink_cup,7344.0,7304.0,0.0,40.0
2022-04-13,medium_drink_cup,3300.0,3134.0,0.0,166.0
2022-04-13,large_drink_cup,7096.0,7063.0,0.0,33.0
2022-04-13,lemonade_diet,3093.5999999999995,3079.5999999999995,0.0,14.0
2022-04-13,ice_tea_unsweet,1298.599999999999,1272.199999999999,0.0,26.4
2022-04-13,ice_tea_sweet,5618.999999999997,5547.499999999997,0.0,71.5
2022-04-13,soft_drink,18743.000000000015,18600.000000000015,0.0,143.0
2022-04-13,dasani_water_bottle,1005.0,999.0,0.0,6.0
2022-04-13,orange_juice_bottle,921.0,914.0,0.0,7.0
2022-04-13,apple_juice,903.0,901.0,0.0,2.0
2022-04-13,ice_coffee,302.0,290.0,0.0,12.0
2022-04-13,coffee,1259.0,1235.75,0.0,23.25
2022-04-13,Coffee_box,243.0,240.0,0.0,3.0
2022-04-13,milk_chocolate,446.0,435.0,0.0,11.0
2022-04-13,milk,436.0,395.0,0.0,41.0
2022-04-13,icecream,74.0,345.0,350.0,79.0
2022-04-13,vanilla_flavor,316.0,302.0,0.0,14.0
2022-04-13,cream_flavor,354.0,348.0,0.0,6.0
2022-04-13,chunk_cookie,210.0,159.0,0.0,51.0
2022-04-13,chocolate_flavor,402.0,395.0,0.0,7.0
2022-04-13,strawberry_flavor,404.0,398.0,0.0,6.0
2022-04-13,frosted_extract,424.0,412.0,0.0,12.0
2022-04-13,icecream_cone,452.0,447.0,0.0,5.0
2022-04-13,icecream_come,520.0,512.0,0.0,8.0
2022-04-13,icecream_topping,490.0,486.0,0.0,4.0
2022-04-13,to_go_bag,21432.0,21313.0,0.0,119.0
2022-04-13,napkins,23160.0,22565.0,0.0,595.0
2022-04-13,ketchup,9726.0,9711.0,0.0,15.0
2022-04-13,ranch,9760.0,9752.0,0.0,8.0
2022-04-13,buffalo_sauce,9842.0,9839.0,0.0,3.0
2022-04-13,bbq_sauce,9878.0,9874.0,0.0,4.0
2022-04-13,polyneasian,9814.0,9803.0,0.0,11.0
2022-04-13,chickfala,9664.0,9661.0,0.0,3.0
2022-04-13,silverware,2924.0,2924.0,0.0,0.0
2022-04-14,fried_batter,873.4000000000001,734.0000000000001,0.0,139.4
2022-04-14,bun,843.0,788.0,0.0,55.0
2022-04-14,chicken_patty,553.0,462.0,0.0,91.0
2022-04-14,pickle_chips,604.0,2189.0,1750.0,165.0
2022-04-14,lettuce,690.0,630.0,0.0,60.0
2022-04-14,tomato,690.0,630.0,0.0,60.0
2022-04-14,cheese,510.5,454.5,0.0,56.0
2022-04-14,spice,522.0,498.0,0.0,24.0
2022-04-14,chicken_nuggets,8093.0,7661.5,0.0,431.5
2022-04-14,chicken_strips,10758.0,10724.0,0.0,34.0
2022-04-14,flat_bread,133.5,124.5,0.0,9.0
2022-04-14,mixed_greens,351.0,289.5,0.0,61.5
2022-04-14,shredded_monterey_jack,1172.0,1151.0,0.0,21.0
2022-04-14,waffle_fries,18305.320000000007,18158.460000000006,0.0,146.86
2022-04-14,roasted_corn_kernels,346.0,334.0,0.0,12.0
2022-04-14,crumbled_bacon,346.0,334.0,0.0,12.0
2022-04-14,avacado_lime_dressing,1396.0,1384.0,0.0,12.0
2022-04-14,red_bell_pepers,871.0,859.0,0.0,12.0
2022-04-14,grape tomatoes,855.0,795.0,0.0,60.0
2022-04-14,hard_boiled_egg,83.5,334.0,262.5,12.0
2022-04-14,blue_cheese,332.0,287.0,0.0,45.0
2022-04-14,apples,332.0,287.0,0.0,45.0
2022-04-14,strawberries,332.0,287.0,0.0,45.0
2022-04-14,blueberries,332.0,287.0,0.0,45.0
2022-04-14,harvest_nut_granola,332.0,287.0,0.0,45.0
2022-04-14,zesty_apple_vinagrette,332.0,287.0,0.0,45.0
2022-04-14,chicken_tenders,5520.0,5504.0,0.0,16.0
2022-04-14,biscuit,191.0,160.0,0.0,31.0
2022-04-14,chicken_mini_bread,1008.0,960.0,0.0,48.0
2022-04-14,butter,323.5,322.0,0.0,1.5
2022-04-14,bacon,817.0,809.0,0.0,8.0
2022-04-14,tortilla,430.0,430.0,0.0,0.0
2022-04-14,eggs,508.0,482.0,0.0,26.0
2022-04-14,sausage,225.0,218.0,0.0,7.0
2022-04-14,bagel,251.0,228.0,0.0,23.0
2022-04-14,oatmeal,231.0,220.0,0.0,11.0
2022-04-14,fruit,103.0,416.0,350.0,37.0
2022-04-14,cream_cheese,183.0,176.0,0.0,7.0
2022-04-14,hash_brown,1438.0,1431.0,0.0,7.0
2022-04-14,yogurt_parfait,245.0,242.0,0.0,3.0
2022-04-14,cinamon_cluster,171.0,158.0,0.0,13.0
2022-04-14,lemonade,5148.799999999997,5085.799999999997,0.0,63.00000000000001
2022-04-14,straw,10262.0,9982.0,0.0,280.0
2022-04-14,small_drink_cup,7264.0,7207.0,0.0,57.0
2022-04-14,medium_drink_cup,2968.0,2786.0,0.0,182.0
2022-04-14,large_drink_cup,7030.0,6989.0,0.0,41.0
2022-04-14,lemonade_diet,3065.5999999999995,3057.5999999999995,0.0,8.0
2022-04-14,ice_tea_unsweet,1245.7999999999988,1204.199999999999,0.0,41.6
2022-04-14,ice_tea_sweet,5475.999999999997,5413.599999999998,0.0,62.4
2022-04-14,soft_drink,18457.000000000015,18295.300000000014,0.0,161.7
2022-04-14,dasani_water_bottle,993.0,985.0,0.0,8.0
2022-04-14,orange_juice_bottle,907.0,899.0,0.0,8.0
2022-04-14,apple_juice,899.0,896.0,0.0,3.0
2022-04-14,ice_coffee,278.0,271.75,0.0,6.25
2022-04-14,coffee,1212.5,1202.75,0.0,9.75
2022-04-14,Coffee_box,237.0,222.0,0.0,15.0
2022-04-14,milk_chocolate,424.0,421.0,0.0,3.0
2022-04-14,milk,354.0,325.0,0.0,29.0
2022-04-14,icecream,616.0,543.0,0.0,73.0
2022-04-14,vanilla_flavor,288.0,280.0,0.0,8.0
2022-04-14,cream_flavor,342.0,337.0,0.0,5.0
2022-04-14,chunk_cookie,108.0,418.5,350.0,39.5
2022-04-14,chocolate_flavor,388.0,384.0,0.0,4.0
2022-04-14,strawberry_flavor,392.0,382.0,0.0,10.0
2022-04-14,frosted_extract,400.0,386.0,0.0,14.0
2022-04-14,icecream_cone,442.0,431.0,0.0,11.0
2022-04-14,icecream_come,504.0,496.0,0.0,8.0
2022-04-14,icecream_topping,482.0,478.0,0.0,4.0
2022-04-14,to_go_bag,21194.0,21085.0,0.0,109.0
2022-04-14,napkins,21970.0,21425.0,0.0,545.0
2022-04-14,ketchup,9696.0,9685.0,0.0,11.0
2022-04-14,ranch,9744.0,9735.0,0.0,9.0
2022-04-14,buffalo_sauce,9836.0,9830.0,0.0,6.0
2022-04-14,bbq_sauce,9870.0,9865.0,0.0,5.0
2022-04-14,polyneasian,9792.0,9788.0,0.0,4.0
2022-04-14,chickfala,9658.0,9654.0,0.0,4.0
2022-04-14,silverware,2924.0,2916.0,0.0,8.0
2022-04-15,fried_batter,594.6000000000001,456.8000000000002,0.0,137.79999999999998
2022-04-15,bun,733.0,699.0,0.0,34.0
2022-04-15,chicken_patty,371.0,295.5,0.0,75.5
2022-04-15,pickle_chips,3774.0,3672.0,0.0,102.0
2022-04-15,lettuce,570.0,530.0,0.0,40.0
2022-04-15,tomato,570.0,530.0,0.0,40.0
2022-04-15,cheese,398.5,348.5,0.0,50.0
2022-04-15,spice,474.0,453.0,0.0,21.0
2022-04-15,chicken_nuggets,7230.0,6831.0,0.0,399.0
2022-04-15,chicken_strips,10690.0,10611.0,0.0,79.0
2022-04-15,flat_bread,115.5,101.5,0.0,14.0
2022-04-15,mixed_greens,228.0,867.0,700.0,61.0
2022-04-15,shredded_monterey_jack,1130.0,1103.0,0.0,27.0
2022-04-15,waffle_fries,18011.600000000006,17847.000000000007,0.0,164.60000000000002
2022-04-15,roasted_corn_kernels,322.0,319.0,0.0,3.0
2022-04-15,crumbled_bacon,322.0,319.0,0.0,3.0
2022-04-15,avacado_lime_dressing,1372.0,1369.0,0.0,3.0
2022-04-15,red_bell_pepers,847.0,844.0,0.0,3.0
2022-04-15,grape tomatoes,735.0,720.0,0.0,15.0
2022-04-15,hard_boiled_egg,584.5,581.5,0.0,3.0
2022-04-15,blue_cheese,242.0,191.0,0.0,51.0
2022-04-15,apples,242.0,191.0,0.0,51.0
2022-04-15,strawberries,242.0,191.0,0.0,51.0
2022-04-15,blueberries,242.0,191.0,0.0,51.0
2022-04-15,harvest_nut_granola,242.0,191.0,0.0,51.0
2022-04-15,zesty_apple_vinagrette,242.0,191.0,0.0,51.0
2022-04-15,chicken_tenders,5488.0,5476.0,0.0,12.0
2022-04-15,biscuit,129.0,604.0,525.0,50.0
2022-04-15,chicken_mini_bread,912.0,864.0,0.0,48.0
2022-04-15,butter,320.5,319.5,0.0,1.0
2022-04-15,bacon,801.0,784.0,0.0,17.0
2022-04-15,tortilla,430.0,420.0,0.0,10.0
2022-04-15,eggs,456.0,416.0,0.0,40.0
2022-04-15,sausage,211.0,203.0,0.0,8.0
2022-04-15,bagel,205.0,184.0,0.0,21.0
2022-04-15,oatmeal,209.0,189.0,0.0,20.0
2022-04-15,fruit,729.0,695.5,0.0,33.5
2022-04-15,cream_cheese,169.0,168.0,0.0,1.0
2022-04-15,hash_brown,1424.0,1418.0,0.0,6.0
2022-04-15,yogurt_parfait,239.0,230.0,0.0,9.0
2022-04-15,cinamon_cluster,145.0,144.0,0.0,1.0
2022-04-15,lemonade,5022.799999999997,4962.899999999998,0.0,59.9
2022-04-15,straw,9702.0,9473.0,0.0,229.0
2022-04-15,small_drink_cup,7150.0,7104.0,0.0,46.0
2022-04-15,medium_drink_cup,2604.0,2444.0,0.0,160.0
2022-04-15,large_drink_cup,6948.0,6925.0,0.0,23.0
2022-04-15,lemonade_diet,3049.5999999999995,3021.4999999999995,0.0,28.1
2022-04-15,ice_tea_unsweet,1162.599999999999,1145.199999999999,0.0,17.400000000000002
2022-04-15,ice_tea_sweet,5351.199999999998,5307.799999999998,0.0,43.400000000000006
2022-04-15,soft_drink,18133.600000000013,17999.400000000012,0.0,134.2
2022-04-15,dasani_water_bottle,977.0,963.0,0.0,14.0
2022-04-15,orange_juice_bottle,891.0,883.0,0.0,8.0
2022-04-15,apple_juice,893.0,878.0,0.0,15.0
2022-04-15,ice_coffee,265.5,239.0,0.0,26.5
2022-04-15,coffee,1193.0,1170.75,0.0,22.25
2022-04-15,Coffee_box,207.0,199.0,0.0,8.0
2022-04-15,milk_chocolate,418.0,410.0,0.0,8.0
2022-04-15,milk,296.0,257.0,0.0,39.0
2022-04-15,icecream,470.0,413.0,0.0,57.0
2022-04-15,vanilla_flavor,272.0,266.0,0.0,6.0
2022-04-15,cream_flavor,332.0,321.0,0.0,11.0
2022-04-15,chunk_cookie,729.0,699.5,0.0,29.5
2022-04-15,chocolate_flavor,380.0,378.0,0.0,2.0
2022-04-15,strawberry_flavor,372.0,368.0,0.0,4.0
2022-04-15,frosted_extract,372.0,366.0,0.0,6.0
2022-04-15,icecream_cone,420.0,417.0,0.0,3.0
2022-04-15,icecream_come,488.0,480.0,0.0,8.0
2022-04-15,icecream_topping,474.0,474.0,0.0,0.0
2022-04-15,to_go_bag,20976.0,20856.0,0.0,120.0
2022-04-15,napkins,20880.0,20280.0,0.0,600.0
2022-04-15,ketchup,9674.0,9674.0,0.0,0.0
2022-04-15,ranch,9726.0,9720.0,0.0,6.0
2022-04-15,buffalo_sauce,9824.0,9811.0,0.0,13.0
2022-04-15,bbq_sauce,9860.0,9844.0,0.0,16.0
2022-04-15,polyneasian,9784.0,9776.0,0.0,8.0
2022-04-15,chickfala,9650.0,9639.0,0.0,11.0
2022-04-15,silverware,2908.0,2897.0,0.0,11.0
2022-04-16,fried_batter,319.0000000000002,182.4000000000002,0.0,136.60000000000002
2022-04-16,bun,665.0,614.0,0.0,51.0
2022-04-16,chicken_patty,220.0,830.0,700.0,90.0
2022-04-16,pickle_chips,3570.0,3417.0,0.0,153.0
2022-04-16,lettuce,490.0,444.0,0.0,46.0
2022-04-16,tomato,490.0,444.0,0.0,46.0
2022-04-16,cheese,298.5,255.5,0.0,43.0
2022-04-16,spice,432.0,391.0,0.0,41.0
2022-04-16,chicken_nuggets,6432.0,5980.0,0.0,452.0
2022-04-16,chicken_strips,10532.0,10478.0,0.0,54.0
2022-04-16,flat_bread,87.5,83.5,0.0,4.0
2022-04-16,mixed_greens,1506.0,1444.0,0.0,62.0
2022-04-16,shredded_monterey_jack,1076.0,1060.0,0.0,16.0
2022-04-16,waffle_fries,17682.40000000001,17518.64000000001,0.0,163.76
2022-04-16,roasted_corn_kernels,316.0,312.0,0.0,4.0
2022-04-16,crumbled_bacon,316.0,312.0,0.0,4.0
2022-04-16,avacado_lime_dressing,1366.0,1362.0,0.0,4.0
2022-04-16,red_bell_pepers,841.0,837.0,0.0,4.0
2022-04-16,grape tomatoes,705.0,685.0,0.0,20.0
2022-04-16,hard_boiled_egg,578.5,574.5,0.0,4.0
2022-04-16,blue_cheese,140.0,434.0,350.0,56.0
2022-04-16,apples,140.0,434.0,350.0,56.0
2022-04-16,strawberries,140.0,434.0,350.0,56.0
2022-04-16,blueberries,140.0,434.0,350.0,56.0
2022-04-16,harvest_nut_granola,140.0,434.0,350.0,56.0
2022-04-16,zesty_apple_vinagrette,140.0,434.0,350.0,56.0
2022-04-16,chicken_tenders,5464.0,5456.0,0.0,8.0
2022-04-16,biscuit,1079.0,1028.0,0.0,51.0
2022-04-16,chicken_mini_bread,816.0,768.0,0.0,48.0
2022-04-16,butter,318.5,317.25,0.0,1.25
2022-04-16,bacon,767.0,757.0,0.0,10.0
2022-04-16,tortilla,410.0,402.0,0.0,8.0
2022-04-16,eggs,376.0,348.0,0.0,28.0
2022-04-16,sausage,195.0,185.0,0.0,10.0
2022-04-16,bagel,163.0,148.0,0.0,15.0
2022-04-16,oatmeal,169.0,158.0,0.0,11.0
2022-04-16,fruit,662.0,623.5,0.0,38.5
2022-04-16,cream_cheese,167.0,164.0,0.0,3.0
2022-04-16,hash_brown,1412.0,1409.0,0.0,3.0
2022-04-16,yogurt_parfait,221.0,215.0,0.0,6.0
2022-04-16,cinamon_cluster,143.0,142.0,0.0,1.0
2022-04-16,lemonade,4902.999999999998,4848.499999999998,0.0,54.49999999999999
2022-04-16,straw,9244.0,8989.0,0.0,255.0
2022-04-16,small_drink_cup,7058.0,7027.0,0.0,31.0
2022-04-16,medium_drink_cup,2284.0,2101.0,0.0,183.0
2022-04-16,large_drink_cup,6902.0,6861.0,0.0,41.0
2022-04-16,lemonade_diet,2993.3999999999996,2966.9999999999995,0.0,26.4
2022-04-16,ice_tea_unsweet,1127.7999999999988,1099.3999999999987,0.0,28.400000000000002
2022-04-16,ice_tea_sweet,5264.399999999999,5189.5999999999985,0.0,74.80000000000001
2022-04-16,soft_drink,17865.20000000001,17707.600000000013,0.0,157.6
2022-04-16,dasani_water_bottle,949.0,945.0,0.0,4.0
2022-04-16,orange_juice_bottle,875.0,862.0,0.0,13.0
2022-04-16,apple_juice,863.0,853.0,0.0,10.0
2022-04-16,ice_coffee,212.5,191.5,0.0,21.0
2022-04-16,coffee,1148.5,1132.25,0.0,16.25
2022-04-16,Coffee_box,191.0,182.0,0.0,9.0
2022-04-16,milk_chocolate,402.0,393.0,0.0,9.0
2022-04-16,milk,218.0,174.0,0.0,44.0
2022-04-16,icecream,356.0,282.0,0.0,74.0
2022-04-16,vanilla_flavor,260.0,255.0,0.0,5.0
2022-04-16,cream_flavor,310.0,306.0,0.0,4.0
2022-04-16,chunk_cookie,670.0,637.0,0.0,33.0
2022-04-16,chocolate_flavor,376.0,364.0,0.0,12.0
2022-04-16,strawberry_flavor,364.0,356.0,0.0,8.0
2022-04-16,frosted_extract,360.0,359.0,0.0,1.0
2022-04-16,icecream_cone,414.0,414.0,0.0,0.0
2022-04-16,icecream_come,472.0,456.0,0.0,16.0
2022-04-16,icecream_topping,474.0,467.0,0.0,7.0
2022-04-16,to_go_bag,20736.0,20623.0,0.0,113.0
2022-04-16,napkins,19680.0,19115.0,0.0,565.0
2022-04-16,ketchup,9674.0,9669.0,0.0,5.0
2022-04-16,ranch,9714.0,9703.0,0.0,11.0
2022-04-16,buffalo_sauce,9798.0,9796.0,0.0,2.0
2022-04-16,bbq_sauce,9828.0,9812.0,0.0,16.0
2022-04-16,polyneasian,9768.0,9767.0,0.0,1.0
2022-04-16,chickfala,9628.0,9621.0,0.0,7.0
2022-04-16,silverware,2886.0,2883.0,0.0,3.0
2022-04-18,fried_batter,45.80000000000018,447.20000000000016,525.0,123.6
2022-04-18,bun,563.0,533.0,0.0,30.0
2022-04-18,chicken_patty,1440.0,1390.0,0.0,50.0
2022-04-18,pickle_chips,3264.0,3174.0,0.0,90.0
2022-04-18,lettuce,398.0,368.0,0.0,30.0
2022-04-18,tomato,398.0,368.0,0.0,30.0
2022-04-18,cheese,212.5,180.5,0.0,32.0
2022-04-18,spice,350.0,320.0,0.0,30.0
2022-04-18,chicken_nuggets,5528.0,5065.0,0.0,463.0
2022-04-18,chicken_strips,10424.0,10370.0,0.0,54.0
2022-04-18,flat_bread,79.5,330.0,262.5,12.0
2022-04-18,mixed_greens,1382.0,1318.0,0.0,64.0
2022-04-18,shredded_monterey_jack,1044.0,1015.0,0.0,29.0
2022-04-18,waffle_fries,17354.880000000012,17186.120000000014,0.0,168.76000000000002
2022-04-18,roasted_corn_kernels,308.0,302.0,0.0,6.0
2022-04-18,crumbled_bacon,308.0,302.0,0.0,6.0
2022-04-18,avacado_lime_dressing,1358.0,1352.0,0.0,6.0
2022-04-18,red_bell_pepers,833.0,827.0,0.0,6.0
2022-04-18,grape tomatoes,665.0,635.0,0.0,30.0
2022-04-18,hard_boiled_egg,570.5,564.5,0.0,6.0
2022-04-18,blue_cheese,728.0,676.0,0.0,52.0
2022-04-18,apples,728.0,676.0,0.0,52.0
2022-04-18,strawberries,728.0,676.0,0.0,52.0
2022-04-18,blueberries,728.0,676.0,0.0,52.0
2022-04-18,harvest_nut_granola,728.0,676.0,0.0,52.0
2022-04-18,zesty_apple_vinagrette,728.0,676.0,0.0,52.0
2022-04-18,chicken_tenders,5448.0,5424.0,0.0,24.0
2022-04-18,biscuit,977.0,946.0,0.0,31.0
2022-04-18,chicken_mini_bread,720.0,711.0,0.0,9.0
2022-04-18,butter,316.0,313.75,0.0,2.25
2022-04-18,bacon,747.0,740.0,0.0,7.0
2022-04-18,tortilla,394.0,383.0,0.0,11.0
2022-04-18,eggs,320.0,292.0,0.0,28.0
2022-04-18,sausage,175.0,170.0,0.0,5.0
2022-04-18,bagel,133.0,121.0,0.0,12.0
2022-04-18,oatmeal,147.0,131.0,0.0,16.0
2022-04-18,fruit,585.0,567.0,0.0,18.0
2022-04-18,cream_cheese,161.0,161.0,0.0,0.0
2022-04-18,hash_brown,1406.0,1395.0,0.0,11.0
2022-04-18,yogurt_parfait,209.0,203.0,0.0,6.0
2022-04-18,cinamon_cluster,141.0,136.0,0.0,5.0
2022-04-18,lemonade,4793.999999999998,4751.5999999999985,0.0,42.4
2022-04-18,straw,8734.0,8479.0,0.0,255.0
2022-04-18,small_drink_cup,6996.0,6966.0,0.0,30.0
2022-04-18,medium_drink_cup,1918.0,1737.0,0.0,181.0
2022-04-18,large_drink_cup,6820.0,6776.0,0.0,44.0
2022-04-18,lemonade_diet,2940.5999999999995,2923.8999999999996,0.0,16.7
2022-04-18,ice_tea_unsweet,1070.9999999999986,1056.8999999999987,0.0,14.099999999999998
2022-04-18,ice_tea_sweet,5114.799999999998,5044.0999999999985,0.0,70.7
2022-04-18,soft_drink,17550.000000000015,17382.500000000015,0.0,167.5
2022-04-18,dasani_water_bottle,941.0,937.0,0.0,4.0
2022-04-18,orange_juice_bottle,849.0,843.0,0.0,6.0
2022-04-18,apple_juice,843.0,834.0,0.0,9.0
2022-04-18,ice_coffee,170.5,161.0,0.0,9.5
2022-04-18,coffee,1116.0,1099.25,0.0,16.75
2022-04-18,Coffee_box,173.0,161.0,0.0,12.0
2022-04-18,milk_chocolate,384.0,383.0,0.0,1.0
2022-04-18,milk,130.0,444.0,350.0,36.0
2022-04-18,icecream,208.0,131.0,0.0,77.0
2022-04-18,vanilla_flavor,250.0,241.0,0.0,9.0
2022-04-18,cream_flavor,302.0,299.0,0.0,3.0
2022-04-18,chunk_cookie,604.0,552.5,0.0,51.5
2022-04-18,chocolate_flavor,352.0,343.0,0.0,9.0
2022-04-18,strawberry_flavor,348.0,338.0,0.0,10.0
2022-04-18,frosted_extract,358.0,351.0,0.0,7.0
2022-04-18,icecream_cone,414.0,407.0,0.0,7.0
2022-04-18,icecream_come,440.0,432.0,0.0,8.0
2022-04-18,icecream_topping,460.0,454.0,0.0,6.0
2022-04-18,to_go_bag,20510.0,20392.0,0.0,118.0
2022-04-18,napkins,18550.0,17960.0,0.0,590.0
2022-04-18,ketchup,9664.0,9658.0,0.0,6.0
2022-04-18,ranch,9692.0,9687.0,0.0,5.0
2022-04-18,buffalo_sauce,9794.0,9789.0,0.0,5.0
2022-04-18,bbq_sauce,9796.0,9779.0,0.0,17.0
2022-04-18,polyneasian,9766.0,9752.0,0.0,14.0
2022-04-18,chickfala,9614.0,9603.0,0.0,11.0
2022-04-18,silverware,2880.0,2872.0,0.0,8.0
2022-04-19,fried_batter,848.6000000000001,692.6000000000001,0.0,156.0
2022-04-19,bun,503.0,442.0,0.0,61.0
2022-04-19,chicken_patty,1340.0,1256.0,0.0,84.0
2022-04-19,pickle_chips,3084.0,2901.0,0.0,183.0
2022-04-19,lettuce,338.0,282.0,0.0,56.0
2022-04-19,tomato,338.0,282.0,0.0,56.0
2022-04-19,cheese,148.5,103.5,0.0,45.0
2022-04-19,spice,290.0,1321.0,1050.0,19.0
2022-04-19,chicken_nuggets,4602.0,4228.5,0.0,373.5
2022-04-19,chicken_strips,10316.0,10202.0,0.0,114.0
2022-04-19,flat_bread,580.5,571.5,0.0,9.0
2022-04-19,mixed_greens,1254.0,1197.5,0.0,56.5
2022-04-19,shredded_monterey_jack,986.0,963.0,0.0,23.0
2022-04-19,waffle_fries,17017.360000000015,16890.480000000014,0.0,126.88000000000002
2022-04-19,roasted_corn_kernels,296.0,292.0,0.0,4.0
2022-04-19,crumbled_bacon,296.0,292.0,0.0,4.0
2022-04-19,avacado_lime_dressing,1346.0,1342.0,0.0,4.0
2022-04-19,red_bell_pepers,821.0,817.0,0.0,4.0
2022-04-19,grape tomatoes,605.0,585.0,0.0,20.0
2022-04-19,hard_boiled_egg,558.5,554.5,0.0,4.0
2022-04-19,blue_cheese,624.0,576.0,0.0,48.0
2022-04-19,apples,624.0,576.0,0.0,48.0
2022-04-19,strawberries,624.0,576.0,0.0,48.0
2022-04-19,blueberries,624.0,576.0,0.0,48.0
2022-04-19,harvest_nut_granola,624.0,576.0,0.0,48.0
2022-04-19,zesty_apple_vinagrette,624.0,576.0,0.0,48.0
2022-04-19,chicken_tenders,5400.0,5384.0,0.0,16.0
2022-04-19,biscuit,915.0,877.0,0.0,38.0
2022-04-19,chicken_mini_bread,702.0,657.0,0.0,45.0
2022-04-19,butter,311.5,309.5,0.0,2.0
2022-04-19,bacon,733.0,727.0,0.0,6.0
2022-04-19,tortilla,372.0,362.0,0.0,10.0
2022-04-19,eggs,264.0,237.0,0.0,27.0
2022-04-19,sausage,165.0,159.0,0.0,6.0
2022-04-19,bagel,109.0,88.0,0.0,21.0
2022-04-19,oatmeal,115.0,99.0,0.0,16.0
2022-04-19,fruit,549.0,523.5,0.0,25.5
2022-04-19,cream_cheese,161.0,151.0,0.0,10.0
2022-04-19,hash_brown,1384.0,1383.0,0.0,1.0
2022-04-19,yogurt_parfait,197.0,187.0,0.0,10.0
2022-04-19,cinamon_cluster,131.0,124.0,0.0,7.0
2022-04-19,lemonade,4709.199999999999,4684.399999999999,0.0,24.8
2022-04-19,straw,8224.0,8039.0,0.0,185.0
2022-04-19,small_drink_cup,6936.0,6904.0,0.0,32.0
2022-04-19,medium_drink_cup,1556.0,1435.0,0.0,121.0
2022-04-19,large_drink_cup,6732.0,6700.0,0.0,32.0
2022-04-19,lemonade_diet,2907.2,2898.8999999999996,0.0,8.3
2022-04-19,ice_tea_unsweet,1042.7999999999988,1018.2999999999988,0.0,24.5
2022-04-19,ice_tea_sweet,4973.399999999999,4933.5999999999985,0.0,39.800000000000004
2022-04-19,soft_drink,17215.000000000015,17099.200000000015,0.0,115.8
2022-04-19,dasani_water_bottle,933.0,925.0,0.0,8.0
2022-04-19,orange_juice_bottle,837.0,832.0,0.0,5.0
2022-04-19,apple_juice,825.0,810.0,0.0,15.0
2022-04-19,ice_coffee,151.5,133.75,0.0,17.75
2022-04-19,coffee,1082.5,1065.75,0.0,16.75
2022-04-19,Coffee_box,149.0,142.0,0.0,7.0
2022-04-19,milk_chocolate,382.0,377.0,0.0,5.0
2022-04-19,milk,758.0,722.0,0.0,36.0
2022-04-19,icecream,54.0,303.0,350.0,101.0
2022-04-19,vanilla_flavor,232.0,217.0,0.0,15.0
2022-04-19,cream_flavor,296.0,285.0,0.0,11.0
2022-04-19,chunk_cookie,501.0,452.5,0.0,48.5
2022-04-19,chocolate_flavor,334.0,329.0,0.0,5.0
2022-04-19,strawberry_flavor,328.0,325.0,0.0,3.0
2022-04-19,frosted_extract,344.0,335.0,0.0,9.0
2022-04-19,icecream_cone,400.0,385.0,0.0,15.0
2022-04-19,icecream_come,424.0,406.0,0.0,18.0
2022-04-19,icecream_topping,448.0,438.0,0.0,10.0
2022-04-19,to_go_bag,20274.0,20162.0,0.0,112.0
2022-04-19,napkins,17370.0,16810.0,0.0,560.0
2022-04-19,ketchup,9652.0,9635.0,0.0,17.0
2022-04-19,ranch,9682.0,9659.0,0.0,23.0
2022-04-19,buffalo_sauce,9784.0,9784.0,0.0,0.0
2022-04-19,bbq_sauce,9762.0,9757.0,0.0,5.0
2022-04-19,polyneasian,9738.0,9738.0,0.0,0.0
2022-04-19,chickfala,9592.0,9587.0,0.0,5.0
2022-04-19,silverware,2864.0,2853.0,0.0,11.0
2022-04-20,fried_batter,536.6000000000001,389.40000000000015,0.0,147.2
2022-04-20,bun,381.0,328.0,0.0,53.0
2022-04-20,chicken_patty,1172.0,1088.5,0.0,83.5
2022-04-20,pickle_chips,2718.0,2559.0,0.0,159.0
2022-04-20,lettuce,226.0,164.0,0.0,62.0
2022-04-20,tomato,226.0,164.0,0.0,62.0
2022-04-20,cheese,58.5,272.0,262.5,49.0
2022-04-20,spice,2352.0,2329.0,0.0,23.0
2022-04-20,chicken_nuggets,3855.0,3317.5,0.0,537.5
2022-04-20,chicken_strips,10088.0,10070.0,0.0,18.0
2022-04-20,flat_bread,562.5,561.5,0.0,1.0
2022-04-20,mixed_greens,1141.0,1085.5,0.0,55.5
2022-04-20,shredded_monterey_jack,940.0,912.0,0.0,28.0
2022-04-20,waffle_fries,16763.600000000013,16607.140000000014,0.0,156.46
2022-04-20,roasted_corn_kernels,288.0,285.0,0.0,3.0
2022-04-20,crumbled_bacon,288.0,285.0,0.0,3.0
2022-04-20,avacado_lime_dressing,1338.0,1335.0,0.0,3.0
2022-04-20,red_bell_pepers,813.0,810.0,0.0,3.0
2022-04-20,grape tomatoes,565.0,550.0,0.0,15.0
2022-04-20,hard_boiled_egg,550.5,547.5,0.0,3.0
2022-04-20,blue_cheese,528.0,476.0,0.0,52.0
2022-04-20,apples,528.0,476.0,0.0,52.0
2022-04-20,strawberries,528.0,476.0,0.0,52.0
2022-04-20,blueberries,528.0,476.0,0.0,52.0
2022-04-20,harvest_nut_granola,528.0,476.0,0.0,52.0
2022-04-20,zesty_apple_vinagrette,528.0,476.0,0.0,52.0
2022-04-20,chicken_tenders,5368.0,5338.0,0.0,30.0
2022-04-20,biscuit,839.0,806.0,0.0,33.0
2022-04-20,chicken_mini_bread,612.0,570.0,0.0,42.0
2022-04-20,butter,307.5,305.5,0.0,2.0
2022-04-20,bacon,721.0,713.0,0.0,8.0
2022-04-20,tortilla,352.0,328.0,0.0,24.0
2022-04-20,eggs,210.0,168.0,0.0,42.0
2022-04-20,sausage,153.0,149.0,0.0,4.0
2022-04-20,bagel,67.0,216.0,175.0,26.0
2022-04-20,oatmeal,83.0,71.0,0.0,12.0
2022-04-20,fruit,498.0,483.5,0.0,14.5
2022-04-20,cream_cheese,141.0,134.0,0.0,7.0
2022-04-20,hash_brown,1382.0,1381.0,0.0,1.0
2022-04-20,yogurt_parfait,177.0,167.0,0.0,10.0
2022-04-20,cinamon_cluster,117.0,110.0,0.0,7.0
2022-04-20,lemonade,4659.5999999999985,4543.999999999998,0.0,115.60000000000002
2022-04-20,straw,7854.0,7614.0,0.0,240.0
2022-04-20,small_drink_cup,6872.0,6836.0,0.0,36.0
2022-04-20,medium_drink_cup,1314.0,1164.0,0.0,150.0
2022-04-20,large_drink_cup,6668.0,6614.0,0.0,54.0
2022-04-20,lemonade_diet,2890.5999999999995,2870.0999999999995,0.0,20.5
2022-04-20,ice_tea_unsweet,993.7999999999988,4464.499999999999,3500.0,29.3
2022-04-20,ice_tea_sweet,4893.799999999998,4865.0999999999985,0.0,28.700000000000003
2022-04-20,soft_drink,16983.400000000016,16847.100000000017,0.0,136.3
2022-04-20,dasani_water_bottle,917.0,915.0,0.0,2.0
2022-04-20,orange_juice_bottle,827.0,823.0,0.0,4.0
2022-04-20,apple_juice,795.0,785.0,0.0,10.0
2022-04-20,ice_coffee,116.0,446.25,350.0,19.75
2022-04-20,coffee,1049.0,1027.0,0.0,22.0
2022-04-20,Coffee_box,135.0,124.0,0.0,11.0
2022-04-20,milk_chocolate,372.0,363.0,0.0,9.0
2022-04-20,milk,686.0,642.0,0.0,44.0
2022-04-20,icecream,552.0,457.0,0.0,95.0
2022-04-20,vanilla_flavor,202.0,194.0,0.0,8.0
2022-04-20,cream_flavor,274.0,264.0,0.0,10.0
2022-04-20,chunk_cookie,404.0,329.0,0.0,75.0
2022-04-20,chocolate_flavor,324.0,320.0,0.0,4.0
2022-04-20,strawberry_flavor,322.0,305.0,0.0,17.0
2022-04-20,frosted_extract,326.0,318.0,0.0,8.0
2022-04-20,icecream_cone,370.0,363.0,0.0,7.0
2022-04-20,icecream_come,388.0,378.0,0.0,10.0
2022-04-20,icecream_topping,428.0,414.0,0.0,14.0
2022-04-20,to_go_bag,20050.0,19937.0,0.0,113.0
2022-04-20,napkins,16250.0,15685.0,0.0,565.0
2022-04-20,ketchup,9618.0,9611.0,0.0,7.0
2022-04-20,ranch,9636.0,9626.0,0.0,10.0
2022-04-20,buffalo_sauce,9784.0,9779.0,0.0,5.0
2022-04-20,bbq_sauce,9752.0,9745.0,0.0,7.0
2022-04-20,polyneasian,9738.0,9723.0,0.0,15.0
2022-04-20,chickfala,9582.0,9576.0,0.0,6.0
2022-04-20,silverware,2842.0,2840.0,0.0,2.0
2022-04-21,fried_batter,242.20000000000016,629.4000000000001,525.0,137.8
2022-04-21,bun,275.0,222.0,0.0,53.0
2022-04-21,chicken_patty,1005.0,901.5,0.0,103.5
2022-04-21,pickle_chips,2400.0,2241.0,0.0,159.0
2022-04-21,lettuce,102.0,406.0,350.0,46.0
2022-04-21,tomato,102.0,406.0,350.0,46.0
2022-04-21,cheese,485.5,437.5,0.0,48.0
2022-04-21,spice,2306.0,2267.0,0.0,39.0
2022-04-21,chicken_nuggets,2780.0,2373.5,0.0,406.5
2022-04-21,chicken_strips,10052.0,10022.0,0.0,30.0
2022-04-21,flat_bread,560.5,551.5,0.0,9.0
2022-04-21,mixed_greens,1030.0,965.5,0.0,64.5
2022-04-21,shredded_monterey_jack,884.0,870.0,0.0,14.0
2022-04-21,waffle_fries,16450.680000000015,16314.640000000014,0.0,136.04
2022-04-21,roasted_corn_kernels,282.0,280.0,0.0,2.0
2022-04-21,crumbled_bacon,282.0,280.0,0.0,2.0
2022-04-21,avacado_lime_dressing,1332.0,1330.0,0.0,2.0
2022-04-21,red_bell_pepers,807.0,805.0,0.0,2.0
2022-04-21,grape tomatoes,535.0,525.0,0.0,10.0
2022-04-21,hard_boiled_egg,544.5,542.5,0.0,2.0
2022-04-21,blue_cheese,424.0,366.0,0.0,58.0
2022-04-21,apples,424.0,366.0,0.0,58.0
2022-04-21,strawberries,424.0,366.0,0.0,58.0
2022-04-21,blueberries,424.0,366.0,0.0,58.0
2022-04-21,harvest_nut_granola,424.0,366.0,0.0,58.0
2022-04-21,zesty_apple_vinagrette,424.0,366.0,0.0,58.0
2022-04-21,chicken_tenders,5308.0,5296.0,0.0,12.0
2022-04-21,biscuit,773.0,725.0,0.0,48.0
2022-04-21,chicken_mini_bread,528.0,2215.0,1750.0,63.0
2022-04-21,butter,303.5,300.5,0.0,3.0
2022-04-21,bacon,705.0,698.0,0.0,7.0
2022-04-21,tortilla,304.0,301.0,0.0,3.0
2022-04-21,eggs,126.0,448.0,350.0,28.0
2022-04-21,sausage,145.0,141.0,0.0,4.0
2022-04-21,bagel,365.0,344.0,0.0,21.0
2022-04-21,oatmeal,59.0,209.0,175.0,25.0
2022-04-21,fruit,469.0,442.0,0.0,27.0
2022-04-21,cream_cheese,127.0,126.0,0.0,1.0
2022-04-21,hash_brown,1380.0,1376.0,0.0,4.0
2022-04-21,yogurt_parfait,157.0,155.0,0.0,2.0
2022-04-21,cinamon_cluster,103.0,98.0,0.0,5.0
2022-04-21,lemonade,4428.399999999998,4381.999999999998,0.0,46.400000000000006
2022-04-21,straw,7374.0,7120.0,0.0,254.0
2022-04-21,small_drink_cup,6800.0,6756.0,0.0,44.0
2022-04-21,medium_drink_cup,1014.0,4354.0,3500.0,160.0
2022-04-21,large_drink_cup,6560.0,6510.0,0.0,50.0
2022-04-21,lemonade_diet,2849.5999999999995,2821.7999999999993,0.0,27.799999999999997
2022-04-21,ice_tea_unsweet,7935.199999999999,7901.899999999999,0.0,33.300000000000004
2022-04-21,ice_tea_sweet,4836.399999999999,4755.199999999999,0.0,81.20000000000002
2022-04-21,soft_drink,16710.800000000017,16555.300000000017,0.0,155.5
2022-04-21,dasani_water_bottle,913.0,911.0,0.0,2.0
2022-04-21,orange_juice_bottle,819.0,813.0,0.0,6.0
2022-04-21,apple_juice,775.0,772.0,0.0,3.0
2022-04-21,ice_coffee,776.5,764.25,0.0,12.25
2022-04-21,coffee,1005.0,963.25,0.0,41.75
2022-04-21,Coffee_box,113.0,110.0,0.0,3.0
2022-04-21,milk_chocolate,354.0,343.0,0.0,11.0
2022-04-21,milk,598.0,554.0,0.0,44.0
2022-04-21,icecream,362.0,286.0,0.0,76.0
2022-04-21,vanilla_flavor,186.0,182.0,0.0,4.0
2022-04-21,cream_flavor,254.0,243.0,0.0,11.0
2022-04-21,chunk_cookie,254.0,206.5,0.0,47.5
2022-04-21,chocolate_flavor,316.0,308.0,0.0,8.0
2022-04-21,strawberry_flavor,288.0,279.0,0.0,9.0
2022-04-21,frosted_extract,310.0,307.0,0.0,3.0
2022-04-21,icecream_cone,356.0,353.0,0.0,3.0
2022-04-21,icecream_come,368.0,359.0,0.0,9.0
2022-04-21,icecream_topping,400.0,394.0,0.0,6.0
2022-04-21,to_go_bag,19824.0,19714.0,0.0,110.0
2022-04-21,napkins,15120.0,14570.0,0.0,550.0
2022-04-21,ketchup,9604.0,9594.0,0.0,10.0
2022-04-21,ranch,9616.0,9613.0,0.0,3.0
2022-04-21,buffalo_sauce,9774.0,9766.0,0.0,8.0
2022-04-21,bbq_sauce,9738.0,9732.0,0.0,6.0
2022-04-21,polyneasian,9708.0,9698.0,0.0,10.0
2022-04-21,chickfala,9570.0,9561.0,0.0,9.0
2022-04-21,silverware,2838.0,2832.0,0.0,6.0
2022-04-22,fried_batter,1016.6000000000001,861.4000000000001,0.0,155.2
2022-04-22,bun,169.0,641.0,525.0,53.0
2022-04-22,chicken_patty,798.0,715.5,0.0,82.5
2022-04-22,pickle_chips,2082.0,1923.0,0.0,159.0
2022-04-22,lettuce,710.0,660.0,0.0,50.0
2022-04-22,tomato,710.0,660.0,0.0,50.0
2022-04-22,cheese,389.5,347.5,0.0,42.0
2022-04-22,spice,2228.0,2194.0,0.0,34.0
2022-04-22,chicken_nuggets,1967.0,8402.0,7000.0,565.0
2022-04-22,chicken_strips,9992.0,9930.0,0.0,62.0
2022-04-22,flat_bread,542.5,538.5,0.0,4.0
2022-04-22,mixed_greens,901.0,854.0,0.0,47.0
2022-04-22,shredded_monterey_jack,856.0,835.0,0.0,21.0
2022-04-22,waffle_fries,16178.600000000013,16041.860000000013,0.0,136.74000000000004
2022-04-22,roasted_corn_kernels,278.0,277.0,0.0,1.0
2022-04-22,crumbled_bacon,278.0,277.0,0.0,1.0
2022-04-22,avacado_lime_dressing,1328.0,1327.0,0.0,1.0
2022-04-22,red_bell_pepers,803.0,802.0,0.0,1.0
2022-04-22,grape tomatoes,515.0,510.0,0.0,5.0
2022-04-22,hard_boiled_egg,540.5,539.5,0.0,1.0
2022-04-22,blue_cheese,308.0,264.0,0.0,44.0
2022-04-22,apples,308.0,264.0,0.0,44.0
2022-04-22,strawberries,308.0,264.0,0.0,44.0
2022-04-22,blueberries,308.0,264.0,0.0,44.0
2022-04-22,harvest_nut_granola,308.0,264.0,0.0,44.0
2022-04-22,zesty_apple_vinagrette,308.0,264.0,0.0,44.0
2022-04-22,chicken_tenders,5284.0,5278.0,0.0,6.0
2022-04-22,biscuit,677.0,641.0,0.0,36.0
2022-04-22,chicken_mini_bread,3902.0,3827.0,0.0,75.0
2022-04-22,butter,297.5,296.25,0.0,1.25
2022-04-22,bacon,691.0,687.0,0.0,4.0
2022-04-22,tortilla,298.0,282.0,0.0,16.0
2022-04-22,eggs,770.0,737.0,0.0,33.0
2022-04-22,sausage,137.0,129.0,0.0,8.0
2022-04-22,bagel,323.0,300.0,0.0,23.0
2022-04-22,oatmeal,359.0,348.0,0.0,11.0
2022-04-22,fruit,415.0,388.0,0.0,27.0
2022-04-22,cream_cheese,125.0,117.0,0.0,8.0
2022-04-22,hash_brown,1372.0,1356.0,0.0,16.0
2022-04-22,yogurt_parfait,153.0,149.0,0.0,4.0
2022-04-22,cinamon_cluster,93.0,82.0,0.0,11.0
2022-04-22,lemonade,4335.5999999999985,4276.499999999998,0.0,59.1
2022-04-22,straw,6866.0,6629.0,0.0,237.0
2022-04-22,small_drink_cup,6712.0,6682.0,0.0,30.0
2022-04-22,medium_drink_cup,7694.0,7512.0,0.0,182.0
2022-04-22,large_drink_cup,6460.0,6435.0,0.0,25.0
2022-04-22,lemonade_diet,2793.999999999999,2776.999999999999,0.0,17.0
2022-04-22,ice_tea_unsweet,7868.5999999999985,7843.899999999999,0.0,24.700000000000003
2022-04-22,ice_tea_sweet,4673.999999999999,4648.399999999999,0.0,25.599999999999998
2022-04-22,soft_drink,16399.800000000017,16235.800000000017,0.0,164.0
2022-04-22,dasani_water_bottle,909.0,905.0,0.0,4.0
2022-04-22,orange_juice_bottle,807.0,794.0,0.0,13.0
2022-04-22,apple_juice,769.0,756.0,0.0,13.0
2022-04-22,ice_coffee,752.0,726.25,0.0,25.75
2022-04-22,coffee,921.5,902.5,0.0,19.0
2022-04-22,Coffee_box,107.0,100.0,0.0,7.0
2022-04-22,milk_chocolate,332.0,320.0,0.0,12.0
2022-04-22,milk,510.0,462.0,0.0,48.0
2022-04-22,icecream,210.0,100.0,0.0,110.0
2022-04-22,vanilla_flavor,178.0,171.0,0.0,7.0
2022-04-22,cream_flavor,232.0,224.0,0.0,8.0
2022-04-22,chunk_cookie,159.0,437.0,350.0,72.0
2022-04-22,chocolate_flavor,300.0,293.0,0.0,7.0
2022-04-22,strawberry_flavor,270.0,250.0,0.0,20.0
2022-04-22,frosted_extract,304.0,295.0,0.0,9.0
2022-04-22,icecream_cone,350.0,340.0,0.0,10.0
2022-04-22,icecream_come,350.0,334.0,0.0,16.0
2022-04-22,icecream_topping,388.0,364.0,0.0,24.0
2022-04-22,to_go_bag,19604.0,19485.0,0.0,119.0
2022-04-22,napkins,14020.0,13425.0,0.0,595.0
2022-04-22,ketchup,9584.0,9580.0,0.0,4.0
2022-04-22,ranch,9610.0,9597.0,0.0,13.0
2022-04-22,buffalo_sauce,9758.0,9749.0,0.0,9.0
2022-04-22,bbq_sauce,9726.0,9721.0,0.0,5.0
2022-04-22,polyneasian,9688.0,9681.0,0.0,7.0
2022-04-22,chickfala,9552.0,9539.0,0.0,13.0
2022-04-22,silverware,2826.0,2808.0,0.0,18.0
2022-04-23,fried_batter,706.2,551.0,0.0,155.20000000000002
2022-04-23,bun,1113.0,1064.0,0.0,49.0
2022-04-23,chicken_patty,633.0,523.0,0.0,110.0
2022-04-23,pickle_chips,1764.0,1617.0,0.0,147.0
2022-04-23,lettuce,610.0,558.0,0.0,52.0
2022-04-23,tomato,610.0,558.0,0.0,52.0
2022-04-23,cheese,305.5,240.5,0.0,65.0
2022-04-23,spice,2160.0,2118.0,0.0,42.0
2022-04-23,chicken_nuggets,14837.0,14378.0,0.0,459.0
2022-04-23,chicken_strips,9868.0,9830.0,0.0,38.0
2022-04-23,flat_bread,534.5,526.5,0.0,8.0
2022-04-23,mixed_greens,807.0,744.0,0.0,63.0
2022-04-23,shredded_monterey_jack,814.0,801.0,0.0,13.0
2022-04-23,waffle_fries,15905.120000000014,15757.560000000014,0.0,147.56
2022-04-23,roasted_corn_kernels,276.0,272.0,0.0,4.0
2022-04-23,crumbled_bacon,276.0,272.0,0.0,4.0
2022-04-23,avacado_lime_dressing,1326.0,1322.0,0.0,4.0
2022-04-23,red_bell_pepers,801.0,797.0,0.0,4.0
2022-04-23,grape tomatoes,505.0,485.0,0.0,20.0
2022-04-23,hard_boiled_egg,538.5,534.5,0.0,4.0
2022-04-23,blue_cheese,220.0,165.0,0.0,55.0
2022-04-23,apples,220.0,165.0,0.0,55.0
2022-04-23,strawberries,220.0,165.0,0.0,55.0
2022-04-23,blueberries,220.0,165.0,0.0,55.0
2022-04-23,harvest_nut_granola,220.0,165.0,0.0,55.0
2022-04-23,zesty_apple_vinagrette,220.0,165.0,0.0,55.0
2022-04-23,chicken_tenders,5272.0,5260.0,0.0,12.0
2022-04-23,biscuit,605.0,559.0,0.0,46.0
2022-04-23,chicken_mini_bread,3752.0,3686.0,0.0,66.0
2022-04-23,butter,295.0,294.25,0.0,0.75
2022-04-23,bacon,683.0,672.0,0.0,11.0
2022-04-23,tortilla,266.0,265.0,0.0,1.0
2022-04-23,eggs,704.0,664.0,0.0,40.0
2022-04-23,sausage,121.0,113.0,0.0,8.0
2022-04-23,bagel,277.0,251.0,0.0,26.0
2022-04-23,oatmeal,337.0,311.0,0.0,26.0
2022-04-23,fruit,361.0,329.5,0.0,31.5
2022-04-23,cream_cheese,109.0,107.0,0.0,2.0
2022-04-23,hash_brown,1340.0,1326.0,0.0,14.0
2022-04-23,yogurt_parfait,145.0,135.0,0.0,10.0
2022-04-23,cinamon_cluster,71.0,62.0,0.0,9.0
2022-04-23,lemonade,4217.399999999998,4151.199999999998,0.0,66.20000000000002
2022-04-23,straw,6392.0,6168.0,0.0,224.0
2022-04-23,small_drink_cup,6652.0,6617.0,0.0,35.0
2022-04-23,medium_drink_cup,7330.0,7178.0,0.0,152.0
2022-04-23,large_drink_cup,6410.0,6373.0,0.0,37.0
2022-04-23,lemonade_diet,2759.999999999999,2738.399999999999,0.0,21.6
2022-04-23,ice_tea_unsweet,7819.199999999999,7798.999999999999,0.0,20.2
2022-04-23,ice_tea_sweet,4622.799999999998,4598.899999999999,0.0,23.9
2022-04-23,soft_drink,16071.800000000017,15925.000000000018,0.0,146.8
2022-04-23,dasani_water_bottle,901.0,891.0,0.0,10.0
2022-04-23,orange_juice_bottle,781.0,776.0,0.0,5.0
2022-04-23,apple_juice,743.0,728.0,0.0,15.0
2022-04-23,ice_coffee,700.5,696.5,0.0,4.0
2022-04-23,coffee,883.5,852.25,0.0,31.25
2022-04-23,Coffee_box,93.0,88.0,0.0,5.0
2022-04-23,milk_chocolate,308.0,300.0,0.0,8.0
2022-04-23,milk,414.0,389.0,0.0,25.0
2022-04-23,icecream,-10.0,283.0,350.0,57.0
2022-04-23,vanilla_flavor,164.0,155.0,0.0,9.0
2022-04-23,cream_flavor,216.0,207.0,0.0,9.0
2022-04-23,chunk_cookie,715.0,689.5,0.0,25.5
2022-04-23,chocolate_flavor,286.0,283.0,0.0,3.0
2022-04-23,strawberry_flavor,230.0,226.0,0.0,4.0
2022-04-23,frosted_extract,286.0,275.0,0.0,11.0
2022-04-23,icecream_cone,330.0,326.0,0.0,4.0
2022-04-23,icecream_come,318.0,315.0,0.0,3.0
2022-04-23,icecream_topping,340.0,325.0,0.0,15.0
2022-04-23,to_go_bag,19366.0,19248.0,0.0,118.0
2022-04-23,napkins,12830.0,12240.0,0.0,590.0
2022-04-23,ketchup,9576.0,9570.0,0.0,6.0
2022-04-23,ranch,9584.0,9575.0,0.0,9.0
2022-04-23,buffalo_sauce,9740.0,9728.0,0.0,12.0
2022-04-23,bbq_sauce,9716.0,9702.0,0.0,14.0
2022-04-23,polyneasian,9674.0,9660.0,0.0,14.0
2022-04-23,chickfala,9526.0,9515.0,0.0,11.0
2022-04-23,silverware,2790.0,2782.0,0.0,8.0
2022-04-25,fried_batter,395.79999999999995,247.99999999999994,0.0,147.8
2022-04-25,bun,1015.0,966.0,0.0,49.0
2022-04-25,chicken_patty,413.0,336.0,0.0,77.0
2022-04-25,pickle_chips,1470.0,1323.0,0.0,147.0
2022-04-25,lettuce,506.0,468.0,0.0,38.0
2022-04-25,tomato,506.0,468.0,0.0,38.0
2022-04-25,cheese,175.5,132.5,0.0,43.0
2022-04-25,spice,2076.0,2045.0,0.0,31.0
2022-04-25,chicken_nuggets,13919.0,13458.5,0.0,460.5
2022-04-25,chicken_strips,9792.0,9717.0,0.0,75.0
2022-04-25,flat_bread,518.5,511.5,0.0,7.0
2022-04-25,mixed_greens,681.0,646.5,0.0,34.5
2022-04-25,shredded_monterey_jack,788.0,774.0,0.0,14.0
2022-04-25,waffle_fries,15610.000000000015,15458.680000000015,0.0,151.32
2022-04-25,roasted_corn_kernels,268.0,268.0,0.0,0.0
2022-04-25,crumbled_bacon,268.0,268.0,0.0,0.0
2022-04-25,avacado_lime_dressing,1318.0,1318.0,0.0,0.0
2022-04-25,red_bell_pepers,793.0,793.0,0.0,0.0
2022-04-25,grape tomatoes,465.0,465.0,0.0,0.0
2022-04-25,hard_boiled_egg,530.5,530.5,0.0,0.0
2022-04-25,blue_cheese,110.0,429.0,350.0,31.0
2022-04-25,apples,110.0,429.0,350.0,31.0
2022-04-25,strawberries,110.0,429.0,350.0,31.0
2022-04-25,blueberries,110.0,429.0,350.0,31.0
2022-04-25,harvest_nut_granola,110.0,429.0,350.0,31.0
2022-04-25,zesty_apple_vinagrette,110.0,429.0,350.0,31.0
2022-04-25,chicken_tenders,5248.0,5246.0,0.0,2.0
2022-04-25,biscuit,513.0,492.0,0.0,21.0
2022-04-25,chicken_mini_bread,3620.0,3557.0,0.0,63.0
2022-04-25,butter,293.5,293.0,0.0,0.5
2022-04-25,bacon,661.0,652.0,0.0,9.0
2022-04-25,tortilla,264.0,257.0,0.0,7.0
2022-04-25,eggs,624.0,593.0,0.0,31.0
2022-04-25,sausage,105.0,105.0,0.0,0.0
2022-04-25,bagel,225.0,199.0,0.0,26.0
2022-04-25,oatmeal,285.0,273.0,0.0,12.0
2022-04-25,fruit,298.0,267.0,0.0,31.0
2022-04-25,cream_cheese,105.0,101.0,0.0,4.0
2022-04-25,hash_brown,1312.0,1304.0,0.0,8.0
2022-04-25,yogurt_parfait,125.0,109.0,0.0,16.0
2022-04-25,cinamon_cluster,53.0,224.0,175.0,4.0
2022-04-25,lemonade,4084.999999999998,4016.999999999998,0.0,68.00000000000001
2022-04-25,straw,5944.0,5703.0,0.0,241.0
2022-04-25,small_drink_cup,6582.0,6542.0,0.0,40.0
2022-04-25,medium_drink_cup,7026.0,6867.0,0.0,159.0
2022-04-25,large_drink_cup,6336.0,6294.0,0.0,42.0
2022-04-25,lemonade_diet,2716.7999999999993,2697.1999999999994,0.0,19.6
2022-04-25,ice_tea_unsweet,7778.799999999999,7737.299999999999,0.0,41.5
2022-04-25,ice_tea_sweet,4574.999999999999,4548.499999999999,0.0,26.499999999999996
2022-04-25,soft_drink,15778.200000000019,15629.40000000002,0.0,148.8
2022-04-25,dasani_water_bottle,881.0,870.0,0.0,11.0
2022-04-25,orange_juice_bottle,771.0,766.0,0.0,5.0
2022-04-25,apple_juice,713.0,704.0,0.0,9.0
2022-04-25,ice_coffee,692.5,676.75,0.0,15.75
2022-04-25,coffee,821.0,802.5,0.0,18.5
2022-04-25,Coffee_box,83.0,78.0,0.0,5.0
2022-04-25,milk_chocolate,292.0,281.0,0.0,11.0
2022-04-25,milk,364.0,305.0,0.0,59.0
2022-04-25,icecream,576.0,489.0,0.0,87.0
2022-04-25,vanilla_flavor,146.0,141.0,0.0,5.0
2022-04-25,cream_flavor,198.0,188.0,0.0,10.0
2022-04-25,chunk_cookie,664.0,593.0,0.0,71.0
2022-04-25,chocolate_flavor,280.0,272.0,0.0,8.0
2022-04-25,strawberry_flavor,222.0,206.0,0.0,16.0
2022-04-25,frosted_extract,264.0,249.0,0.0,15.0
2022-04-25,icecream_cone,322.0,313.0,0.0,9.0
2022-04-25,icecream_come,312.0,312.0,0.0,0.0
2022-04-25,icecream_topping,310.0,305.0,0.0,5.0
2022-04-25,to_go_bag,19130.0,19014.0,0.0,116.0
2022-04-25,napkins,11650.0,11070.0,0.0,580.0
2022-04-25,ketchup,9564.0,9557.0,0.0,7.0
2022-04-25,ranch,9566.0,9554.0,0.0,12.0
2022-04-25,buffalo_sauce,9716.0,9712.0,0.0,4.0
2022-04-25,bbq_sauce,9688.0,9673.0,0.0,15.0
2022-04-25,polyneasian,9646.0,9642.0,0.0,4.0
2022-04-25,chickfala,9504.0,9498.0,0.0,6.0
2022-04-25,silverware,2774.0,2767.0,0.0,7.0
2022-04-26,fried_batter,100.19999999999993,463.19999999999993,525.0,162.0
2022-04-26,bun,917.0,850.0,0.0,67.0
2022-04-26,chicken_patty,259.0,828.0,700.0,131.0
2022-04-26,pickle_chips,1176.0,975.0,0.0,201.0
2022-04-26,lettuce,430.0,368.0,0.0,62.0
2022-04-26,tomato,430.0,368.0,0.0,62.0
2022-04-26,cheese,89.5,305.0,262.5,47.0
2022-04-26,spice,2014.0,1984.0,0.0,30.0
2022-04-26,chicken_nuggets,12998.0,12610.0,0.0,388.0
2022-04-26,chicken_strips,9642.0,9560.0,0.0,82.0
2022-04-26,flat_bread,504.5,490.5,0.0,14.0
2022-04-26,mixed_greens,612.0,533.0,0.0,79.0
2022-04-26,shredded_monterey_jack,760.0,731.0,0.0,29.0
2022-04-26,waffle_fries,15307.360000000015,15174.540000000015,0.0,132.82000000000002
2022-04-26,roasted_corn_kernels,268.0,263.0,0.0,5.0
2022-04-26,crumbled_bacon,268.0,263.0,0.0,5.0
2022-04-26,avacado_lime_dressing,1318.0,1313.0,0.0,5.0
2022-04-26,red_bell_pepers,793.0,788.0,0.0,5.0
2022-04-26,grape tomatoes,465.0,440.0,0.0,25.0
2022-04-26,hard_boiled_egg,530.5,525.5,0.0,5.0
2022-04-26,blue_cheese,748.0,681.0,0.0,67.0
2022-04-26,apples,748.0,681.0,0.0,67.0
2022-04-26,strawberries,748.0,681.0,0.0,67.0
2022-04-26,blueberries,748.0,681.0,0.0,67.0
2022-04-26,harvest_nut_granola,748.0,681.0,0.0,67.0
2022-04-26,zesty_apple_vinagrette,748.0,681.0,0.0,67.0
2022-04-26,chicken_tenders,5244.0,5236.0,0.0,8.0
2022-04-26,biscuit,471.0,442.0,0.0,29.0
2022-04-26,chicken_mini_bread,3494.0,3425.0,0.0,69.0
2022-04-26,butter,292.5,292.5,0.0,0.0
2022-04-26,bacon,643.0,643.0,0.0,0.0
2022-04-26,tortilla,250.0,240.0,0.0,10.0
2022-04-26,eggs,562.0,536.0,0.0,26.0
2022-04-26,sausage,105.0,100.0,0.0,5.0
2022-04-26,bagel,173.0,150.0,0.0,23.0
2022-04-26,oatmeal,261.0,244.0,0.0,17.0
2022-04-26,fruit,236.0,226.0,0.0,10.0
2022-04-26,cream_cheese,97.0,93.0,0.0,4.0
2022-04-26,hash_brown,1296.0,1270.0,0.0,26.0
2022-04-26,yogurt_parfait,93.0,81.0,0.0,12.0
2022-04-26,cinamon_cluster,395.0,380.0,0.0,15.0
2022-04-26,lemonade,3948.999999999998,3884.499999999998,0.0,64.5
2022-04-26,straw,5462.0,5263.0,0.0,199.0
2022-04-26,small_drink_cup,6502.0,6477.0,0.0,25.0
2022-04-26,medium_drink_cup,6708.0,6561.0,0.0,147.0
2022-04-26,large_drink_cup,6252.0,6225.0,0.0,27.0
2022-04-26,lemonade_diet,2677.5999999999995,2653.9999999999995,0.0,23.6
2022-04-26,ice_tea_unsweet,7695.799999999999,7665.499999999999,0.0,30.3
2022-04-26,ice_tea_sweet,4521.999999999999,4472.599999999999,0.0,49.400000000000006
2022-04-26,soft_drink,15480.60000000002,15349.300000000021,0.0,131.29999999999998
2022-04-26,dasani_water_bottle,859.0,859.0,0.0,0.0
2022-04-26,orange_juice_bottle,761.0,745.0,0.0,16.0
2022-04-26,apple_juice,695.0,677.0,0.0,18.0
2022-04-26,ice_coffee,661.0,643.75,0.0,17.25
2022-04-26,coffee,784.0,767.5,0.0,16.5
2022-04-26,Coffee_box,73.0,64.0,0.0,9.0
2022-04-26,milk_chocolate,270.0,258.0,0.0,12.0
2022-04-26,milk,246.0,207.0,0.0,39.0
2022-04-26,icecream,402.0,320.0,0.0,82.0
2022-04-26,vanilla_flavor,136.0,132.0,0.0,4.0
2022-04-26,cream_flavor,178.0,162.0,0.0,16.0
2022-04-26,chunk_cookie,522.0,415.0,0.0,107.0
2022-04-26,chocolate_flavor,264.0,255.0,0.0,9.0
2022-04-26,strawberry_flavor,190.0,183.0,0.0,7.0
2022-04-26,frosted_extract,234.0,229.0,0.0,5.0
2022-04-26,icecream_cone,304.0,298.0,0.0,6.0
2022-04-26,icecream_come,312.0,308.0,0.0,4.0
2022-04-26,icecream_topping,300.0,299.0,0.0,1.0
2022-04-26,to_go_bag,18898.0,18778.0,0.0,120.0
2022-04-26,napkins,10490.0,9890.0,0.0,600.0
2022-04-26,ketchup,9550.0,9547.0,0.0,3.0
2022-04-26,ranch,9542.0,9537.0,0.0,5.0
2022-04-26,buffalo_sauce,9708.0,9703.0,0.0,5.0
2022-04-26,bbq_sauce,9658.0,9651.0,0.0,7.0
2022-04-26,polyneasian,9638.0,9634.0,0.0,4.0
2022-04-26,chickfala,9492.0,9488.0,0.0,4.0
2022-04-26,silverware,2760.0,2749.0,0.0,11.0
2022-04-27,fried_batter,826.1999999999999,642.0,0.0,184.2
2022-04-27,bun,783.0,715.0,0.0,68.0
2022-04-27,chicken_patty,1397.0,1290.0,0.0,107.0
2022-04-27,pickle_chips,774.0,570.0,0.0,204.0
2022-04-27,lettuce,306.0,236.0,0.0,70.0
2022-04-27,tomato,306.0,236.0,0.0,70.0
2022-04-27,cheese,520.5,466.5,0.0,54.0
2022-04-27,spice,1954.0,1898.0,0.0,56.0
2022-04-27,chicken_nuggets,12222.0,11657.0,0.0,565.0
2022-04-27,chicken_strips,9478.0,9385.0,0.0,93.0
2022-04-27,flat_bread,476.5,470.5,0.0,6.0
2022-04-27,mixed_greens,454.0,395.0,0.0,59.0
2022-04-27,shredded_monterey_jack,702.0,685.0,0.0,17.0
2022-04-27,waffle_fries,15041.720000000016,14914.660000000016,0.0,127.05999999999999
2022-04-27,roasted_corn_kernels,258.0,250.0,0.0,8.0
2022-04-27,crumbled_bacon,258.0,250.0,0.0,8.0
2022-04-27,avacado_lime_dressing,1308.0,1300.0,0.0,8.0
2022-04-27,red_bell_pepers,783.0,775.0,0.0,8.0
2022-04-27,grape tomatoes,415.0,375.0,0.0,40.0
2022-04-27,hard_boiled_egg,520.5,512.5,0.0,8.0
2022-04-27,blue_cheese,614.0,566.0,0.0,48.0
2022-04-27,apples,614.0,566.0,0.0,48.0
2022-04-27,strawberries,614.0,566.0,0.0,48.0
2022-04-27,blueberries,614.0,566.0,0.0,48.0
2022-04-27,harvest_nut_granola,614.0,566.0,0.0,48.0
2022-04-27,zesty_apple_vinagrette,614.0,566.0,0.0,48.0
2022-04-27,chicken_tenders,5228.0,5214.0,0.0,14.0
2022-04-27,biscuit,413.0,362.0,0.0,51.0
2022-04-27,chicken_mini_bread,3356.0,3308.0,0.0,48.0
2022-04-27,butter,292.5,289.5,0.0,3.0
2022-04-27,bacon,643.0,636.0,0.0,7.0
2022-04-27,tortilla,230.0,227.0,0.0,3.0
2022-04-27,eggs,510.0,488.0,0.0,22.0
2022-04-27,sausage,95.0,87.0,0.0,8.0
2022-04-27,bagel,127.0,93.0,0.0,34.0
2022-04-27,oatmeal,227.0,220.0,0.0,7.0
2022-04-27,fruit,216.0,192.5,0.0,23.5
2022-04-27,cream_cheese,89.0,72.0,0.0,17.0
2022-04-27,hash_brown,1244.0,1236.0,0.0,8.0
2022-04-27,yogurt_parfait,69.0,59.0,0.0,10.0
2022-04-27,cinamon_cluster,365.0,353.0,0.0,12.0
2022-04-27,lemonade,3819.999999999998,3759.7999999999984,0.0,60.2
2022-04-27,straw,5064.0,4846.0,0.0,218.0
2022-04-27,small_drink_cup,6452.0,6420.0,0.0,32.0
2022-04-27,medium_drink_cup,6414.0,6262.0,0.0,152.0
2022-04-27,large_drink_cup,6198.0,6164.0,0.0,34.0
2022-04-27,lemonade_diet,2630.3999999999996,2604.3999999999996,0.0,26.0
2022-04-27,ice_tea_unsweet,7635.199999999999,7607.0999999999985,0.0,28.1
2022-04-27,ice_tea_sweet,4423.2,4356.8,0.0,66.4
2022-04-27,soft_drink,15218.000000000022,15085.700000000023,0.0,132.3
2022-04-27,dasani_water_bottle,859.0,852.0,0.0,7.0
2022-04-27,orange_juice_bottle,729.0,725.0,0.0,4.0
2022-04-27,apple_juice,659.0,657.0,0.0,2.0
2022-04-27,ice_coffee,626.5,599.75,0.0,26.75
2022-04-27,coffee,751.0,730.5,0.0,20.5
2022-04-27,Coffee_box,55.0,50.0,0.0,5.0
2022-04-27,milk_chocolate,246.0,235.0,0.0,11.0
2022-04-27,milk,168.0,137.0,0.0,31.0
2022-04-27,icecream,238.0,174.0,0.0,64.0
2022-04-27,vanilla_flavor,128.0,123.0,0.0,5.0
2022-04-27,cream_flavor,146.0,137.0,0.0,9.0
2022-04-27,chunk_cookie,308.0,236.5,0.0,71.5
2022-04-27,chocolate_flavor,246.0,241.0,0.0,5.0
2022-04-27,strawberry_flavor,176.0,172.0,0.0,4.0
2022-04-27,frosted_extract,224.0,207.0,0.0,17.0
2022-04-27,icecream_cone,292.0,279.0,0.0,13.0
2022-04-27,icecream_come,304.0,299.0,0.0,5.0
2022-04-27,icecream_topping,298.0,290.0,0.0,8.0
2022-04-27,to_go_bag,18658.0,18535.0,0.0,123.0
2022-04-27,napkins,9290.0,8675.0,0.0,615.0
2022-04-27,ketchup,9544.0,9542.0,0.0,2.0
2022-04-27,ranch,9532.0,9518.0,0.0,14.0
2022-04-27,buffalo_sauce,9698.0,9695.0,0.0,3.0
2022-04-27,bbq_sauce,9644.0,9628.0,0.0,16.0
2022-04-27,polyneasian,9630.0,9628.0,0.0,2.0
2022-04-27,chickfala,9484.0,9473.0,0.0,11.0
2022-04-27,silverware,2738.0,2736.0,0.0,2.0
2022-04-28,fried_batter,457.8,320.6,0.0,137.2
2022-04-28,bun,647.0,591.0,0.0,56.0
2022-04-28,chicken_patty,1183.0,1086.5,0.0,96.5
2022-04-28,pickle_chips,366.0,1948.0,1750.0,168.0
2022-04-28,lettuce,166.0,108.0,0.0,58.0
2022-04-28,tomato,166.0,108.0,0.0,58.0
2022-04-28,cheese,412.5,358.5,0.0,54.0
2022-04-28,spice,1842.0,1805.0,0.0,37.0
2022-04-28,chicken_nuggets,11092.0,10585.5,0.0,506.5
2022-04-28,chicken_strips,9292.0,9269.0,0.0,23.0
2022-04-28,flat_bread,464.5,459.5,0.0,5.0
2022-04-28,mixed_greens,336.0,272.5,0.0,63.5
2022-04-28,shredded_monterey_jack,668.0,659.0,0.0,9.0
2022-04-28,waffle_fries,14787.600000000017,14648.020000000017,0.0,139.57999999999998
2022-04-28,roasted_corn_kernels,242.0,242.0,0.0,0.0
2022-04-28,crumbled_bacon,242.0,242.0,0.0,0.0
2022-04-28,avacado_lime_dressing,1292.0,1292.0,0.0,0.0
2022-04-28,red_bell_pepers,767.0,767.0,0.0,0.0
2022-04-28,grape tomatoes,335.0,335.0,0.0,0.0
2022-04-28,hard_boiled_egg,504.5,504.5,0.0,0.0
2022-04-28,blue_cheese,518.0,457.0,0.0,61.0
2022-04-28,apples,518.0,457.0,0.0,61.0
2022-04-28,strawberries,518.0,457.0,0.0,61.0
2022-04-28,blueberries,518.0,457.0,0.0,61.0
2022-04-28,harvest_nut_granola,518.0,457.0,0.0,61.0
2022-04-28,zesty_apple_vinagrette,518.0,457.0,0.0,61.0
2022-04-28,chicken_tenders,5200.0,5180.0,0.0,20.0
2022-04-28,biscuit,311.0,279.0,0.0,32.0
2022-04-28,chicken_mini_bread,3260.0,3197.0,0.0,63.0
2022-04-28,butter,286.5,285.5,0.0,1.0
2022-04-28,bacon,629.0,624.0,0.0,5.0
2022-04-28,tortilla,224.0,220.0,0.0,4.0
2022-04-28,eggs,466.0,437.0,0.0,29.0
2022-04-28,sausage,79.0,69.0,0.0,10.0
2022-04-28,bagel,59.0,208.0,175.0,26.0
2022-04-28,oatmeal,213.0,206.0,0.0,7.0
2022-04-28,fruit,169.0,154.5,0.0,14.5
2022-04-28,cream_cheese,55.0,223.0,175.0,7.0
2022-04-28,hash_brown,1228.0,1228.0,0.0,0.0
2022-04-28,yogurt_parfait,49.0,221.0,175.0,3.0
2022-04-28,cinamon_cluster,341.0,334.0,0.0,7.0
2022-04-28,lemonade,3699.5999999999985,3645.1999999999985,0.0,54.400000000000006
2022-04-28,straw,4628.0,4442.0,0.0,186.0
2022-04-28,small_drink_cup,6388.0,6363.0,0.0,25.0
2022-04-28,medium_drink_cup,6110.0,5976.0,0.0,134.0
2022-04-28,large_drink_cup,6130.0,6103.0,0.0,27.0
2022-04-28,lemonade_diet,2578.3999999999996,2567.5999999999995,0.0,10.8
2022-04-28,ice_tea_unsweet,7578.999999999998,7566.899999999998,0.0,12.100000000000001
2022-04-28,ice_tea_sweet,4290.400000000001,4256.900000000001,0.0,33.5
2022-04-28,soft_drink,14953.400000000023,14825.900000000023,0.0,127.5
2022-04-28,dasani_water_bottle,845.0,841.0,0.0,4.0
2022-04-28,orange_juice_bottle,721.0,708.0,0.0,13.0
2022-04-28,apple_juice,655.0,653.0,0.0,2.0
2022-04-28,ice_coffee,573.0,565.5,0.0,7.5
2022-04-28,coffee,710.0,695.75,0.0,14.25
2022-04-28,Coffee_box,45.0,210.0,175.0,10.0
2022-04-28,milk_chocolate,224.0,219.0,0.0,5.0
2022-04-28,milk,106.0,428.0,350.0,28.0
2022-04-28,icecream,110.0,404.0,350.0,56.0
2022-04-28,vanilla_flavor,118.0,113.0,0.0,5.0
2022-04-28,cream_flavor,128.0,120.0,0.0,8.0
2022-04-28,chunk_cookie,165.0,116.0,0.0,49.0
2022-04-28,chocolate_flavor,236.0,236.0,0.0,0.0
2022-04-28,strawberry_flavor,168.0,163.0,0.0,5.0
2022-04-28,frosted_extract,190.0,188.0,0.0,2.0
2022-04-28,icecream_cone,266.0,258.0,0.0,8.0
2022-04-28,icecream_come,294.0,282.0,0.0,12.0
2022-04-28,icecream_topping,282.0,272.0,0.0,10.0
2022-04-28,to_go_bag,18412.0,18311.0,0.0,101.0
2022-04-28,napkins,8060.0,7555.0,0.0,505.0
2022-04-28,ketchup,9540.0,9531.0,0.0,9.0
2022-04-28,ranch,9504.0,9500.0,0.0,4.0
2022-04-28,buffalo_sauce,9692.0,9682.0,0.0,10.0
2022-04-28,bbq_sauce,9612.0,9608.0,0.0,4.0
2022-04-28,polyneasian,9626.0,9623.0,0.0,3.0
2022-04-28,chickfala,9462.0,9453.0,0.0,9.0
2022-04-28,silverware,2734.0,2725.0,0.0,9.0
2022-04-29,fried_batter,183.40000000000003,567.8000000000001,525.0,140.6
2022-04-29,bun,535.0,492.0,0.0,43.0
2022-04-29,chicken_patty,990.0,900.5,0.0,89.5
2022-04-29,pickle_chips,3530.0,3401.0,0.0,129.0
2022-04-29,lettuce,50.0,370.0,350.0,30.0
2022-04-29,tomato,50.0,370.0,350.0,30.0
2022-04-29,cheese,304.5,269.5,0.0,35.0
2022-04-29,spice,1768.0,1731.0,0.0,37.0
2022-04-29,chicken_nuggets,10079.0,9546.0,0.0,533.0
2022-04-29,chicken_strips,9246.0,9220.0,0.0,26.0
2022-04-29,flat_bread,454.5,436.5,0.0,18.0
2022-04-29,mixed_greens,209.0,845.0,700.0,64.0
2022-04-29,shredded_monterey_jack,650.0,620.0,0.0,30.0
2022-04-29,waffle_fries,14508.440000000017,14371.700000000017,0.0,136.74
2022-04-29,roasted_corn_kernels,242.0,235.0,0.0,7.0
2022-04-29,crumbled_bacon,242.0,235.0,0.0,7.0
2022-04-29,avacado_lime_dressing,1292.0,1285.0,0.0,7.0
2022-04-29,red_bell_pepers,767.0,760.0,0.0,7.0
2022-04-29,grape tomatoes,335.0,300.0,0.0,35.0
2022-04-29,hard_boiled_egg,504.5,497.5,0.0,7.0
2022-04-29,blue_cheese,396.0,348.0,0.0,48.0
2022-04-29,apples,396.0,348.0,0.0,48.0
2022-04-29,strawberries,396.0,348.0,0.0,48.0
2022-04-29,blueberries,396.0,348.0,0.0,48.0
2022-04-29,harvest_nut_granola,396.0,348.0,0.0,48.0
2022-04-29,zesty_apple_vinagrette,396.0,348.0,0.0,48.0
2022-04-29,chicken_tenders,5160.0,5142.0,0.0,18.0
2022-04-29,biscuit,247.0,182.0,0.0,65.0
2022-04-29,chicken_mini_bread,3134.0,3110.0,0.0,24.0
2022-04-29,butter,284.5,282.0,0.0,2.5
2022-04-29,bacon,619.0,614.0,0.0,5.0
2022-04-29,tortilla,216.0,211.0,0.0,5.0
2022-04-29,eggs,408.0,383.0,0.0,25.0
2022-04-29,sausage,59.0,223.0,175.0,11.0
2022-04-29,bagel,357.0,324.0,0.0,33.0
2022-04-29,oatmeal,199.0,188.0,0.0,11.0
2022-04-29,fruit,140.0,106.0,0.0,34.0
2022-04-29,cream_cheese,391.0,375.0,0.0,16.0
2022-04-29,hash_brown,1228.0,1221.0,0.0,7.0
2022-04-29,yogurt_parfait,393.0,391.0,0.0,2.0
2022-04-29,cinamon_cluster,327.0,315.0,0.0,12.0
2022-04-29,lemonade,3590.7999999999984,3555.7999999999984,0.0,35.0
2022-04-29,straw,4256.0,4028.0,0.0,228.0
2022-04-29,small_drink_cup,6338.0,6305.0,0.0,33.0
2022-04-29,medium_drink_cup,5842.0,5678.0,0.0,164.0
2022-04-29,large_drink_cup,6076.0,6045.0,0.0,31.0
2022-04-29,lemonade_diet,2556.7999999999993,2528.399999999999,0.0,28.4
2022-04-29,ice_tea_unsweet,7554.799999999997,7536.299999999997,0.0,18.5
2022-04-29,ice_tea_sweet,4223.400000000001,4214.000000000001,0.0,9.399999999999999
2022-04-29,soft_drink,14698.400000000023,14534.600000000024,0.0,163.80000000000004
2022-04-29,dasani_water_bottle,837.0,833.0,0.0,4.0
2022-04-29,orange_juice_bottle,695.0,692.0,0.0,3.0
2022-04-29,apple_juice,651.0,642.0,0.0,9.0
2022-04-29,ice_coffee,558.0,542.25,0.0,15.75
2022-04-29,coffee,681.5,646.25,0.0,35.25
2022-04-29,Coffee_box,375.0,372.0,0.0,3.0
2022-04-29,milk_chocolate,214.0,211.0,0.0,3.0
2022-04-29,milk,750.0,709.0,0.0,41.0
2022-04-29,icecream,698.0,632.0,0.0,66.0
2022-04-29,vanilla_flavor,108.0,448.0,350.0,10.0
2022-04-29,cream_flavor,112.0,105.0,0.0,7.0
2022-04-29,chunk_cookie,67.0,353.5,350.0,63.5
2022-04-29,chocolate_flavor,236.0,230.0,0.0,6.0
2022-04-29,strawberry_flavor,158.0,156.0,0.0,2.0
2022-04-29,frosted_extract,186.0,174.0,0.0,12.0
2022-04-29,icecream_cone,250.0,239.0,0.0,11.0
2022-04-29,icecream_come,270.0,265.0,0.0,5.0
2022-04-29,icecream_topping,262.0,242.0,0.0,20.0
2022-04-29,to_go_bag,18210.0,18087.0,0.0,123.0
2022-04-29,napkins,7050.0,6435.0,0.0,615.0
2022-04-29,ketchup,9522.0,9515.0,0.0,7.0
2022-04-29,ranch,9496.0,9485.0,0.0,11.0
2022-04-29,buffalo_sauce,9672.0,9668.0,0.0,4.0
2022-04-29,bbq_sauce,9604.0,9601.0,0.0,3.0
2022-04-29,polyneasian,9620.0,9615.0,0.0,5.0
2022-04-29,chickfala,9444.0,9440.0,0.0,4.0
2022-04-29,silverware,2716.0,2707.0,0.0,9.0
2022-04-30,fried_batter,952.2000000000002,804.0000000000001,0.0,148.20000000000002
2022-04-30,bun,449.0,393.0,0.0,56.0
2022-04-30,chicken_patty,811.0,708.0,0.0,103.0
2022-04-30,pickle_chips,3272.0,3104.0,0.0,168.0
2022-04-30,lettuce,690.0,648.0,0.0,42.0
2022-04-30,tomato,690.0,648.0,0.0,42.0
2022-04-30,cheese,234.5,205.5,0.0,29.0
2022-04-30,spice,1694.0,1662.0,0.0,32.0
2022-04-30,chicken_nuggets,9013.0,8622.5,0.0,390.5
2022-04-30,chicken_strips,9194.0,9142.0,0.0,52.0
2022-04-30,flat_bread,418.5,407.5,0.0,11.0
2022-04-30,mixed_greens,1481.0,1415.5,0.0,65.5
2022-04-30,shredded_monterey_jack,590.0,565.0,0.0,25.0
2022-04-30,waffle_fries,14234.960000000017,14081.700000000017,0.0,153.26000000000002
2022-04-30,roasted_corn_kernels,228.0,228.0,0.0,0.0
2022-04-30,crumbled_bacon,228.0,228.0,0.0,0.0
2022-04-30,avacado_lime_dressing,1278.0,1278.0,0.0,0.0
2022-04-30,red_bell_pepers,753.0,753.0,0.0,0.0
2022-04-30,grape tomatoes,265.0,265.0,0.0,0.0
2022-04-30,hard_boiled_egg,490.5,490.5,0.0,0.0
2022-04-30,blue_cheese,300.0,240.0,0.0,60.0
2022-04-30,apples,300.0,240.0,0.0,60.0
2022-04-30,strawberries,300.0,240.0,0.0,60.0
2022-04-30,blueberries,300.0,240.0,0.0,60.0
2022-04-30,harvest_nut_granola,300.0,240.0,0.0,60.0
2022-04-30,zesty_apple_vinagrette,300.0,240.0,0.0,60.0
2022-04-30,chicken_tenders,5124.0,5102.0,0.0,22.0
2022-04-30,biscuit,117.0,619.0,525.0,23.0
2022-04-30,chicken_mini_bread,3086.0,3026.0,0.0,60.0
2022-04-30,butter,279.5,278.5,0.0,1.0
2022-04-30,bacon,609.0,607.0,0.0,2.0
2022-04-30,tortilla,206.0,192.0,0.0,14.0
2022-04-30,eggs,358.0,336.0,0.0,22.0
2022-04-30,sausage,387.0,386.0,0.0,1.0
2022-04-30,bagel,291.0,269.0,0.0,22.0
2022-04-30,oatmeal,177.0,154.0,0.0,23.0
2022-04-30,fruit,72.0,391.0,350.0,31.0
2022-04-30,cream_cheese,359.0,358.0,0.0,1.0
2022-04-30,hash_brown,1214.0,1210.0,0.0,4.0
2022-04-30,yogurt_parfait,389.0,380.0,0.0,9.0
2022-04-30,cinamon_cluster,303.0,297.0,0.0,6.0
2022-04-30,lemonade,3520.7999999999984,3485.6999999999985,0.0,35.1
2022-04-30,straw,3800.0,3585.0,0.0,215.0
2022-04-30,small_drink_cup,6272.0,6244.0,0.0,28.0
2022-04-30,medium_drink_cup,5514.0,5361.0,0.0,153.0
2022-04-30,large_drink_cup,6014.0,5980.0,0.0,34.0
2022-04-30,lemonade_diet,2499.999999999999,2474.599999999999,0.0,25.400000000000006
2022-04-30,ice_tea_unsweet,7517.799999999997,7509.499999999997,0.0,8.3
2022-04-30,ice_tea_sweet,4204.600000000001,4174.9000000000015,0.0,29.700000000000003
2022-04-30,soft_drink,14370.800000000025,14211.100000000024,0.0,159.70000000000002
2022-04-30,dasani_water_bottle,829.0,821.0,0.0,8.0
2022-04-30,orange_juice_bottle,689.0,681.0,0.0,8.0
2022-04-30,apple_juice,633.0,631.0,0.0,2.0
2022-04-30,ice_coffee,526.5,506.0,0.0,20.5
2022-04-30,coffee,611.0,593.25,0.0,17.75
2022-04-30,Coffee_box,369.0,366.0,0.0,3.0
2022-04-30,milk_chocolate,208.0,205.0,0.0,3.0
2022-04-30,milk,668.0,643.0,0.0,25.0
2022-04-30,icecream,566.0,519.0,0.0,47.0
2022-04-30,vanilla_flavor,788.0,784.0,0.0,4.0
2022-04-30,cream_flavor,98.0,98.0,0.0,0.0
2022-04-30,chunk_cookie,640.0,577.0,0.0,63.0
2022-04-30,chocolate_flavor,224.0,216.0,0.0,8.0
2022-04-30,strawberry_flavor,154.0,149.0,0.0,5.0
2022-04-30,frosted_extract,162.0,150.0,0.0,12.0
2022-04-30,icecream_cone,228.0,228.0,0.0,0.0
2022-04-30,icecream_come,260.0,247.0,0.0,13.0
2022-04-30,icecream_topping,222.0,218.0,0.0,4.0
2022-04-30,to_go_bag,17964.0,17869.0,0.0,95.0
2022-04-30,napkins,5820.0,5345.0,0.0,475.0
2022-04-30,ketchup,9508.0,9498.0,0.0,10.0
2022-04-30,ranch,9474.0,9466.0,0.0,8.0
2022-04-30,buffalo_sauce,9664.0,9661.0,0.0,3.0
2022-04-30,bbq_sauce,9598.0,9597.0,0.0,1.0
2022-04-30,polyneasian,9610.0,9604.0,0.0,6.0
2022-04-30,chickfala,9436.0,9432.0,0.0,4.0
2022-04-30,silverware,2698.0,2694.0,0.0,4.0
2022-05-02,fried_batter,655.8000000000001,514.6000000000001,0.0,141.2
2022-05-02,bun,337.0,303.0,0.0,34.0
2022-05-02,chicken_patty,605.0,530.5,0.0,74.5
2022-05-02,pickle_chips,2936.0,2834.0,0.0,102.0
2022-05-02,lettuce,606.0,562.0,0.0,44.0
2022-05-02,tomato,606.0,562.0,0.0,44.0
2022-05-02,cheese,176.5,132.5,0.0,44.0
2022-05-02,spice,1630.0,1605.0,0.0,25.0
2022-05-02,chicken_nuggets,8232.0,7810.5,0.0,421.5
2022-05-02,chicken_strips,9090.0,9001.0,0.0,89.0
2022-05-02,flat_bread,396.5,393.5,0.0,3.0
2022-05-02,mixed_greens,1350.0,1293.5,0.0,56.5
2022-05-02,shredded_monterey_jack,540.0,507.0,0.0,33.0
2022-05-02,waffle_fries,13928.440000000017,13781.060000000018,0.0,147.38
2022-05-02,roasted_corn_kernels,228.0,216.0,0.0,12.0
2022-05-02,crumbled_bacon,228.0,216.0,0.0,12.0
2022-05-02,avacado_lime_dressing,1278.0,1266.0,0.0,12.0
2022-05-02,red_bell_pepers,753.0,741.0,0.0,12.0
2022-05-02,grape tomatoes,265.0,1080.0,875.0,60.0
2022-05-02,hard_boiled_egg,490.5,478.5,0.0,12.0
2022-05-02,blue_cheese,180.0,137.0,0.0,43.0
2022-05-02,apples,180.0,137.0,0.0,43.0
2022-05-02,strawberries,180.0,137.0,0.0,43.0
2022-05-02,blueberries,180.0,137.0,0.0,43.0
2022-05-02,harvest_nut_granola,180.0,137.0,0.0,43.0
2022-05-02,zesty_apple_vinagrette,180.0,137.0,0.0,43.0
2022-05-02,chicken_tenders,5080.0,5064.0,0.0,16.0
2022-05-02,biscuit,1121.0,1085.0,0.0,36.0
2022-05-02,chicken_mini_bread,2966.0,2951.0,0.0,15.0
2022-05-02,butter,277.5,276.5,0.0,1.0
2022-05-02,bacon,605.0,595.0,0.0,10.0
2022-05-02,tortilla,178.0,160.0,0.0,18.0
2022-05-02,eggs,314.0,274.0,0.0,40.0
2022-05-02,sausage,385.0,382.0,0.0,3.0
2022-05-02,bagel,247.0,216.0,0.0,31.0
2022-05-02,oatmeal,131.0,119.0,0.0,12.0
2022-05-02,fruit,710.0,700.5,0.0,9.5
2022-05-02,cream_cheese,357.0,345.0,0.0,12.0
2022-05-02,hash_brown,1206.0,1202.0,0.0,4.0
2022-05-02,yogurt_parfait,371.0,368.0,0.0,3.0
2022-05-02,cinamon_cluster,291.0,287.0,0.0,4.0
2022-05-02,lemonade,3450.5999999999985,3400.6999999999985,0.0,49.900000000000006
2022-05-02,straw,3370.0,3138.0,0.0,232.0
2022-05-02,small_drink_cup,6216.0,6186.0,0.0,30.0
2022-05-02,medium_drink_cup,5208.0,5052.0,0.0,156.0
2022-05-02,large_drink_cup,5946.0,5900.0,0.0,46.0
2022-05-02,lemonade_diet,2449.199999999999,2417.8999999999987,0.0,31.299999999999997
2022-05-02,ice_tea_unsweet,7501.199999999997,7479.199999999997,0.0,22.000000000000004
2022-05-02,ice_tea_sweet,4145.200000000002,4103.800000000002,0.0,41.400000000000006
2022-05-02,soft_drink,14051.400000000023,13908.800000000023,0.0,142.60000000000002
2022-05-02,dasani_water_bottle,813.0,813.0,0.0,0.0
2022-05-02,orange_juice_bottle,673.0,668.0,0.0,5.0
2022-05-02,apple_juice,629.0,625.0,0.0,4.0
2022-05-02,ice_coffee,485.5,471.0,0.0,14.5
2022-05-02,coffee,575.5,565.25,0.0,10.25
2022-05-02,Coffee_box,363.0,361.0,0.0,2.0
2022-05-02,milk_chocolate,202.0,192.0,0.0,10.0
2022-05-02,milk,618.0,565.0,0.0,53.0
2022-05-02,icecream,472.0,373.0,0.0,99.0
2022-05-02,vanilla_flavor,780.0,766.0,0.0,14.0
2022-05-02,cream_flavor,98.0,431.0,350.0,17.0
2022-05-02,chunk_cookie,514.0,453.5,0.0,60.5
2022-05-02,chocolate_flavor,208.0,195.0,0.0,13.0
2022-05-02,strawberry_flavor,144.0,144.0,0.0,0.0
2022-05-02,frosted_extract,138.0,127.0,0.0,11.0
2022-05-02,icecream_cone,228.0,224.0,0.0,4.0
2022-05-02,icecream_come,234.0,227.0,0.0,7.0
2022-05-02,icecream_topping,214.0,206.0,0.0,8.0
2022-05-02,to_go_bag,17774.0,17678.0,0.0,96.0
2022-05-02,napkins,4870.0,4390.0,0.0,480.0
2022-05-02,ketchup,9488.0,9482.0,0.0,6.0
2022-05-02,ranch,9458.0,9454.0,0.0,4.0
2022-05-02,buffalo_sauce,9658.0,9653.0,0.0,5.0
2022-05-02,bbq_sauce,9596.0,9589.0,0.0,7.0
2022-05-02,polyneasian,9598.0,9597.0,0.0,1.0
2022-05-02,chickfala,9428.0,9424.0,0.0,4.0
2022-05-02,silverware,2690.0,2683.0,0.0,7.0
2022-05-03,fried_batter,373.40000000000015,247.80000000000015,0.0,125.6
2022-05-03,bun,269.0,223.0,0.0,46.0
2022-05-03,chicken_patty,456.0,378.0,0.0,78.0
2022-05-03,pickle_chips,2732.0,2594.0,0.0,138.0
2022-05-03,lettuce,518.0,466.0,0.0,52.0
2022-05-03,tomato,518.0,466.0,0.0,52.0
2022-05-03,cheese,88.5,298.0,262.5,53.0
2022-05-03,spice,1580.0,1552.0,0.0,28.0
2022-05-03,chicken_nuggets,7389.0,6998.0,0.0,391.0
2022-05-03,chicken_strips,8912.0,8826.0,0.0,86.0
2022-05-03,flat_bread,390.5,378.5,0.0,12.0
2022-05-03,mixed_greens,1237.0,1162.0,0.0,75.0
2022-05-03,shredded_monterey_jack,474.0,442.0,0.0,32.0
2022-05-03,waffle_fries,13633.680000000018,13497.22000000002,0.0,136.46
2022-05-03,roasted_corn_kernels,204.0,192.0,0.0,12.0
2022-05-03,crumbled_bacon,204.0,192.0,0.0,12.0
2022-05-03,avacado_lime_dressing,1254.0,1242.0,0.0,12.0
2022-05-03,red_bell_pepers,729.0,717.0,0.0,12.0
2022-05-03,grape tomatoes,1895.0,1835.0,0.0,60.0
2022-05-03,hard_boiled_egg,466.5,454.5,0.0,12.0
2022-05-03,blue_cheese,94.0,387.0,350.0,57.0
2022-05-03,apples,94.0,387.0,350.0,57.0
2022-05-03,strawberries,94.0,387.0,350.0,57.0
2022-05-03,blueberries,94.0,387.0,350.0,57.0
2022-05-03,harvest_nut_granola,94.0,387.0,350.0,57.0
2022-05-03,zesty_apple_vinagrette,94.0,387.0,350.0,57.0
2022-05-03,chicken_tenders,5048.0,5042.0,0.0,6.0
2022-05-03,biscuit,1049.0,1009.0,0.0,40.0
2022-05-03,chicken_mini_bread,2936.0,2918.0,0.0,18.0
2022-05-03,butter,275.5,274.75,0.0,0.75
2022-05-03,bacon,585.0,578.0,0.0,7.0
2022-05-03,tortilla,142.0,134.0,0.0,8.0
2022-05-03,eggs,234.0,199.0,0.0,35.0
2022-05-03,sausage,379.0,363.0,0.0,16.0
2022-05-03,bagel,185.0,167.0,0.0,18.0
2022-05-03,oatmeal,107.0,72.0,0.0,35.0
2022-05-03,fruit,691.0,664.5,0.0,26.5
2022-05-03,cream_cheese,333.0,324.0,0.0,9.0
2022-05-03,hash_brown,1198.0,1188.0,0.0,10.0
2022-05-03,yogurt_parfait,365.0,363.0,0.0,2.0
2022-05-03,cinamon_cluster,283.0,271.0,0.0,12.0
2022-05-03,lemonade,3350.7999999999984,3294.7999999999984,0.0,56.0
2022-05-03,straw,2906.0,13175.0,10500.0,231.0
2022-05-03,small_drink_cup,6156.0,6104.0,0.0,52.0
2022-05-03,medium_drink_cup,4896.0,4753.0,0.0,143.0
2022-05-03,large_drink_cup,5854.0,5818.0,0.0,36.0
2022-05-03,lemonade_diet,2386.5999999999985,2367.5999999999985,0.0,18.999999999999996
2022-05-03,ice_tea_unsweet,7457.199999999997,7441.099999999997,0.0,16.099999999999994
2022-05-03,ice_tea_sweet,4062.400000000002,4028.200000000002,0.0,34.2
2022-05-03,soft_drink,13766.200000000023,13615.700000000023,0.0,150.5
2022-05-03,dasani_water_bottle,813.0,805.0,0.0,8.0
2022-05-03,orange_juice_bottle,663.0,654.0,0.0,9.0
2022-05-03,apple_juice,621.0,615.0,0.0,6.0
2022-05-03,ice_coffee,456.5,444.5,0.0,12.0
2022-05-03,coffee,555.0,527.75,0.0,27.25
2022-05-03,Coffee_box,359.0,355.0,0.0,4.0
2022-05-03,milk_chocolate,182.0,175.0,0.0,7.0
2022-05-03,milk,512.0,477.0,0.0,35.0
2022-05-03,icecream,274.0,206.0,0.0,68.0
2022-05-03,vanilla_flavor,752.0,751.0,0.0,1.0
2022-05-03,cream_flavor,764.0,758.0,0.0,6.0
2022-05-03,chunk_cookie,393.0,375.0,0.0,18.0
2022-05-03,chocolate_flavor,182.0,176.0,0.0,6.0
2022-05-03,strawberry_flavor,144.0,130.0,0.0,14.0
2022-05-03,frosted_extract,116.0,106.0,0.0,10.0
2022-05-03,icecream_cone,220.0,215.0,0.0,5.0
2022-05-03,icecream_come,220.0,211.0,0.0,9.0
2022-05-03,icecream_topping,198.0,191.0,0.0,7.0
2022-05-03,to_go_bag,17582.0,17470.0,0.0,112.0
2022-05-03,napkins,3910.0,3350.0,0.0,560.0
2022-05-03,ketchup,9476.0,9467.0,0.0,9.0
2022-05-03,ranch,9450.0,9433.0,0.0,17.0
2022-05-03,buffalo_sauce,9648.0,9644.0,0.0,4.0
2022-05-03,bbq_sauce,9582.0,9574.0,0.0,8.0
2022-05-03,polyneasian,9596.0,9594.0,0.0,2.0
2022-05-03,chickfala,9420.0,9416.0,0.0,4.0
2022-05-03,silverware,2676.0,2665.0,0.0,11.0
2022-05-04,fried_batter,122.20000000000016,488.20000000000016,525.0,159.0
2022-05-04,bun,177.0,649.0,525.0,53.0
2022-05-04,chicken_patty,300.0,209.0,0.0,91.0
2022-05-04,pickle_chips,2456.0,2297.0,0.0,159.0
2022-05-04,lettuce,414.0,338.0,0.0,76.0
2022-05-04,tomato,414.0,338.0,0.0,76.0
2022-05-04,cheese,507.5,443.5,0.0,64.0
2022-05-04,spice,1524.0,1482.0,0.0,42.0
2022-05-04,chicken_nuggets,6607.0,6248.0,0.0,359.0
2022-05-04,chicken_strips,8740.0,8674.0,0.0,66.0
2022-05-04,flat_bread,366.5,360.5,0.0,6.0
2022-05-04,mixed_greens,1087.0,1055.0,0.0,32.0
2022-05-04,shredded_monterey_jack,410.0,397.0,0.0,13.0
2022-05-04,waffle_fries,13360.76000000002,13208.50000000002,0.0,152.26
2022-05-04,roasted_corn_kernels,180.0,180.0,0.0,0.0
2022-05-04,crumbled_bacon,180.0,180.0,0.0,0.0
2022-05-04,avacado_lime_dressing,1230.0,1230.0,0.0,0.0
2022-05-04,red_bell_pepers,705.0,705.0,0.0,0.0
2022-05-04,grape tomatoes,1775.0,1775.0,0.0,0.0
2022-05-04,hard_boiled_egg,442.5,442.5,0.0,0.0
2022-05-04,blue_cheese,680.0,651.0,0.0,29.0
2022-05-04,apples,680.0,651.0,0.0,29.0
2022-05-04,strawberries,680.0,651.0,0.0,29.0
2022-05-04,blueberries,680.0,651.0,0.0,29.0
2022-05-04,harvest_nut_granola,680.0,651.0,0.0,29.0
2022-05-04,zesty_apple_vinagrette,680.0,651.0,0.0,29.0
2022-05-04,chicken_tenders,5036.0,5028.0,0.0,8.0
2022-05-04,biscuit,969.0,919.0,0.0,50.0
2022-05-04,chicken_mini_bread,2900.0,2828.0,0.0,72.0
2022-05-04,butter,274.0,272.25,0.0,1.75
2022-05-04,bacon,571.0,562.0,0.0,9.0
2022-05-04,tortilla,126.0,119.0,0.0,7.0
2022-05-04,eggs,164.0,131.0,0.0,33.0
2022-05-04,sausage,347.0,341.0,0.0,6.0
2022-05-04,bagel,149.0,123.0,0.0,26.0
2022-05-04,oatmeal,37.0,183.0,175.0,29.0
2022-05-04,fruit,638.0,605.5,0.0,32.5
2022-05-04,cream_cheese,315.0,306.0,0.0,9.0
2022-05-04,hash_brown,1178.0,1168.0,0.0,10.0
2022-05-04,yogurt_parfait,361.0,353.0,0.0,8.0
2022-05-04,cinamon_cluster,259.0,251.0,0.0,8.0
2022-05-04,lemonade,3238.7999999999984,3204.5999999999985,0.0,34.199999999999996
2022-05-04,straw,23444.0,23200.0,0.0,244.0
2022-05-04,small_drink_cup,6052.0,5997.0,0.0,55.0
2022-05-04,medium_drink_cup,4610.0,4447.0,0.0,163.0
2022-05-04,large_drink_cup,5782.0,5756.0,0.0,26.0
2022-05-04,lemonade_diet,2348.5999999999985,2313.6999999999985,0.0,34.900000000000006
2022-05-04,ice_tea_unsweet,7424.999999999996,7411.2999999999965,0.0,13.700000000000001
2022-05-04,ice_tea_sweet,3994.0000000000023,3906.3000000000025,0.0,87.70000000000002
2022-05-04,soft_drink,13465.200000000023,13328.600000000022,0.0,136.60000000000002
2022-05-04,dasani_water_bottle,797.0,789.0,0.0,8.0
2022-05-04,orange_juice_bottle,645.0,640.0,0.0,5.0
2022-05-04,apple_juice,609.0,609.0,0.0,0.0
2022-05-04,ice_coffee,432.5,409.5,0.0,23.0
2022-05-04,coffee,500.5,493.5,0.0,7.0
2022-05-04,Coffee_box,351.0,341.0,0.0,10.0
2022-05-04,milk_chocolate,168.0,159.0,0.0,9.0
2022-05-04,milk,442.0,401.0,0.0,41.0
2022-05-04,icecream,138.0,422.0,350.0,66.0
2022-05-04,vanilla_flavor,750.0,745.0,0.0,5.0
2022-05-04,cream_flavor,752.0,752.0,0.0,0.0
2022-05-04,chunk_cookie,357.0,305.0,0.0,52.0
2022-05-04,chocolate_flavor,170.0,158.0,0.0,12.0
2022-05-04,strawberry_flavor,116.0,107.0,0.0,9.0
2022-05-04,frosted_extract,96.0,96.0,0.0,0.0
2022-05-04,icecream_cone,210.0,200.0,0.0,10.0
2022-05-04,icecream_come,202.0,198.0,0.0,4.0
2022-05-04,icecream_topping,184.0,182.0,0.0,2.0
2022-05-04,to_go_bag,17358.0,17255.0,0.0,103.0
2022-05-04,napkins,2790.0,12775.0,10500.0,515.0
2022-05-04,ketchup,9458.0,9454.0,0.0,4.0
2022-05-04,ranch,9416.0,9415.0,0.0,1.0
2022-05-04,buffalo_sauce,9640.0,9626.0,0.0,14.0
2022-05-04,bbq_sauce,9566.0,9554.0,0.0,12.0
2022-05-04,polyneasian,9592.0,9588.0,0.0,4.0
2022-05-04,chickfala,9412.0,9405.0,0.0,7.0
2022-05-04,silverware,2654.0,2647.0,0.0,7.0
2022-05-05,fried_batter,854.2000000000002,707.2000000000002,0.0,147.0
2022-05-05,bun,1121.0,1073.0,0.0,48.0
2022-05-05,chicken_patty,118.0,736.0,700.0,82.0
2022-05-05,pickle_chips,2138.0,1994.0,0.0,144.0
2022-05-05,lettuce,262.0,212.0,0.0,50.0
2022-05-05,tomato,262.0,212.0,0.0,50.0
2022-05-05,cheese,379.5,331.5,0.0,48.0
2022-05-05,spice,1440.0,1399.0,0.0,41.0
2022-05-05,chicken_nuggets,5889.0,5328.5,0.0,560.5
2022-05-05,chicken_strips,8608.0,8564.0,0.0,44.0
2022-05-05,flat_bread,354.5,347.5,0.0,7.0
2022-05-05,mixed_greens,1023.0,959.5,0.0,63.5
2022-05-05,shredded_monterey_jack,384.0,361.0,0.0,23.0
2022-05-05,waffle_fries,13056.24000000002,12926.22000000002,0.0,130.02
2022-05-05,roasted_corn_kernels,180.0,168.0,0.0,12.0
2022-05-05,crumbled_bacon,180.0,168.0,0.0,12.0
2022-05-05,avacado_lime_dressing,1230.0,1218.0,0.0,12.0
2022-05-05,red_bell_pepers,705.0,693.0,0.0,12.0
2022-05-05,grape tomatoes,1775.0,1715.0,0.0,60.0
2022-05-05,hard_boiled_egg,442.5,430.5,0.0,12.0
2022-05-05,blue_cheese,622.0,574.0,0.0,48.0
2022-05-05,apples,622.0,574.0,0.0,48.0
2022-05-05,strawberries,622.0,574.0,0.0,48.0
2022-05-05,blueberries,622.0,574.0,0.0,48.0
2022-05-05,harvest_nut_granola,622.0,574.0,0.0,48.0
2022-05-05,zesty_apple_vinagrette,622.0,574.0,0.0,48.0
2022-05-05,chicken_tenders,5020.0,5008.0,0.0,12.0
2022-05-05,biscuit,869.0,819.0,0.0,50.0
2022-05-05,chicken_mini_bread,2756.0,2729.0,0.0,27.0
2022-05-05,butter,270.5,268.0,0.0,2.5
2022-05-05,bacon,553.0,547.0,0.0,6.0
2022-05-05,tortilla,112.0,108.0,0.0,4.0
2022-05-05,eggs,98.0,421.0,350.0,27.0
2022-05-05,sausage,335.0,325.0,0.0,10.0
2022-05-05,bagel,97.0,75.0,0.0,22.0
2022-05-05,oatmeal,329.0,304.0,0.0,25.0
2022-05-05,fruit,573.0,544.5,0.0,28.5
2022-05-05,cream_cheese,297.0,286.0,0.0,11.0
2022-05-05,hash_brown,1158.0,1150.0,0.0,8.0
2022-05-05,yogurt_parfait,345.0,340.0,0.0,5.0
2022-05-05,cinamon_cluster,243.0,235.0,0.0,8.0
2022-05-05,lemonade,3170.3999999999987,3104.5999999999985,0.0,65.80000000000001
2022-05-05,straw,22956.0,22726.0,0.0,230.0
2022-05-05,small_drink_cup,5942.0,5899.0,0.0,43.0
2022-05-05,medium_drink_cup,4284.0,4127.0,0.0,157.0
2022-05-05,large_drink_cup,5730.0,5700.0,0.0,30.0
2022-05-05,lemonade_diet,2278.7999999999984,2262.6999999999985,0.0,16.1
2022-05-05,ice_tea_unsweet,7397.599999999997,7357.599999999997,0.0,40.0
2022-05-05,ice_tea_sweet,3818.6000000000026,3763.3000000000025,0.0,55.300000000000004
2022-05-05,soft_drink,13192.000000000022,13065.700000000023,0.0,126.3
2022-05-05,dasani_water_bottle,781.0,780.0,0.0,1.0
2022-05-05,orange_juice_bottle,635.0,627.0,0.0,8.0
2022-05-05,apple_juice,609.0,603.0,0.0,6.0
2022-05-05,ice_coffee,386.5,376.5,0.0,10.0
2022-05-05,coffee,486.5,465.75,0.0,20.75
2022-05-05,Coffee_box,331.0,324.0,0.0,7.0
2022-05-05,milk_chocolate,150.0,142.0,0.0,8.0
2022-05-05,milk,360.0,310.0,0.0,50.0
2022-05-05,icecream,706.0,605.0,0.0,101.0
2022-05-05,vanilla_flavor,740.0,719.0,0.0,21.0
2022-05-05,cream_flavor,752.0,742.0,0.0,10.0
2022-05-05,chunk_cookie,253.0,166.0,0.0,87.0
2022-05-05,chocolate_flavor,146.0,136.0,0.0,10.0
2022-05-05,strawberry_flavor,98.0,447.0,350.0,1.0
2022-05-05,frosted_extract,96.0,432.0,350.0,14.0
2022-05-05,icecream_cone,190.0,179.0,0.0,11.0
2022-05-05,icecream_come,194.0,188.0,0.0,6.0
2022-05-05,icecream_topping,180.0,170.0,0.0,10.0
2022-05-05,to_go_bag,17152.0,17038.0,0.0,114.0
2022-05-05,napkins,22760.0,22190.0,0.0,570.0
2022-05-05,ketchup,9450.0,9436.0,0.0,14.0
2022-05-05,ranch,9414.0,9413.0,0.0,1.0
2022-05-05,buffalo_sauce,9612.0,9612.0,0.0,0.0
2022-05-05,bbq_sauce,9542.0,9538.0,0.0,4.0
2022-05-05,polyneasian,9584.0,9580.0,0.0,4.0
2022-05-05,chickfala,9398.0,9391.0,0.0,7.0
2022-05-05,silverware,2640.0,2629.0,0.0,11.0
2022-05-06,fried_batter,560.2000000000002,405.00000000000017,0.0,155.2
2022-05-06,bun,1025.0,962.0,0.0,63.0
2022-05-06,chicken_patty,1354.0,1272.0,0.0,82.0
2022-05-06,pickle_chips,1850.0,1661.0,0.0,189.0
2022-05-06,lettuce,162.0,448.0,350.0,64.0
2022-05-06,tomato,162.0,448.0,350.0,64.0
2022-05-06,cheese,283.5,239.5,0.0,44.0
2022-05-06,spice,1358.0,1331.0,0.0,27.0
2022-05-06,chicken_nuggets,4768.0,4196.5,0.0,571.5
2022-05-06,chicken_strips,8520.0,8476.0,0.0,44.0
2022-05-06,flat_bread,340.5,337.5,0.0,3.0
2022-05-06,mixed_greens,896.0,829.5,0.0,66.5
2022-05-06,shredded_monterey_jack,338.0,323.0,0.0,15.0
2022-05-06,waffle_fries,12796.200000000019,12638.80000000002,0.0,157.4
2022-05-06,roasted_corn_kernels,156.0,146.0,0.0,10.0
2022-05-06,crumbled_bacon,156.0,146.0,0.0,10.0
2022-05-06,avacado_lime_dressing,1206.0,1196.0,0.0,10.0
2022-05-06,red_bell_pepers,681.0,671.0,0.0,10.0
2022-05-06,grape tomatoes,1655.0,1605.0,0.0,50.0
2022-05-06,hard_boiled_egg,418.5,408.5,0.0,10.0
2022-05-06,blue_cheese,526.0,471.0,0.0,55.0
2022-05-06,apples,526.0,471.0,0.0,55.0
2022-05-06,strawberries,526.0,471.0,0.0,55.0
2022-05-06,blueberries,526.0,471.0,0.0,55.0
2022-05-06,harvest_nut_granola,526.0,471.0,0.0,55.0
2022-05-06,zesty_apple_vinagrette,526.0,471.0,0.0,55.0
2022-05-06,chicken_tenders,4996.0,4966.0,0.0,30.0
2022-05-06,biscuit,769.0,745.0,0.0,24.0
2022-05-06,chicken_mini_bread,2702.0,2645.0,0.0,57.0
2022-05-06,butter,265.5,264.5,0.0,1.0
2022-05-06,bacon,541.0,535.0,0.0,6.0
2022-05-06,tortilla,104.0,102.0,0.0,2.0
2022-05-06,eggs,744.0,730.0,0.0,14.0
2022-05-06,sausage,315.0,311.0,0.0,4.0
2022-05-06,bagel,53.0,211.0,175.0,17.0
2022-05-06,oatmeal,279.0,271.0,0.0,8.0
2022-05-06,fruit,516.0,492.0,0.0,24.0
2022-05-06,cream_cheese,275.0,272.0,0.0,3.0
2022-05-06,hash_brown,1142.0,1133.0,0.0,9.0
2022-05-06,yogurt_parfait,335.0,321.0,0.0,14.0
2022-05-06,cinamon_cluster,227.0,219.0,0.0,8.0
2022-05-06,lemonade,3038.7999999999984,2981.6999999999985,0.0,57.10000000000001
2022-05-06,straw,22496.0,22245.0,0.0,251.0
2022-05-06,small_drink_cup,5856.0,5816.0,0.0,40.0
2022-05-06,medium_drink_cup,3970.0,3801.0,0.0,169.0
2022-05-06,large_drink_cup,5670.0,5628.0,0.0,42.0
2022-05-06,lemonade_diet,2246.5999999999985,2206.3999999999987,0.0,40.2
2022-05-06,ice_tea_unsweet,7317.599999999997,7294.499999999996,0.0,23.1
2022-05-06,ice_tea_sweet,3708.0000000000023,3654.700000000002,0.0,53.300000000000004
2022-05-06,soft_drink,12939.400000000023,12778.300000000023,0.0,161.1
2022-05-06,dasani_water_bottle,779.0,771.0,0.0,8.0
2022-05-06,orange_juice_bottle,619.0,619.0,0.0,0.0
2022-05-06,apple_juice,597.0,590.0,0.0,7.0
2022-05-06,ice_coffee,366.5,356.75,0.0,9.75
2022-05-06,coffee,445.0,426.5,0.0,18.5
2022-05-06,Coffee_box,317.0,312.0,0.0,5.0
2022-05-06,milk_chocolate,134.0,126.0,0.0,8.0
2022-05-06,milk,260.0,208.0,0.0,52.0
2022-05-06,icecream,504.0,411.0,0.0,93.0
2022-05-06,vanilla_flavor,698.0,690.0,0.0,8.0
2022-05-06,cream_flavor,732.0,713.0,0.0,19.0
2022-05-06,chunk_cookie,79.0,348.5,350.0,80.5
2022-05-06,chocolate_flavor,126.0,117.0,0.0,9.0
2022-05-06,strawberry_flavor,796.0,795.0,0.0,1.0
2022-05-06,frosted_extract,768.0,755.0,0.0,13.0
2022-05-06,icecream_cone,168.0,158.0,0.0,10.0
2022-05-06,icecream_come,182.0,173.0,0.0,9.0
2022-05-06,icecream_topping,160.0,155.0,0.0,5.0
2022-05-06,to_go_bag,16924.0,16808.0,0.0,116.0
2022-05-06,napkins,21620.0,21040.0,0.0,580.0
2022-05-06,ketchup,9422.0,9418.0,0.0,4.0
2022-05-06,ranch,9412.0,9391.0,0.0,21.0
2022-05-06,buffalo_sauce,9612.0,9604.0,0.0,8.0
2022-05-06,bbq_sauce,9534.0,9530.0,0.0,4.0
2022-05-06,polyneasian,9576.0,9564.0,0.0,12.0
2022-05-06,chickfala,9384.0,9379.0,0.0,5.0
2022-05-06,silverware,2618.0,2612.0,0.0,6.0
2022-05-07,fried_batter,249.80000000000018,651.0000000000002,525.0,123.8
2022-05-07,bun,899.0,842.0,0.0,57.0
2022-05-07,chicken_patty,1190.0,1104.0,0.0,86.0
2022-05-07,pickle_chips,1472.0,1301.0,0.0,171.0
2022-05-07,lettuce,734.0,682.0,0.0,52.0
2022-05-07,tomato,734.0,682.0,0.0,52.0
2022-05-07,cheese,195.5,152.5,0.0,43.0
2022-05-07,spice,1304.0,1257.0,0.0,47.0
2022-05-07,chicken_nuggets,3625.0,3321.0,0.0,304.0
2022-05-07,chicken_strips,8432.0,8336.0,0.0,96.0
2022-05-07,flat_bread,334.5,324.5,0.0,10.0
2022-05-07,mixed_greens,763.0,707.0,0.0,56.0
2022-05-07,shredded_monterey_jack,308.0,1332.0,1050.0,26.0
2022-05-07,waffle_fries,12481.40000000002,12321.18000000002,0.0,160.22000000000003
2022-05-07,roasted_corn_kernels,136.0,127.0,0.0,9.0
2022-05-07,crumbled_bacon,136.0,127.0,0.0,9.0
2022-05-07,avacado_lime_dressing,1186.0,1177.0,0.0,9.0
2022-05-07,red_bell_pepers,661.0,652.0,0.0,9.0
2022-05-07,grape tomatoes,1555.0,1510.0,0.0,45.0
2022-05-07,hard_boiled_egg,398.5,389.5,0.0,9.0
2022-05-07,blue_cheese,416.0,374.0,0.0,42.0
2022-05-07,apples,416.0,374.0,0.0,42.0
2022-05-07,strawberries,416.0,374.0,0.0,42.0
2022-05-07,blueberries,416.0,374.0,0.0,42.0
2022-05-07,harvest_nut_granola,416.0,374.0,0.0,42.0
2022-05-07,zesty_apple_vinagrette,416.0,374.0,0.0,42.0
2022-05-07,chicken_tenders,4936.0,4922.0,0.0,14.0
2022-05-07,biscuit,721.0,696.0,0.0,25.0
2022-05-07,chicken_mini_bread,2588.0,2579.0,0.0,9.0
2022-05-07,butter,263.5,262.5,0.0,1.0
2022-05-07,bacon,529.0,524.0,0.0,5.0
2022-05-07,tortilla,100.0,443.0,350.0,7.0
2022-05-07,eggs,716.0,692.0,0.0,24.0
2022-05-07,sausage,307.0,299.0,0.0,8.0
2022-05-07,bagel,369.0,351.0,0.0,18.0
2022-05-07,oatmeal,263.0,243.0,0.0,20.0
2022-05-07,fruit,468.0,446.0,0.0,22.0
2022-05-07,cream_cheese,269.0,259.0,0.0,10.0
2022-05-07,hash_brown,1124.0,1113.0,0.0,11.0
2022-05-07,yogurt_parfait,307.0,294.0,0.0,13.0
2022-05-07,cinamon_cluster,211.0,203.0,0.0,8.0
2022-05-07,lemonade,2924.5999999999985,2845.4999999999986,0.0,79.10000000000001
2022-05-07,straw,21994.0,21739.0,0.0,255.0
2022-05-07,small_drink_cup,5776.0,5744.0,0.0,32.0
2022-05-07,medium_drink_cup,3632.0,3444.0,0.0,188.0
2022-05-07,large_drink_cup,5586.0,5551.0,0.0,35.0
2022-05-07,lemonade_diet,2166.199999999999,2137.799999999999,0.0,28.4
2022-05-07,ice_tea_unsweet,7271.399999999996,7243.999999999996,0.0,27.4
2022-05-07,ice_tea_sweet,3601.400000000002,3575.200000000002,0.0,26.2
2022-05-07,soft_drink,12617.200000000023,12460.700000000023,0.0,156.5
2022-05-07,dasani_water_bottle,763.0,759.0,0.0,4.0
2022-05-07,orange_juice_bottle,619.0,614.0,0.0,5.0
2022-05-07,apple_juice,583.0,571.0,0.0,12.0
2022-05-07,ice_coffee,347.0,314.75,0.0,32.25
2022-05-07,coffee,408.0,394.25,0.0,13.75
2022-05-07,Coffee_box,307.0,295.0,0.0,12.0
2022-05-07,milk_chocolate,118.0,112.0,0.0,6.0
2022-05-07,milk,156.0,106.0,0.0,50.0
2022-05-07,icecream,318.0,213.0,0.0,105.0
2022-05-07,vanilla_flavor,682.0,670.0,0.0,12.0
2022-05-07,cream_flavor,694.0,684.0,0.0,10.0
2022-05-07,chunk_cookie,618.0,579.0,0.0,39.0
2022-05-07,chocolate_flavor,108.0,449.0,350.0,9.0
2022-05-07,strawberry_flavor,794.0,784.0,0.0,10.0
2022-05-07,frosted_extract,742.0,726.0,0.0,16.0
2022-05-07,icecream_cone,148.0,129.0,0.0,19.0
2022-05-07,icecream_come,164.0,160.0,0.0,4.0
2022-05-07,icecream_topping,150.0,145.0,0.0,5.0
2022-05-07,to_go_bag,16692.0,16579.0,0.0,113.0
2022-05-07,napkins,20460.0,19895.0,0.0,565.0
2022-05-07,ketchup,9414.0,9391.0,0.0,23.0
2022-05-07,ranch,9370.0,9348.0,0.0,22.0
2022-05-07,buffalo_sauce,9596.0,9596.0,0.0,0.0
2022-05-07,bbq_sauce,9526.0,9524.0,0.0,2.0
2022-05-07,polyneasian,9552.0,9538.0,0.0,14.0
2022-05-07,chickfala,9374.0,9359.0,0.0,15.0
2022-05-07,silverware,2606.0,2590.0,0.0,16.0
2022-05-09,fried_batter,1052.2000000000003,920.2000000000003,0.0,132.0
2022-05-09,bun,785.0,735.0,0.0,50.0
2022-05-09,chicken_patty,1018.0,932.0,0.0,86.0
2022-05-09,pickle_chips,1130.0,980.0,0.0,150.0
2022-05-09,lettuce,630.0,580.0,0.0,50.0
2022-05-09,tomato,630.0,580.0,0.0,50.0
2022-05-09,cheese,109.5,324.0,262.5,48.0
2022-05-09,spice,1210.0,1177.0,0.0,33.0
2022-05-09,chicken_nuggets,3017.0,2499.5,0.0,517.5
2022-05-09,chicken_strips,8240.0,8207.0,0.0,33.0
2022-05-09,flat_bread,314.5,307.5,0.0,7.0
2022-05-09,mixed_greens,651.0,599.5,0.0,51.5
2022-05-09,shredded_monterey_jack,2356.0,2336.0,0.0,20.0
2022-05-09,waffle_fries,12160.960000000021,12014.84000000002,0.0,146.12
2022-05-09,roasted_corn_kernels,118.0,110.0,0.0,8.0
2022-05-09,crumbled_bacon,118.0,110.0,0.0,8.0
2022-05-09,avacado_lime_dressing,1168.0,1160.0,0.0,8.0
2022-05-09,red_bell_pepers,643.0,635.0,0.0,8.0
2022-05-09,grape tomatoes,1465.0,1425.0,0.0,40.0
2022-05-09,hard_boiled_egg,380.5,372.5,0.0,8.0
2022-05-09,blue_cheese,332.0,292.0,0.0,40.0
2022-05-09,apples,332.0,292.0,0.0,40.0
2022-05-09,strawberries,332.0,292.0,0.0,40.0
2022-05-09,blueberries,332.0,292.0,0.0,40.0
2022-05-09,harvest_nut_granola,332.0,292.0,0.0,40.0
2022-05-09,zesty_apple_vinagrette,332.0,292.0,0.0,40.0
2022-05-09,chicken_tenders,4908.0,4888.0,0.0,20.0
2022-05-09,biscuit,671.0,648.0,0.0,23.0
2022-05-09,chicken_mini_bread,2570.0,2504.0,0.0,66.0
2022-05-09,butter,261.5,260.75,0.0,0.75
2022-05-09,bacon,519.0,513.0,0.0,6.0
2022-05-09,tortilla,786.0,781.0,0.0,5.0
2022-05-09,eggs,668.0,640.0,0.0,28.0
2022-05-09,sausage,291.0,287.0,0.0,4.0
2022-05-09,bagel,333.0,299.0,0.0,34.0
2022-05-09,oatmeal,223.0,212.0,0.0,11.0
2022-05-09,fruit,424.0,390.5,0.0,33.5
2022-05-09,cream_cheese,249.0,244.0,0.0,5.0
2022-05-09,hash_brown,1102.0,1087.0,0.0,15.0
2022-05-09,yogurt_parfait,281.0,270.0,0.0,11.0
2022-05-09,cinamon_cluster,195.0,183.0,0.0,12.0
2022-05-09,lemonade,2766.3999999999987,2716.799999999999,0.0,49.599999999999994
2022-05-09,straw,21484.0,21263.0,0.0,221.0
2022-05-09,small_drink_cup,5712.0,5690.0,0.0,22.0
2022-05-09,medium_drink_cup,3256.0,3086.0,0.0,170.0
2022-05-09,large_drink_cup,5516.0,5487.0,0.0,29.0
2022-05-09,lemonade_diet,2109.3999999999987,2091.0999999999985,0.0,18.3
2022-05-09,ice_tea_unsweet,7216.599999999997,7201.399999999997,0.0,15.2
2022-05-09,ice_tea_sweet,3549.0000000000023,3500.8000000000025,0.0,48.199999999999996
2022-05-09,soft_drink,12304.200000000023,12161.100000000022,0.0,143.10000000000002
2022-05-09,dasani_water_bottle,755.0,743.0,0.0,12.0
2022-05-09,orange_juice_bottle,609.0,603.0,0.0,6.0
2022-05-09,apple_juice,559.0,552.0,0.0,7.0
2022-05-09,ice_coffee,282.5,255.75,0.0,26.75
2022-05-09,coffee,380.5,372.25,0.0,8.25
2022-05-09,Coffee_box,283.0,280.0,0.0,3.0
2022-05-09,milk_chocolate,106.0,445.0,350.0,11.0
2022-05-09,milk,56.0,350.0,350.0,56.0
2022-05-09,icecream,108.0,354.0,350.0,104.0
2022-05-09,vanilla_flavor,658.0,645.0,0.0,13.0
2022-05-09,cream_flavor,674.0,674.0,0.0,0.0
2022-05-09,chunk_cookie,540.0,499.0,0.0,41.0
2022-05-09,chocolate_flavor,790.0,774.0,0.0,16.0
2022-05-09,strawberry_flavor,774.0,758.0,0.0,16.0
2022-05-09,frosted_extract,710.0,709.0,0.0,1.0
2022-05-09,icecream_cone,110.0,106.0,0.0,4.0
2022-05-09,icecream_come,156.0,146.0,0.0,10.0
2022-05-09,icecream_topping,140.0,137.0,0.0,3.0
2022-05-09,to_go_bag,16466.0,16362.0,0.0,104.0
2022-05-09,napkins,19330.0,18810.0,0.0,520.0
2022-05-09,ketchup,9368.0,9366.0,0.0,2.0
2022-05-09,ranch,9326.0,9323.0,0.0,3.0
2022-05-09,buffalo_sauce,9596.0,9591.0,0.0,5.0
2022-05-09,bbq_sauce,9522.0,9518.0,0.0,4.0
2022-05-09,polyneasian,9524.0,9514.0,0.0,10.0
2022-05-09,chickfala,9344.0,9336.0,0.0,8.0
2022-05-09,silverware,2574.0,2561.0,0.0,13.0
2022-05-10,fried_batter,788.2000000000003,624.4000000000003,0.0,163.8
2022-05-10,bun,685.0,645.0,0.0,40.0
2022-05-10,chicken_patty,846.0,769.0,0.0,77.0
2022-05-10,pickle_chips,830.0,710.0,0.0,120.0
2022-05-10,lettuce,530.0,480.0,0.0,50.0
2022-05-10,tomato,530.0,480.0,0.0,50.0
2022-05-10,cheese,538.5,481.5,0.0,57.0
2022-05-10,spice,1144.0,1114.0,0.0,30.0
2022-05-10,chicken_nuggets,1982.0,8289.0,7000.0,693.0
2022-05-10,chicken_strips,8174.0,8114.0,0.0,60.0
2022-05-10,flat_bread,300.5,286.5,0.0,14.0
2022-05-10,mixed_greens,548.0,481.0,0.0,67.0
2022-05-10,shredded_monterey_jack,2316.0,2287.0,0.0,29.0
2022-05-10,waffle_fries,11868.72000000002,11727.34000000002,0.0,141.38000000000002
2022-05-10,roasted_corn_kernels,102.0,449.0,350.0,3.0
2022-05-10,crumbled_bacon,102.0,449.0,350.0,3.0
2022-05-10,avacado_lime_dressing,1152.0,1149.0,0.0,3.0
2022-05-10,red_bell_pepers,627.0,624.0,0.0,3.0
2022-05-10,grape tomatoes,1385.0,1370.0,0.0,15.0
2022-05-10,hard_boiled_egg,364.5,361.5,0.0,3.0
2022-05-10,blue_cheese,252.0,195.0,0.0,57.0
2022-05-10,apples,252.0,195.0,0.0,57.0
2022-05-10,strawberries,252.0,195.0,0.0,57.0
2022-05-10,blueberries,252.0,195.0,0.0,57.0
2022-05-10,harvest_nut_granola,252.0,195.0,0.0,57.0
2022-05-10,zesty_apple_vinagrette,252.0,195.0,0.0,57.0
2022-05-10,chicken_tenders,4868.0,4856.0,0.0,12.0
2022-05-10,biscuit,625.0,568.0,0.0,57.0
2022-05-10,chicken_mini_bread,2438.0,2372.0,0.0,66.0
2022-05-10,butter,260.0,258.25,0.0,1.75
2022-05-10,bacon,507.0,494.0,0.0,13.0
2022-05-10,tortilla,776.0,764.0,0.0,12.0
2022-05-10,eggs,612.0,568.0,0.0,44.0
2022-05-10,sausage,283.0,272.0,0.0,11.0
2022-05-10,bagel,265.0,231.0,0.0,34.0
2022-05-10,oatmeal,201.0,188.0,0.0,13.0
2022-05-10,fruit,357.0,315.5,0.0,41.5
2022-05-10,cream_cheese,239.0,234.0,0.0,5.0
2022-05-10,hash_brown,1072.0,1066.0,0.0,6.0
2022-05-10,yogurt_parfait,259.0,246.0,0.0,13.0
2022-05-10,cinamon_cluster,171.0,164.0,0.0,7.0
2022-05-10,lemonade,2667.199999999999,2614.699999999999,0.0,52.5
2022-05-10,straw,21042.0,20790.0,0.0,252.0
2022-05-10,small_drink_cup,5668.0,5626.0,0.0,42.0
2022-05-10,medium_drink_cup,2916.0,2735.0,0.0,181.0
2022-05-10,large_drink_cup,5458.0,5429.0,0.0,29.0
2022-05-10,lemonade_diet,2072.7999999999984,2034.1999999999985,0.0,38.6
2022-05-10,ice_tea_unsweet,7186.199999999997,7162.999999999997,0.0,23.2
2022-05-10,ice_tea_sweet,3452.6000000000026,3399.2000000000025,0.0,53.400000000000006
2022-05-10,soft_drink,12018.000000000022,11867.300000000021,0.0,150.7
2022-05-10,dasani_water_bottle,731.0,725.0,0.0,6.0
2022-05-10,orange_juice_bottle,597.0,585.0,0.0,12.0
2022-05-10,apple_juice,545.0,534.0,0.0,11.0
2022-05-10,ice_coffee,229.0,218.25,0.0,10.75
2022-05-10,coffee,364.0,341.5,0.0,22.5
2022-05-10,Coffee_box,277.0,271.0,0.0,6.0
2022-05-10,milk_chocolate,784.0,777.0,0.0,7.0
2022-05-10,milk,644.0,612.0,0.0,32.0
2022-05-10,icecream,600.0,549.0,0.0,51.0
2022-05-10,vanilla_flavor,632.0,630.0,0.0,2.0
2022-05-10,cream_flavor,674.0,666.0,0.0,8.0
2022-05-10,chunk_cookie,458.0,405.0,0.0,53.0
2022-05-10,chocolate_flavor,758.0,751.0,0.0,7.0
2022-05-10,strawberry_flavor,742.0,735.0,0.0,7.0
2022-05-10,frosted_extract,708.0,704.0,0.0,4.0
2022-05-10,icecream_cone,102.0,100.0,0.0,2.0
2022-05-10,icecream_come,136.0,135.0,0.0,1.0
2022-05-10,icecream_topping,134.0,118.0,0.0,16.0
2022-05-10,to_go_bag,16258.0,16135.0,0.0,123.0
2022-05-10,napkins,18290.0,17675.0,0.0,615.0
2022-05-10,ketchup,9364.0,9356.0,0.0,8.0
2022-05-10,ranch,9320.0,9314.0,0.0,6.0
2022-05-10,buffalo_sauce,9586.0,9568.0,0.0,18.0
2022-05-10,bbq_sauce,9514.0,9502.0,0.0,12.0
2022-05-10,polyneasian,9504.0,9495.0,0.0,9.0
2022-05-10,chickfala,9328.0,9313.0,0.0,15.0
2022-05-10,silverware,2548.0,2526.0,0.0,22.0
2022-05-11,fried_batter,460.6000000000003,342.2000000000003,0.0,118.40000000000002
2022-05-11,bun,605.0,573.0,0.0,32.0
2022-05-11,chicken_patty,692.0,632.5,0.0,59.5
2022-05-11,pickle_chips,590.0,2244.0,1750.0,96.0
2022-05-11,lettuce,430.0,396.0,0.0,34.0
2022-05-11,tomato,430.0,396.0,0.0,34.0
2022-05-11,cheese,424.5,390.5,0.0,34.0
2022-05-11,spice,1084.0,1062.0,0.0,22.0
2022-05-11,chicken_nuggets,14596.0,14107.0,0.0,489.0
2022-05-11,chicken_strips,8054.0,8008.0,0.0,46.0
2022-05-11,flat_bread,272.5,258.5,0.0,14.0
2022-05-11,mixed_greens,414.0,370.0,0.0,44.0
2022-05-11,shredded_monterey_jack,2258.0,2233.0,0.0,25.0
2022-05-11,waffle_fries,11585.960000000021,11435.160000000022,0.0,150.8
2022-05-11,roasted_corn_kernels,796.0,785.0,0.0,11.0
2022-05-11,crumbled_bacon,796.0,785.0,0.0,11.0
2022-05-11,avacado_lime_dressing,1146.0,1135.0,0.0,11.0
2022-05-11,red_bell_pepers,621.0,610.0,0.0,11.0
2022-05-11,grape tomatoes,1355.0,1300.0,0.0,55.0
2022-05-11,hard_boiled_egg,358.5,347.5,0.0,11.0
2022-05-11,blue_cheese,138.0,112.0,0.0,26.0
2022-05-11,apples,138.0,112.0,0.0,26.0
2022-05-11,strawberries,138.0,112.0,0.0,26.0
2022-05-11,blueberries,138.0,112.0,0.0,26.0
2022-05-11,harvest_nut_granola,138.0,112.0,0.0,26.0
2022-05-11,zesty_apple_vinagrette,138.0,112.0,0.0,26.0
2022-05-11,chicken_tenders,4844.0,4838.0,0.0,6.0
2022-05-11,biscuit,511.0,488.0,0.0,23.0
2022-05-11,chicken_mini_bread,2306.0,2240.0,0.0,66.0
2022-05-11,butter,256.5,255.75,0.0,0.75
2022-05-11,bacon,481.0,475.0,0.0,6.0
2022-05-11,tortilla,752.0,752.0,0.0,0.0
2022-05-11,eggs,524.0,507.0,0.0,17.0
2022-05-11,sausage,261.0,260.0,0.0,1.0
2022-05-11,bagel,197.0,168.0,0.0,29.0
2022-05-11,oatmeal,175.0,151.0,0.0,24.0
2022-05-11,fruit,274.0,240.0,0.0,34.0
2022-05-11,cream_cheese,229.0,219.0,0.0,10.0
2022-05-11,hash_brown,1060.0,1058.0,0.0,2.0
2022-05-11,yogurt_parfait,233.0,226.0,0.0,7.0
2022-05-11,cinamon_cluster,157.0,143.0,0.0,14.0
2022-05-11,lemonade,2562.199999999999,2474.8999999999987,0.0,87.29999999999998
2022-05-11,straw,20538.0,20324.0,0.0,214.0
2022-05-11,small_drink_cup,5584.0,5554.0,0.0,30.0
2022-05-11,medium_drink_cup,2554.0,2400.0,0.0,154.0
2022-05-11,large_drink_cup,5400.0,5370.0,0.0,30.0
2022-05-11,lemonade_diet,1995.5999999999985,1977.8999999999985,0.0,17.7
2022-05-11,ice_tea_unsweet,7139.799999999997,7107.799999999997,0.0,32.0
2022-05-11,ice_tea_sweet,3345.8000000000025,3338.0000000000023,0.0,7.800000000000001
2022-05-11,soft_drink,11716.60000000002,11558.60000000002,0.0,158.00000000000003
2022-05-11,dasani_water_bottle,719.0,708.0,0.0,11.0
2022-05-11,orange_juice_bottle,573.0,555.0,0.0,18.0
2022-05-11,apple_juice,523.0,523.0,0.0,0.0
2022-05-11,ice_coffee,207.5,182.75,0.0,24.75
2022-05-11,coffee,319.0,1348.25,1050.0,20.75
2022-05-11,Coffee_box,265.0,243.0,0.0,22.0
2022-05-11,milk_chocolate,770.0,759.0,0.0,11.0
2022-05-11,milk,580.0,540.0,0.0,40.0
2022-05-11,icecream,498.0,410.0,0.0,88.0
2022-05-11,vanilla_flavor,628.0,618.0,0.0,10.0
2022-05-11,cream_flavor,658.0,648.0,0.0,10.0
2022-05-11,chunk_cookie,352.0,255.0,0.0,97.0
2022-05-11,chocolate_flavor,744.0,741.0,0.0,3.0
2022-05-11,strawberry_flavor,728.0,716.0,0.0,12.0
2022-05-11,frosted_extract,700.0,697.0,0.0,3.0
2022-05-11,icecream_cone,98.0,441.0,350.0,7.0
2022-05-11,icecream_come,134.0,123.0,0.0,11.0
2022-05-11,icecream_topping,102.0,448.0,350.0,4.0
2022-05-11,to_go_bag,16012.0,15893.0,0.0,119.0
2022-05-11,napkins,17060.0,16465.0,0.0,595.0
2022-05-11,ketchup,9348.0,9339.0,0.0,9.0
2022-05-11,ranch,9308.0,9301.0,0.0,7.0
2022-05-11,buffalo_sauce,9550.0,9545.0,0.0,5.0
2022-05-11,bbq_sauce,9490.0,9471.0,0.0,19.0
2022-05-11,polyneasian,9486.0,9478.0,0.0,8.0
2022-05-11,chickfala,9298.0,9291.0,0.0,7.0
2022-05-11,silverware,2504.0,2500.0,0.0,4.0
2022-05-12,fried_batter,223.80000000000024,603.6000000000001,525.0,145.2
2022-05-12,bun,541.0,497.0,0.0,44.0
2022-05-12,chicken_patty,573.0,492.0,0.0,81.0
2022-05-12,pickle_chips,3898.0,3766.0,0.0,132.0
2022-05-12,lettuce,362.0,318.0,0.0,44.0
2022-05-12,tomato,362.0,318.0,0.0,44.0
2022-05-12,cheese,356.5,293.5,0.0,63.0
2022-05-12,spice,1040.0,1021.0,0.0,19.0
2022-05-12,chicken_nuggets,13618.0,13155.0,0.0,463.0
2022-05-12,chicken_strips,7962.0,7908.0,0.0,54.0
2022-05-12,flat_bread,244.5,238.5,0.0,6.0
2022-05-12,mixed_greens,326.0,276.0,0.0,50.0
2022-05-12,shredded_monterey_jack,2208.0,2188.0,0.0,20.0
2022-05-12,waffle_fries,11284.360000000022,11156.320000000022,0.0,128.04
2022-05-12,roasted_corn_kernels,774.0,768.0,0.0,6.0
2022-05-12,crumbled_bacon,774.0,768.0,0.0,6.0
2022-05-12,avacado_lime_dressing,1124.0,1118.0,0.0,6.0
2022-05-12,red_bell_pepers,599.0,593.0,0.0,6.0
2022-05-12,grape tomatoes,1245.0,1215.0,0.0,30.0
2022-05-12,hard_boiled_egg,336.5,330.5,0.0,6.0
2022-05-12,blue_cheese,86.0,395.0,350.0,41.0
2022-05-12,apples,86.0,395.0,350.0,41.0
2022-05-12,strawberries,86.0,395.0,350.0,41.0
2022-05-12,blueberries,86.0,395.0,350.0,41.0
2022-05-12,harvest_nut_granola,86.0,395.0,350.0,41.0
2022-05-12,zesty_apple_vinagrette,86.0,395.0,350.0,41.0
2022-05-12,chicken_tenders,4832.0,4820.0,0.0,12.0
2022-05-12,biscuit,465.0,415.0,0.0,50.0
2022-05-12,chicken_mini_bread,2174.0,2069.0,0.0,105.0
2022-05-12,butter,255.0,253.75,0.0,1.25
2022-05-12,bacon,469.0,456.0,0.0,13.0
2022-05-12,tortilla,752.0,744.0,0.0,8.0
2022-05-12,eggs,490.0,441.0,0.0,49.0
2022-05-12,sausage,259.0,243.0,0.0,16.0
2022-05-12,bagel,139.0,99.0,0.0,40.0
2022-05-12,oatmeal,127.0,105.0,0.0,22.0
2022-05-12,fruit,206.0,174.5,0.0,31.5
2022-05-12,cream_cheese,209.0,182.0,0.0,27.0
2022-05-12,hash_brown,1056.0,1043.0,0.0,13.0
2022-05-12,yogurt_parfait,219.0,208.0,0.0,11.0
2022-05-12,cinamon_cluster,129.0,119.0,0.0,10.0
2022-05-12,lemonade,2387.5999999999985,2334.0999999999985,0.0,53.50000000000001
2022-05-12,straw,20110.0,19882.0,0.0,228.0
2022-05-12,small_drink_cup,5524.0,5483.0,0.0,41.0
2022-05-12,medium_drink_cup,2246.0,2099.0,0.0,147.0
2022-05-12,large_drink_cup,5340.0,5300.0,0.0,40.0
2022-05-12,lemonade_diet,1960.1999999999985,1934.2999999999984,0.0,25.9
2022-05-12,ice_tea_unsweet,7075.799999999997,7042.499999999997,0.0,33.3
2022-05-12,ice_tea_sweet,3330.200000000002,3260.5000000000023,0.0,69.7
2022-05-12,soft_drink,11400.60000000002,11270.90000000002,0.0,129.7
2022-05-12,dasani_water_bottle,697.0,690.0,0.0,7.0
2022-05-12,orange_juice_bottle,537.0,527.0,0.0,10.0
2022-05-12,apple_juice,523.0,514.0,0.0,9.0
2022-05-12,ice_coffee,158.0,148.25,0.0,9.75
2022-05-12,coffee,2377.5,2361.5,0.0,16.0
2022-05-12,Coffee_box,221.0,219.0,0.0,2.0
2022-05-12,milk_chocolate,748.0,740.0,0.0,8.0
2022-05-12,milk,500.0,459.0,0.0,41.0
2022-05-12,icecream,322.0,232.0,0.0,90.0
2022-05-12,vanilla_flavor,608.0,594.0,0.0,14.0
2022-05-12,cream_flavor,638.0,634.0,0.0,4.0
2022-05-12,chunk_cookie,158.0,143.0,0.0,15.0
2022-05-12,chocolate_flavor,738.0,730.0,0.0,8.0
2022-05-12,strawberry_flavor,704.0,697.0,0.0,7.0
2022-05-12,frosted_extract,694.0,692.0,0.0,2.0
2022-05-12,icecream_cone,784.0,765.0,0.0,19.0
2022-05-12,icecream_come,112.0,107.0,0.0,5.0
2022-05-12,icecream_topping,794.0,791.0,0.0,3.0
2022-05-12,to_go_bag,15774.0,15655.0,0.0,119.0
2022-05-12,napkins,15870.0,15275.0,0.0,595.0
2022-05-12,ketchup,9330.0,9320.0,0.0,10.0
2022-05-12,ranch,9294.0,9282.0,0.0,12.0
2022-05-12,buffalo_sauce,9540.0,9536.0,0.0,4.0
2022-05-12,bbq_sauce,9452.0,9450.0,0.0,2.0
2022-05-12,polyneasian,9470.0,9463.0,0.0,7.0
2022-05-12,chickfala,9284.0,9283.0,0.0,1.0
2022-05-12,silverware,2496.0,2491.0,0.0,5.0
2022-05-13,fried_batter,983.4000000000001,874.8000000000001,0.0,108.60000000000001
2022-05-13,bun,453.0,422.0,0.0,31.0
2022-05-13,chicken_patty,411.0,355.5,0.0,55.5
2022-05-13,pickle_chips,3634.0,3541.0,0.0,93.0
2022-05-13,lettuce,274.0,256.0,0.0,18.0
2022-05-13,tomato,274.0,256.0,0.0,18.0
2022-05-13,cheese,230.5,203.5,0.0,27.0
2022-05-13,spice,1002.0,979.0,0.0,23.0
2022-05-13,chicken_nuggets,12692.0,12177.0,0.0,515.0
2022-05-13,chicken_strips,7854.0,7801.0,0.0,53.0
2022-05-13,flat_bread,232.5,232.5,0.0,0.0
2022-05-13,mixed_greens,226.0,879.0,700.0,47.0
2022-05-13,shredded_monterey_jack,2168.0,2153.0,0.0,15.0
2022-05-13,waffle_fries,11028.28000000002,10876.08000000002,0.0,152.2
2022-05-13,roasted_corn_kernels,762.0,760.0,0.0,2.0
2022-05-13,crumbled_bacon,762.0,760.0,0.0,2.0
2022-05-13,avacado_lime_dressing,1112.0,1110.0,0.0,2.0
2022-05-13,red_bell_pepers,587.0,585.0,0.0,2.0
2022-05-13,grape tomatoes,1185.0,1175.0,0.0,10.0
2022-05-13,hard_boiled_egg,324.5,322.5,0.0,2.0
2022-05-13,blue_cheese,704.0,659.0,0.0,45.0
2022-05-13,apples,704.0,659.0,0.0,45.0
2022-05-13,strawberries,704.0,659.0,0.0,45.0
2022-05-13,blueberries,704.0,659.0,0.0,45.0
2022-05-13,harvest_nut_granola,704.0,659.0,0.0,45.0
2022-05-13,zesty_apple_vinagrette,704.0,659.0,0.0,45.0
2022-05-13,chicken_tenders,4808.0,4798.0,0.0,10.0
2022-05-13,biscuit,365.0,339.0,0.0,26.0
2022-05-13,chicken_mini_bread,1964.0,1937.0,0.0,27.0
2022-05-13,butter,252.5,251.75,0.0,0.75
2022-05-13,bacon,443.0,438.0,0.0,5.0
2022-05-13,tortilla,736.0,723.0,0.0,13.0
2022-05-13,eggs,392.0,361.0,0.0,31.0
2022-05-13,sausage,227.0,216.0,0.0,11.0
2022-05-13,bagel,59.0,50.0,0.0,9.0
2022-05-13,oatmeal,83.0,61.0,0.0,22.0
2022-05-13,fruit,143.0,118.5,0.0,24.5
2022-05-13,cream_cheese,155.0,152.0,0.0,3.0
2022-05-13,hash_brown,1030.0,1026.0,0.0,4.0
2022-05-13,yogurt_parfait,197.0,191.0,0.0,6.0
2022-05-13,cinamon_cluster,109.0,94.0,0.0,15.0
2022-05-13,lemonade,2280.5999999999985,2202.1999999999985,0.0,78.39999999999998
2022-05-13,straw,19654.0,19432.0,0.0,222.0
2022-05-13,small_drink_cup,5442.0,5412.0,0.0,30.0
2022-05-13,medium_drink_cup,1952.0,1784.0,0.0,168.0
2022-05-13,large_drink_cup,5260.0,5236.0,0.0,24.0
2022-05-13,lemonade_diet,1908.3999999999983,1889.8999999999983,0.0,18.5
2022-05-13,ice_tea_unsweet,7009.199999999997,7001.699999999997,0.0,7.5
2022-05-13,ice_tea_sweet,3190.8000000000025,3155.3000000000025,0.0,35.50000000000001
2022-05-13,soft_drink,11141.200000000019,10985.100000000019,0.0,156.1
2022-05-13,dasani_water_bottle,683.0,674.0,0.0,9.0
2022-05-13,orange_juice_bottle,517.0,505.0,0.0,12.0
2022-05-13,apple_juice,505.0,504.0,0.0,1.0
2022-05-13,ice_coffee,138.5,128.75,0.0,9.75
2022-05-13,coffee,2345.5,2336.0,0.0,9.5
2022-05-13,Coffee_box,217.0,202.0,0.0,15.0
2022-05-13,milk_chocolate,732.0,723.0,0.0,9.0
2022-05-13,milk,418.0,395.0,0.0,23.0
2022-05-13,icecream,142.0,445.0,350.0,47.0
2022-05-13,vanilla_flavor,580.0,576.0,0.0,4.0
2022-05-13,cream_flavor,630.0,625.0,0.0,5.0
2022-05-13,chunk_cookie,128.0,419.5,350.0,58.5
2022-05-13,chocolate_flavor,722.0,714.0,0.0,8.0
2022-05-13,strawberry_flavor,690.0,688.0,0.0,2.0
2022-05-13,frosted_extract,690.0,679.0,0.0,11.0
2022-05-13,icecream_cone,746.0,741.0,0.0,5.0
2022-05-13,icecream_come,102.0,448.0,350.0,4.0
2022-05-13,icecream_topping,788.0,785.0,0.0,3.0
2022-05-13,to_go_bag,15536.0,15427.0,0.0,109.0
2022-05-13,napkins,14680.0,14135.0,0.0,545.0
2022-05-13,ketchup,9310.0,9292.0,0.0,18.0
2022-05-13,ranch,9270.0,9263.0,0.0,7.0
2022-05-13,buffalo_sauce,9532.0,9526.0,0.0,6.0
2022-05-13,bbq_sauce,9448.0,9443.0,0.0,5.0
2022-05-13,polyneasian,9456.0,9454.0,0.0,2.0
2022-05-13,chickfala,9282.0,9274.0,0.0,8.0
2022-05-13,silverware,2486.0,2479.0,0.0,7.0
2022-05-14,fried_batter,766.2,619.6,0.0,146.60000000000002
2022-05-14,bun,391.0,337.0,0.0,54.0
2022-05-14,chicken_patty,300.0,215.0,0.0,85.0
2022-05-14,pickle_chips,3448.0,3286.0,0.0,162.0
2022-05-14,lettuce,238.0,188.0,0.0,50.0
2022-05-14,tomato,238.0,188.0,0.0,50.0
2022-05-14,cheese,176.5,131.5,0.0,45.0
2022-05-14,spice,956.0,945.0,0.0,11.0
2022-05-14,chicken_nuggets,11662.0,11164.5,0.0,497.5
2022-05-14,chicken_strips,7748.0,7689.0,0.0,59.0
2022-05-14,flat_bread,232.5,221.5,0.0,11.0
2022-05-14,mixed_greens,1532.0,1471.5,0.0,60.5
2022-05-14,shredded_monterey_jack,2138.0,2099.0,0.0,39.0
2022-05-14,waffle_fries,10723.88000000002,10597.120000000019,0.0,126.76
2022-05-14,roasted_corn_kernels,758.0,749.0,0.0,9.0
2022-05-14,crumbled_bacon,758.0,749.0,0.0,9.0
2022-05-14,avacado_lime_dressing,1108.0,1099.0,0.0,9.0
2022-05-14,red_bell_pepers,583.0,574.0,0.0,9.0
2022-05-14,grape tomatoes,1165.0,1120.0,0.0,45.0
2022-05-14,hard_boiled_egg,320.5,311.5,0.0,9.0
2022-05-14,blue_cheese,614.0,568.0,0.0,46.0
2022-05-14,apples,614.0,568.0,0.0,46.0
2022-05-14,strawberries,614.0,568.0,0.0,46.0
2022-05-14,blueberries,614.0,568.0,0.0,46.0
2022-05-14,harvest_nut_granola,614.0,568.0,0.0,46.0
2022-05-14,zesty_apple_vinagrette,614.0,568.0,0.0,46.0
2022-05-14,chicken_tenders,4788.0,4758.0,0.0,30.0
2022-05-14,biscuit,313.0,277.0,0.0,36.0
2022-05-14,chicken_mini_bread,1910.0,1859.0,0.0,51.0
2022-05-14,butter,251.0,249.5,0.0,1.5
2022-05-14,bacon,433.0,422.0,0.0,11.0
2022-05-14,tortilla,710.0,691.0,0.0,19.0
2022-05-14,eggs,330.0,291.0,0.0,39.0
2022-05-14,sausage,205.0,204.0,0.0,1.0
2022-05-14,bagel,41.0,200.0,175.0,16.0
2022-05-14,oatmeal,39.0,191.0,175.0,23.0
2022-05-14,fruit,94.0,407.0,350.0,37.0
2022-05-14,cream_cheese,149.0,146.0,0.0,3.0
2022-05-14,hash_brown,1022.0,1019.0,0.0,3.0
2022-05-14,yogurt_parfait,185.0,179.0,0.0,6.0
2022-05-14,cinamon_cluster,79.0,69.0,0.0,10.0
2022-05-14,lemonade,2123.7999999999984,2083.6999999999985,0.0,40.1
2022-05-14,straw,19210.0,19014.0,0.0,196.0
2022-05-14,small_drink_cup,5382.0,5337.0,0.0,45.0
2022-05-14,medium_drink_cup,1616.0,1503.0,0.0,113.0
2022-05-14,large_drink_cup,5212.0,5174.0,0.0,38.0
2022-05-14,lemonade_diet,1871.3999999999983,1860.2999999999984,0.0,11.099999999999998
2022-05-14,ice_tea_unsweet,6994.199999999997,6970.099999999997,0.0,24.099999999999998
2022-05-14,ice_tea_sweet,3119.8000000000025,3085.4000000000024,0.0,34.400000000000006
2022-05-14,soft_drink,10829.000000000018,10705.000000000018,0.0,124.0
2022-05-14,dasani_water_bottle,665.0,646.0,0.0,19.0
2022-05-14,orange_juice_bottle,493.0,487.0,0.0,6.0
2022-05-14,apple_juice,503.0,498.0,0.0,5.0
2022-05-14,ice_coffee,119.0,449.75,350.0,19.25
2022-05-14,coffee,2326.5,2312.75,0.0,13.75
2022-05-14,Coffee_box,187.0,172.0,0.0,15.0
2022-05-14,milk_chocolate,714.0,707.0,0.0,7.0
2022-05-14,milk,372.0,306.0,0.0,66.0
2022-05-14,icecream,748.0,660.0,0.0,88.0
2022-05-14,vanilla_flavor,572.0,555.0,0.0,17.0
2022-05-14,cream_flavor,620.0,611.0,0.0,9.0
2022-05-14,chunk_cookie,711.0,689.5,0.0,21.5
2022-05-14,chocolate_flavor,706.0,697.0,0.0,9.0
2022-05-14,strawberry_flavor,686.0,681.0,0.0,5.0
2022-05-14,frosted_extract,668.0,662.0,0.0,6.0
2022-05-14,icecream_cone,736.0,730.0,0.0,6.0
2022-05-14,icecream_come,794.0,792.0,0.0,2.0
2022-05-14,icecream_topping,782.0,777.0,0.0,5.0
2022-05-14,to_go_bag,15318.0,15207.0,0.0,111.0
2022-05-14,napkins,13590.0,13035.0,0.0,555.0
2022-05-14,ketchup,9274.0,9262.0,0.0,12.0
2022-05-14,ranch,9256.0,9248.0,0.0,8.0
2022-05-14,buffalo_sauce,9520.0,9510.0,0.0,10.0
2022-05-14,bbq_sauce,9438.0,9438.0,0.0,0.0
2022-05-14,polyneasian,9452.0,9433.0,0.0,19.0
2022-05-14,chickfala,9266.0,9260.0,0.0,6.0
2022-05-14,silverware,2472.0,2455.0,0.0,17.0
2022-05-16,fried_batter,473.0,350.6,0.0,122.4
2022-05-16,bun,283.0,234.0,0.0,49.0
2022-05-16,chicken_patty,130.0,739.0,700.0,91.0
2022-05-16,pickle_chips,3124.0,2977.0,0.0,147.0
2022-05-16,lettuce,138.0,420.0,350.0,68.0
2022-05-16,tomato,138.0,420.0,350.0,68.0
2022-05-16,cheese,86.5,270.0,262.5,79.0
2022-05-16,spice,934.0,904.0,0.0,30.0
2022-05-16,chicken_nuggets,10667.0,10314.5,0.0,352.5
2022-05-16,chicken_strips,7630.0,7590.0,0.0,40.0
2022-05-16,flat_bread,210.5,199.5,0.0,11.0
2022-05-16,mixed_greens,1411.0,1369.5,0.0,41.5
2022-05-16,shredded_monterey_jack,2060.0,2035.0,0.0,25.0
2022-05-16,waffle_fries,10470.360000000019,10299.180000000018,0.0,171.17999999999998
2022-05-16,roasted_corn_kernels,740.0,736.0,0.0,4.0
2022-05-16,crumbled_bacon,740.0,736.0,0.0,4.0
2022-05-16,avacado_lime_dressing,1090.0,1086.0,0.0,4.0
2022-05-16,red_bell_pepers,565.0,561.0,0.0,4.0
2022-05-16,grape tomatoes,1075.0,1055.0,0.0,20.0
2022-05-16,hard_boiled_egg,302.5,298.5,0.0,4.0
2022-05-16,blue_cheese,522.0,490.0,0.0,32.0
2022-05-16,apples,522.0,490.0,0.0,32.0
2022-05-16,strawberries,522.0,490.0,0.0,32.0
2022-05-16,blueberries,522.0,490.0,0.0,32.0
2022-05-16,harvest_nut_granola,522.0,490.0,0.0,32.0
2022-05-16,zesty_apple_vinagrette,522.0,490.0,0.0,32.0
2022-05-16,chicken_tenders,4728.0,4712.0,0.0,16.0
2022-05-16,biscuit,241.0,194.0,0.0,47.0
2022-05-16,chicken_mini_bread,1808.0,1793.0,0.0,15.0
2022-05-16,butter,248.0,246.5,0.0,1.5
2022-05-16,bacon,411.0,394.0,0.0,17.0
2022-05-16,tortilla,672.0,662.0,0.0,10.0
2022-05-16,eggs,252.0,197.0,0.0,55.0
2022-05-16,sausage,203.0,193.0,0.0,10.0
2022-05-16,bagel,359.0,321.0,0.0,38.0
2022-05-16,oatmeal,343.0,329.0,0.0,14.0
2022-05-16,fruit,720.0,693.0,0.0,27.0
2022-05-16,cream_cheese,143.0,127.0,0.0,16.0
2022-05-16,hash_brown,1016.0,1015.0,0.0,1.0
2022-05-16,yogurt_parfait,173.0,149.0,0.0,24.0
2022-05-16,cinamon_cluster,59.0,51.0,0.0,8.0
2022-05-16,lemonade,2043.5999999999985,1999.1999999999985,0.0,44.4
2022-05-16,straw,18818.0,18579.0,0.0,239.0
2022-05-16,small_drink_cup,5292.0,5271.0,0.0,21.0
2022-05-16,medium_drink_cup,1390.0,1222.0,0.0,168.0
2022-05-16,large_drink_cup,5136.0,5086.0,0.0,50.0
2022-05-16,lemonade_diet,1849.1999999999985,1807.9999999999984,0.0,41.2
2022-05-16,ice_tea_unsweet,6945.999999999996,6915.699999999996,0.0,30.300000000000004
2022-05-16,ice_tea_sweet,3051.0000000000023,2996.4000000000024,0.0,54.60000000000001
2022-05-16,soft_drink,10581.000000000018,10430.600000000019,0.0,150.4
2022-05-16,dasani_water_bottle,627.0,620.0,0.0,7.0
2022-05-16,orange_juice_bottle,481.0,474.0,0.0,7.0
2022-05-16,apple_juice,493.0,493.0,0.0,0.0
2022-05-16,ice_coffee,780.5,773.5,0.0,7.0
2022-05-16,coffee,2299.0,2289.75,0.0,9.25
2022-05-16,Coffee_box,157.0,155.0,0.0,2.0
2022-05-16,milk_chocolate,700.0,684.0,0.0,16.0
2022-05-16,milk,240.0,203.0,0.0,37.0
2022-05-16,icecream,572.0,511.0,0.0,61.0
2022-05-16,vanilla_flavor,538.0,532.0,0.0,6.0
2022-05-16,cream_flavor,602.0,599.0,0.0,3.0
2022-05-16,chunk_cookie,668.0,573.5,0.0,94.5
2022-05-16,chocolate_flavor,688.0,684.0,0.0,4.0
2022-05-16,strawberry_flavor,676.0,662.0,0.0,14.0
2022-05-16,frosted_extract,656.0,649.0,0.0,7.0
2022-05-16,icecream_cone,724.0,723.0,0.0,1.0
2022-05-16,icecream_come,790.0,784.0,0.0,6.0
2022-05-16,icecream_topping,772.0,745.0,0.0,27.0
2022-05-16,to_go_bag,15096.0,14985.0,0.0,111.0
2022-05-16,napkins,12480.0,11925.0,0.0,555.0
2022-05-16,ketchup,9250.0,9237.0,0.0,13.0
2022-05-16,ranch,9240.0,9230.0,0.0,10.0
2022-05-16,buffalo_sauce,9500.0,9495.0,0.0,5.0
2022-05-16,bbq_sauce,9438.0,9433.0,0.0,5.0
2022-05-16,polyneasian,9414.0,9410.0,0.0,4.0
2022-05-16,chickfala,9254.0,9250.0,0.0,4.0
2022-05-16,silverware,2438.0,2428.0,0.0,10.0
2022-05-17,fried_batter,228.20000000000002,633.4000000000001,525.0,119.8
2022-05-17,bun,185.0,673.0,525.0,37.0
2022-05-17,chicken_patty,1348.0,1275.5,0.0,72.5
2022-05-17,pickle_chips,2830.0,2719.0,0.0,111.0
2022-05-17,lettuce,702.0,680.0,0.0,22.0
2022-05-17,tomato,702.0,680.0,0.0,22.0
2022-05-17,cheese,453.5,412.5,0.0,41.0
2022-05-17,spice,874.0,839.0,0.0,35.0
2022-05-17,chicken_nuggets,9962.0,9400.5,0.0,561.5
2022-05-17,chicken_strips,7550.0,7534.0,0.0,16.0
2022-05-17,flat_bread,188.5,179.5,0.0,9.0
2022-05-17,mixed_greens,1328.0,1277.5,0.0,50.5
2022-05-17,shredded_monterey_jack,2010.0,2000.0,0.0,10.0
2022-05-17,waffle_fries,10128.000000000018,9958.480000000018,0.0,169.52
2022-05-17,roasted_corn_kernels,732.0,732.0,0.0,0.0
2022-05-17,crumbled_bacon,732.0,732.0,0.0,0.0
2022-05-17,avacado_lime_dressing,1082.0,1082.0,0.0,0.0
2022-05-17,red_bell_pepers,557.0,557.0,0.0,0.0
2022-05-17,grape tomatoes,1035.0,1035.0,0.0,0.0
2022-05-17,hard_boiled_egg,294.5,294.5,0.0,0.0
2022-05-17,blue_cheese,458.0,412.0,0.0,46.0
2022-05-17,apples,458.0,412.0,0.0,46.0
2022-05-17,strawberries,458.0,412.0,0.0,46.0
2022-05-17,blueberries,458.0,412.0,0.0,46.0
2022-05-17,harvest_nut_granola,458.0,412.0,0.0,46.0
2022-05-17,zesty_apple_vinagrette,458.0,412.0,0.0,46.0
2022-05-17,chicken_tenders,4696.0,4688.0,0.0,8.0
2022-05-17,biscuit,147.0,625.0,525.0,47.0
2022-05-17,chicken_mini_bread,1778.0,1736.0,0.0,42.0
2022-05-17,butter,245.0,242.75,0.0,2.25
2022-05-17,bacon,377.0,360.0,0.0,17.0
2022-05-17,tortilla,652.0,651.0,0.0,1.0
2022-05-17,eggs,142.0,111.0,0.0,31.0
2022-05-17,sausage,183.0,179.0,0.0,4.0
2022-05-17,bagel,283.0,257.0,0.0,26.0
2022-05-17,oatmeal,315.0,300.0,0.0,15.0
2022-05-17,fruit,666.0,631.5,0.0,34.5
2022-05-17,cream_cheese,111.0,104.0,0.0,7.0
2022-05-17,hash_brown,1014.0,1011.0,0.0,3.0
2022-05-17,yogurt_parfait,125.0,119.0,0.0,6.0
2022-05-17,cinamon_cluster,43.0,43.0,0.0,0.0
2022-05-17,lemonade,1954.7999999999984,1879.6999999999985,0.0,75.1
2022-05-17,straw,18340.0,18096.0,0.0,244.0
2022-05-17,small_drink_cup,5250.0,5191.0,0.0,59.0
2022-05-17,medium_drink_cup,1054.0,4391.0,3500.0,163.0
2022-05-17,large_drink_cup,5036.0,5014.0,0.0,22.0
2022-05-17,lemonade_diet,1766.7999999999984,1739.9999999999984,0.0,26.8
2022-05-17,ice_tea_unsweet,6885.399999999996,6860.599999999996,0.0,24.8
2022-05-17,ice_tea_sweet,2941.8000000000025,2909.0000000000023,0.0,32.8
2022-05-17,soft_drink,10280.200000000019,10132.80000000002,0.0,147.39999999999998
2022-05-17,dasani_water_bottle,613.0,613.0,0.0,0.0
2022-05-17,orange_juice_bottle,467.0,455.0,0.0,12.0
2022-05-17,apple_juice,493.0,490.0,0.0,3.0
2022-05-17,ice_coffee,766.5,743.25,0.0,23.25
2022-05-17,coffee,2280.5,2257.5,0.0,23.0
2022-05-17,Coffee_box,153.0,146.0,0.0,7.0
2022-05-17,milk_chocolate,668.0,660.0,0.0,8.0
2022-05-17,milk,166.0,114.0,0.0,52.0
2022-05-17,icecream,450.0,358.0,0.0,92.0
2022-05-17,vanilla_flavor,526.0,518.0,0.0,8.0
2022-05-17,cream_flavor,596.0,588.0,0.0,8.0
2022-05-17,chunk_cookie,479.0,437.0,0.0,42.0
2022-05-17,chocolate_flavor,680.0,665.0,0.0,15.0
2022-05-17,strawberry_flavor,648.0,638.0,0.0,10.0
2022-05-17,frosted_extract,642.0,629.0,0.0,13.0
2022-05-17,icecream_cone,722.0,720.0,0.0,2.0
2022-05-17,icecream_come,778.0,770.0,0.0,8.0
2022-05-17,icecream_topping,718.0,709.0,0.0,9.0
2022-05-17,to_go_bag,14874.0,14758.0,0.0,116.0
2022-05-17,napkins,11370.0,10790.0,0.0,580.0
2022-05-17,ketchup,9224.0,9212.0,0.0,12.0
2022-05-17,ranch,9220.0,9207.0,0.0,13.0
2022-05-17,buffalo_sauce,9490.0,9480.0,0.0,10.0
2022-05-17,bbq_sauce,9428.0,9418.0,0.0,10.0
2022-05-17,polyneasian,9406.0,9391.0,0.0,15.0
2022-05-17,chickfala,9246.0,9231.0,0.0,15.0
2022-05-17,silverware,2418.0,2408.0,0.0,10.0
2022-05-18,fried_batter,1038.6000000000001,877.4000000000001,0.0,161.2
2022-05-18,bun,1161.0,1114.0,0.0,47.0
2022-05-18,chicken_patty,1203.0,1127.5,0.0,75.5
2022-05-18,pickle_chips,2608.0,2467.0,0.0,141.0
2022-05-18,lettuce,658.0,618.0,0.0,40.0
2022-05-18,tomato,658.0,618.0,0.0,40.0
2022-05-18,cheese,371.5,329.5,0.0,42.0
2022-05-18,spice,804.0,761.0,0.0,43.0
2022-05-18,chicken_nuggets,8839.0,8308.0,0.0,531.0
2022-05-18,chicken_strips,7518.0,7438.0,0.0,80.0
2022-05-18,flat_bread,170.5,168.5,0.0,2.0
2022-05-18,mixed_greens,1227.0,1184.0,0.0,43.0
2022-05-18,shredded_monterey_jack,1990.0,1973.0,0.0,17.0
2022-05-18,waffle_fries,9788.960000000017,9649.840000000017,0.0,139.12
2022-05-18,roasted_corn_kernels,732.0,725.0,0.0,7.0
2022-05-18,crumbled_bacon,732.0,725.0,0.0,7.0
2022-05-18,avacado_lime_dressing,1082.0,1075.0,0.0,7.0
2022-05-18,red_bell_pepers,557.0,550.0,0.0,7.0
2022-05-18,grape tomatoes,1035.0,1000.0,0.0,35.0
2022-05-18,hard_boiled_egg,294.5,287.5,0.0,7.0
2022-05-18,blue_cheese,366.0,331.0,0.0,35.0
2022-05-18,apples,366.0,331.0,0.0,35.0
2022-05-18,strawberries,366.0,331.0,0.0,35.0
2022-05-18,blueberries,366.0,331.0,0.0,35.0
2022-05-18,harvest_nut_granola,366.0,331.0,0.0,35.0
2022-05-18,zesty_apple_vinagrette,366.0,331.0,0.0,35.0
2022-05-18,chicken_tenders,4680.0,4664.0,0.0,16.0
2022-05-18,biscuit,1103.0,1044.0,0.0,59.0
2022-05-18,chicken_mini_bread,1694.0,1613.0,0.0,81.0
2022-05-18,butter,240.5,236.5,0.0,4.0
2022-05-18,bacon,343.0,334.0,0.0,9.0
2022-05-18,tortilla,650.0,642.0,0.0,8.0
2022-05-18,eggs,80.0,400.0,350.0,30.0
2022-05-18,sausage,175.0,164.0,0.0,11.0
2022-05-18,bagel,231.0,214.0,0.0,17.0
2022-05-18,oatmeal,285.0,278.0,0.0,7.0
2022-05-18,fruit,597.0,568.5,0.0,28.5
2022-05-18,cream_cheese,97.0,87.0,0.0,10.0
2022-05-18,hash_brown,1008.0,995.0,0.0,13.0
2022-05-18,yogurt_parfait,113.0,106.0,0.0,7.0
2022-05-18,cinamon_cluster,43.0,208.0,175.0,10.0
2022-05-18,lemonade,1804.5999999999985,1743.7999999999986,0.0,60.8
2022-05-18,straw,17852.0,17561.0,0.0,291.0
2022-05-18,small_drink_cup,5132.0,5080.0,0.0,52.0
2022-05-18,medium_drink_cup,7728.0,7539.0,0.0,189.0
2022-05-18,large_drink_cup,4992.0,4942.0,0.0,50.0
2022-05-18,lemonade_diet,1713.1999999999985,1681.7999999999984,0.0,31.400000000000002
2022-05-18,ice_tea_unsweet,6835.799999999996,6804.399999999996,0.0,31.4
2022-05-18,ice_tea_sweet,2876.200000000002,2774.900000000002,0.0,101.30000000000001
2022-05-18,soft_drink,9985.40000000002,9838.30000000002,0.0,147.10000000000002
2022-05-18,dasani_water_bottle,613.0,602.0,0.0,11.0
2022-05-18,orange_juice_bottle,443.0,433.0,0.0,10.0
2022-05-18,apple_juice,487.0,484.0,0.0,3.0
2022-05-18,ice_coffee,720.0,699.0,0.0,21.0
2022-05-18,coffee,2234.5,2212.5,0.0,22.0
2022-05-18,Coffee_box,139.0,128.0,0.0,11.0
2022-05-18,milk_chocolate,652.0,646.0,0.0,6.0
2022-05-18,milk,62.0,374.0,350.0,38.0
2022-05-18,icecream,266.0,197.0,0.0,69.0
2022-05-18,vanilla_flavor,510.0,497.0,0.0,13.0
2022-05-18,cream_flavor,580.0,579.0,0.0,1.0
2022-05-18,chunk_cookie,395.0,357.5,0.0,37.5
2022-05-18,chocolate_flavor,650.0,642.0,0.0,8.0
2022-05-18,strawberry_flavor,628.0,624.0,0.0,4.0
2022-05-18,frosted_extract,616.0,607.0,0.0,9.0
2022-05-18,icecream_cone,718.0,708.0,0.0,10.0
2022-05-18,icecream_come,762.0,755.0,0.0,7.0
2022-05-18,icecream_topping,700.0,686.0,0.0,14.0
2022-05-18,to_go_bag,14642.0,14514.0,0.0,128.0
2022-05-18,napkins,10210.0,9570.0,0.0,640.0
2022-05-18,ketchup,9200.0,9200.0,0.0,0.0
2022-05-18,ranch,9194.0,9178.0,0.0,16.0
2022-05-18,buffalo_sauce,9470.0,9455.0,0.0,15.0
2022-05-18,bbq_sauce,9408.0,9405.0,0.0,3.0
2022-05-18,polyneasian,9376.0,9363.0,0.0,13.0
2022-05-18,chickfala,9216.0,9199.0,0.0,17.0
2022-05-18,silverware,2398.0,2392.0,0.0,6.0
2022-05-19,fried_batter,716.2,585.8000000000001,0.0,130.39999999999998
2022-05-19,bun,1067.0,1015.0,0.0,52.0
2022-05-19,chicken_patty,1052.0,968.0,0.0,84.0
2022-05-19,pickle_chips,2326.0,2170.0,0.0,156.0
2022-05-19,lettuce,578.0,510.0,0.0,68.0
2022-05-19,tomato,578.0,510.0,0.0,68.0
2022-05-19,cheese,287.5,234.5,0.0,53.0
2022-05-19,spice,718.0,694.0,0.0,24.0
2022-05-19,chicken_nuggets,7777.0,7196.0,0.0,581.0
2022-05-19,chicken_strips,7358.0,7339.0,0.0,19.0
2022-05-19,flat_bread,166.5,150.5,0.0,16.0
2022-05-19,mixed_greens,1141.0,1095.0,0.0,46.0
2022-05-19,shredded_monterey_jack,1956.0,1931.0,0.0,25.0
2022-05-19,waffle_fries,9510.720000000016,9363.320000000016,0.0,147.4
2022-05-19,roasted_corn_kernels,718.0,713.0,0.0,5.0
2022-05-19,crumbled_bacon,718.0,713.0,0.0,5.0
2022-05-19,avacado_lime_dressing,1068.0,1063.0,0.0,5.0
2022-05-19,red_bell_pepers,543.0,538.0,0.0,5.0
2022-05-19,grape tomatoes,965.0,940.0,0.0,25.0
2022-05-19,hard_boiled_egg,280.5,275.5,0.0,5.0
2022-05-19,blue_cheese,296.0,263.0,0.0,33.0
2022-05-19,apples,296.0,263.0,0.0,33.0
2022-05-19,strawberries,296.0,263.0,0.0,33.0
2022-05-19,blueberries,296.0,263.0,0.0,33.0
2022-05-19,harvest_nut_granola,296.0,263.0,0.0,33.0
2022-05-19,zesty_apple_vinagrette,296.0,263.0,0.0,33.0
2022-05-19,chicken_tenders,4648.0,4622.0,0.0,26.0
2022-05-19,biscuit,985.0,956.0,0.0,29.0
2022-05-19,chicken_mini_bread,1532.0,1460.0,0.0,72.0
2022-05-19,butter,232.5,229.75,0.0,2.75
2022-05-19,bacon,325.0,320.0,0.0,5.0
2022-05-19,tortilla,634.0,630.0,0.0,4.0
2022-05-19,eggs,720.0,697.0,0.0,23.0
2022-05-19,sausage,153.0,148.0,0.0,5.0
2022-05-19,bagel,197.0,158.0,0.0,39.0
2022-05-19,oatmeal,271.0,255.0,0.0,16.0
2022-05-19,fruit,540.0,519.5,0.0,20.5
2022-05-19,cream_cheese,77.0,58.0,0.0,19.0
2022-05-19,hash_brown,982.0,973.0,0.0,9.0
2022-05-19,yogurt_parfait,99.0,94.0,0.0,5.0
2022-05-19,cinamon_cluster,373.0,363.0,0.0,10.0
2022-05-19,lemonade,1682.9999999999986,1600.4999999999986,0.0,82.50000000000003
2022-05-19,straw,17270.0,17012.0,0.0,258.0
2022-05-19,small_drink_cup,5028.0,4982.0,0.0,46.0
2022-05-19,medium_drink_cup,7350.0,7183.0,0.0,167.0
2022-05-19,large_drink_cup,4892.0,4847.0,0.0,45.0
2022-05-19,lemonade_diet,1650.3999999999983,1620.5999999999983,0.0,29.800000000000004
2022-05-19,ice_tea_unsweet,6772.999999999996,6740.699999999996,0.0,32.3
2022-05-19,ice_tea_sweet,2673.6000000000017,2637.2000000000016,0.0,36.4
2022-05-19,soft_drink,9691.200000000019,9530.000000000018,0.0,161.20000000000002
2022-05-19,dasani_water_bottle,591.0,585.0,0.0,6.0
2022-05-19,orange_juice_bottle,423.0,416.0,0.0,7.0
2022-05-19,apple_juice,481.0,476.0,0.0,5.0
2022-05-19,ice_coffee,678.0,670.25,0.0,7.75
2022-05-19,coffee,2190.5,2177.0,0.0,13.5
2022-05-19,Coffee_box,117.0,109.0,0.0,8.0
2022-05-19,milk_chocolate,640.0,626.0,0.0,14.0
2022-05-19,milk,686.0,637.0,0.0,49.0
2022-05-19,icecream,128.0,382.0,350.0,96.0
2022-05-19,vanilla_flavor,484.0,475.0,0.0,9.0
2022-05-19,cream_flavor,578.0,569.0,0.0,9.0
2022-05-19,chunk_cookie,320.0,264.5,0.0,55.5
2022-05-19,chocolate_flavor,634.0,625.0,0.0,9.0
2022-05-19,strawberry_flavor,620.0,608.0,0.0,12.0
2022-05-19,frosted_extract,598.0,591.0,0.0,7.0
2022-05-19,icecream_cone,698.0,690.0,0.0,8.0
2022-05-19,icecream_come,748.0,738.0,0.0,10.0
2022-05-19,icecream_topping,672.0,661.0,0.0,11.0
2022-05-19,to_go_bag,14386.0,14271.0,0.0,115.0
2022-05-19,napkins,8930.0,8355.0,0.0,575.0
2022-05-19,ketchup,9200.0,9196.0,0.0,4.0
2022-05-19,ranch,9162.0,9152.0,0.0,10.0
2022-05-19,buffalo_sauce,9440.0,9433.0,0.0,7.0
2022-05-19,bbq_sauce,9402.0,9392.0,0.0,10.0
2022-05-19,polyneasian,9350.0,9347.0,0.0,3.0
2022-05-19,chickfala,9182.0,9174.0,0.0,8.0
2022-05-19,silverware,2386.0,2378.0,0.0,8.0
2022-05-20,fried_batter,455.4000000000001,317.4000000000001,0.0,138.0
2022-05-20,bun,963.0,900.0,0.0,63.0
2022-05-20,chicken_patty,884.0,789.0,0.0,95.0
2022-05-20,pickle_chips,2014.0,1825.0,0.0,189.0
2022-05-20,lettuce,442.0,354.0,0.0,88.0
2022-05-20,tomato,442.0,354.0,0.0,88.0
2022-05-20,cheese,181.5,122.5,0.0,59.0
2022-05-20,spice,670.0,635.0,0.0,35.0
2022-05-20,chicken_nuggets,6615.0,6430.5,0.0,184.5
2022-05-20,chicken_strips,7320.0,7238.0,0.0,82.0
2022-05-20,flat_bread,134.5,127.5,0.0,7.0
2022-05-20,mixed_greens,1049.0,999.5,0.0,49.5
2022-05-20,shredded_monterey_jack,1906.0,1890.0,0.0,16.0
2022-05-20,waffle_fries,9215.920000000016,9078.780000000017,0.0,137.14000000000001
2022-05-20,roasted_corn_kernels,708.0,702.0,0.0,6.0
2022-05-20,crumbled_bacon,708.0,702.0,0.0,6.0
2022-05-20,avacado_lime_dressing,1058.0,1052.0,0.0,6.0
2022-05-20,red_bell_pepers,533.0,527.0,0.0,6.0
2022-05-20,grape tomatoes,915.0,885.0,0.0,30.0
2022-05-20,hard_boiled_egg,270.5,264.5,0.0,6.0
2022-05-20,blue_cheese,230.0,190.0,0.0,40.0
2022-05-20,apples,230.0,190.0,0.0,40.0
2022-05-20,strawberries,230.0,190.0,0.0,40.0
2022-05-20,blueberries,230.0,190.0,0.0,40.0
2022-05-20,harvest_nut_granola,230.0,190.0,0.0,40.0
2022-05-20,zesty_apple_vinagrette,230.0,190.0,0.0,40.0
2022-05-20,chicken_tenders,4596.0,4590.0,0.0,6.0
2022-05-20,biscuit,927.0,894.0,0.0,33.0
2022-05-20,chicken_mini_bread,1388.0,1340.0,0.0,48.0
2022-05-20,butter,227.0,224.5,0.0,2.5
2022-05-20,bacon,315.0,308.0,0.0,7.0
2022-05-20,tortilla,626.0,623.0,0.0,3.0
2022-05-20,eggs,674.0,656.0,0.0,18.0
2022-05-20,sausage,143.0,139.0,0.0,4.0
2022-05-20,bagel,119.0,99.0,0.0,20.0
2022-05-20,oatmeal,239.0,225.0,0.0,14.0
2022-05-20,fruit,499.0,469.0,0.0,30.0
2022-05-20,cream_cheese,39.0,210.0,175.0,4.0
2022-05-20,hash_brown,964.0,958.0,0.0,6.0
2022-05-20,yogurt_parfait,89.0,75.0,0.0,14.0
2022-05-20,cinamon_cluster,353.0,341.0,0.0,12.0
2022-05-20,lemonade,1517.9999999999986,1468.3999999999987,0.0,49.599999999999994
2022-05-20,straw,16754.0,16519.0,0.0,235.0
2022-05-20,small_drink_cup,4936.0,4923.0,0.0,13.0
2022-05-20,medium_drink_cup,7016.0,6849.0,0.0,167.0
2022-05-20,large_drink_cup,4802.0,4747.0,0.0,55.0
2022-05-20,lemonade_diet,1590.7999999999984,1555.4999999999984,0.0,35.3
2022-05-20,ice_tea_unsweet,6708.399999999996,6671.299999999996,0.0,37.10000000000001
2022-05-20,ice_tea_sweet,2600.8000000000015,2553.4000000000015,0.0,47.40000000000001
2022-05-20,soft_drink,9368.800000000017,9226.500000000018,0.0,142.29999999999998
2022-05-20,dasani_water_bottle,579.0,572.0,0.0,7.0
2022-05-20,orange_juice_bottle,409.0,409.0,0.0,0.0
2022-05-20,apple_juice,471.0,454.0,0.0,17.0
2022-05-20,ice_coffee,662.5,630.0,0.0,32.5
2022-05-20,coffee,2163.5,2139.0,0.0,24.5
2022-05-20,Coffee_box,101.0,93.0,0.0,8.0
2022-05-20,milk_chocolate,612.0,604.0,0.0,8.0
2022-05-20,milk,588.0,566.0,0.0,22.0
2022-05-20,icecream,636.0,596.0,0.0,40.0
2022-05-20,vanilla_flavor,466.0,463.0,0.0,3.0
2022-05-20,cream_flavor,560.0,556.0,0.0,4.0
2022-05-20,chunk_cookie,209.0,168.0,0.0,41.0
2022-05-20,chocolate_flavor,616.0,615.0,0.0,1.0
2022-05-20,strawberry_flavor,596.0,592.0,0.0,4.0
2022-05-20,frosted_extract,584.0,578.0,0.0,6.0
2022-05-20,icecream_cone,682.0,672.0,0.0,10.0
2022-05-20,icecream_come,728.0,722.0,0.0,6.0
2022-05-20,icecream_topping,650.0,643.0,0.0,7.0
2022-05-20,to_go_bag,14156.0,14037.0,0.0,119.0
2022-05-20,napkins,7780.0,7185.0,0.0,595.0
2022-05-20,ketchup,9192.0,9186.0,0.0,6.0
2022-05-20,ranch,9142.0,9130.0,0.0,12.0
2022-05-20,buffalo_sauce,9426.0,9416.0,0.0,10.0
2022-05-20,bbq_sauce,9382.0,9370.0,0.0,12.0
2022-05-20,polyneasian,9344.0,9341.0,0.0,3.0
2022-05-20,chickfala,9166.0,9152.0,0.0,14.0
2022-05-20,silverware,2370.0,2351.0,0.0,19.0
2022-05-21,fried_batter,179.4000000000001,567.2,525.0,137.2
2022-05-21,bun,837.0,795.0,0.0,42.0
2022-05-21,chicken_patty,694.0,610.0,0.0,84.0
2022-05-21,pickle_chips,1636.0,1510.0,0.0,126.0
2022-05-21,lettuce,266.0,206.0,0.0,60.0
2022-05-21,tomato,266.0,206.0,0.0,60.0
2022-05-21,cheese,63.5,266.0,262.5,60.0
2022-05-21,spice,600.0,578.0,0.0,22.0
2022-05-21,chicken_nuggets,6246.0,5790.5,0.0,455.5
2022-05-21,chicken_strips,7156.0,7100.0,0.0,56.0
2022-05-21,flat_bread,120.5,109.5,0.0,11.0
2022-05-21,mixed_greens,950.0,902.5,0.0,47.5
2022-05-21,shredded_monterey_jack,1874.0,1850.0,0.0,24.0
2022-05-21,waffle_fries,8941.640000000018,8809.820000000018,0.0,131.82
2022-05-21,roasted_corn_kernels,696.0,691.0,0.0,5.0
2022-05-21,crumbled_bacon,696.0,691.0,0.0,5.0
2022-05-21,avacado_lime_dressing,1046.0,1041.0,0.0,5.0
2022-05-21,red_bell_pepers,521.0,516.0,0.0,5.0
2022-05-21,grape tomatoes,855.0,830.0,0.0,25.0
2022-05-21,hard_boiled_egg,258.5,253.5,0.0,5.0
2022-05-21,blue_cheese,150.0,113.0,0.0,37.0
2022-05-21,apples,150.0,113.0,0.0,37.0
2022-05-21,strawberries,150.0,113.0,0.0,37.0
2022-05-21,blueberries,150.0,113.0,0.0,37.0
2022-05-21,harvest_nut_granola,150.0,113.0,0.0,37.0
2022-05-21,zesty_apple_vinagrette,150.0,113.0,0.0,37.0
2022-05-21,chicken_tenders,4584.0,4576.0,0.0,8.0
2022-05-21,biscuit,861.0,821.0,0.0,40.0
2022-05-21,chicken_mini_bread,1292.0,1262.0,0.0,30.0
2022-05-21,butter,222.0,221.75,0.0,0.25
2022-05-21,bacon,301.0,297.0,0.0,4.0
2022-05-21,tortilla,620.0,612.0,0.0,8.0
2022-05-21,eggs,638.0,600.0,0.0,38.0
2022-05-21,sausage,135.0,120.0,0.0,15.0
2022-05-21,bagel,79.0,59.0,0.0,20.0
2022-05-21,oatmeal,211.0,197.0,0.0,14.0
2022-05-21,fruit,439.0,409.5,0.0,29.5
2022-05-21,cream_cheese,381.0,376.0,0.0,5.0
2022-05-21,hash_brown,952.0,944.0,0.0,8.0
2022-05-21,yogurt_parfait,61.0,219.0,175.0,17.0
2022-05-21,cinamon_cluster,329.0,327.0,0.0,2.0
2022-05-21,lemonade,1418.7999999999988,1364.3999999999987,0.0,54.400000000000006
2022-05-21,straw,16284.0,16077.0,0.0,207.0
2022-05-21,small_drink_cup,4910.0,4881.0,0.0,29.0
2022-05-21,medium_drink_cup,6682.0,6526.0,0.0,156.0
2022-05-21,large_drink_cup,4692.0,4670.0,0.0,22.0
2022-05-21,lemonade_diet,1520.1999999999985,1489.7999999999984,0.0,30.400000000000002
2022-05-21,ice_tea_unsweet,6634.199999999995,6618.899999999995,0.0,15.299999999999997
2022-05-21,ice_tea_sweet,2506.0000000000014,2465.8000000000015,0.0,40.2
2022-05-21,soft_drink,9084.200000000019,8964.200000000019,0.0,120.0
2022-05-21,dasani_water_bottle,565.0,557.0,0.0,8.0
2022-05-21,orange_juice_bottle,409.0,407.0,0.0,2.0
2022-05-21,apple_juice,437.0,425.0,0.0,12.0
2022-05-21,ice_coffee,597.5,592.0,0.0,5.5
2022-05-21,coffee,2114.5,2096.75,0.0,17.75
2022-05-21,Coffee_box,85.0,79.0,0.0,6.0
2022-05-21,milk_chocolate,596.0,586.0,0.0,10.0
2022-05-21,milk,544.0,506.0,0.0,38.0
2022-05-21,icecream,556.0,468.0,0.0,88.0
2022-05-21,vanilla_flavor,460.0,449.0,0.0,11.0
2022-05-21,cream_flavor,552.0,546.0,0.0,6.0
2022-05-21,chunk_cookie,127.0,403.0,350.0,74.0
2022-05-21,chocolate_flavor,614.0,601.0,0.0,13.0
2022-05-21,strawberry_flavor,588.0,580.0,0.0,8.0
2022-05-21,frosted_extract,572.0,568.0,0.0,4.0
2022-05-21,icecream_cone,662.0,657.0,0.0,5.0
2022-05-21,icecream_come,716.0,709.0,0.0,7.0
2022-05-21,icecream_topping,636.0,634.0,0.0,2.0
2022-05-21,to_go_bag,13918.0,13819.0,0.0,99.0
2022-05-21,napkins,6590.0,6095.0,0.0,495.0
2022-05-21,ketchup,9180.0,9169.0,0.0,11.0
2022-05-21,ranch,9118.0,9109.0,0.0,9.0
2022-05-21,buffalo_sauce,9406.0,9400.0,0.0,6.0
2022-05-21,bbq_sauce,9358.0,9351.0,0.0,7.0
2022-05-21,polyneasian,9338.0,9325.0,0.0,13.0
2022-05-21,chickfala,9138.0,9129.0,0.0,9.0
2022-05-21,silverware,2332.0,2326.0,0.0,6.0
2022-05-23,fried_batter,955.0,812.0,0.0,143.0
2022-05-23,bun,753.0,724.0,0.0,29.0
2022-05-23,chicken_patty,526.0,442.0,0.0,84.0
2022-05-23,pickle_chips,1384.0,1297.0,0.0,87.0
2022-05-23,lettuce,146.0,110.0,0.0,36.0
2022-05-23,tomato,146.0,110.0,0.0,36.0
2022-05-23,cheese,468.5,435.5,0.0,33.0
2022-05-23,spice,556.0,513.0,0.0,43.0
2022-05-23,chicken_nuggets,5335.0,5043.0,0.0,292.0
2022-05-23,chicken_strips,7044.0,6986.0,0.0,58.0
2022-05-23,flat_bread,98.5,90.5,0.0,8.0
2022-05-23,mixed_greens,855.0,796.0,0.0,59.0
2022-05-23,shredded_monterey_jack,1826.0,1805.0,0.0,21.0
2022-05-23,waffle_fries,8678.000000000018,8506.040000000019,0.0,171.95999999999998
2022-05-23,roasted_corn_kernels,686.0,686.0,0.0,0.0
2022-05-23,crumbled_bacon,686.0,686.0,0.0,0.0
2022-05-23,avacado_lime_dressing,1036.0,1036.0,0.0,0.0
2022-05-23,red_bell_pepers,511.0,511.0,0.0,0.0
2022-05-23,grape tomatoes,805.0,805.0,0.0,0.0
2022-05-23,hard_boiled_egg,248.5,248.5,0.0,0.0
2022-05-23,blue_cheese,76.0,371.0,350.0,55.0
2022-05-23,apples,76.0,371.0,350.0,55.0
2022-05-23,strawberries,76.0,371.0,350.0,55.0
2022-05-23,blueberries,76.0,371.0,350.0,55.0
2022-05-23,harvest_nut_granola,76.0,371.0,350.0,55.0
2022-05-23,zesty_apple_vinagrette,76.0,371.0,350.0,55.0
2022-05-23,chicken_tenders,4568.0,4552.0,0.0,16.0
2022-05-23,biscuit,781.0,744.0,0.0,37.0
2022-05-23,chicken_mini_bread,1232.0,1208.0,0.0,24.0
2022-05-23,butter,221.5,221.5,0.0,0.0
2022-05-23,bacon,293.0,289.0,0.0,4.0
2022-05-23,tortilla,604.0,591.0,0.0,13.0
2022-05-23,eggs,562.0,534.0,0.0,28.0
2022-05-23,sausage,105.0,102.0,0.0,3.0
2022-05-23,bagel,39.0,192.0,175.0,22.0
2022-05-23,oatmeal,183.0,163.0,0.0,20.0
2022-05-23,fruit,380.0,352.0,0.0,28.0
2022-05-23,cream_cheese,371.0,361.0,0.0,10.0
2022-05-23,hash_brown,936.0,925.0,0.0,11.0
2022-05-23,yogurt_parfait,377.0,369.0,0.0,8.0
2022-05-23,cinamon_cluster,325.0,317.0,0.0,8.0
2022-05-23,lemonade,1309.9999999999986,1270.7999999999986,0.0,39.2
2022-05-23,straw,15870.0,15624.0,0.0,246.0
2022-05-23,small_drink_cup,4852.0,4830.0,0.0,22.0
2022-05-23,medium_drink_cup,6370.0,6186.0,0.0,184.0
2022-05-23,large_drink_cup,4648.0,4608.0,0.0,40.0
2022-05-23,lemonade_diet,1459.3999999999983,1440.2999999999984,0.0,19.1
2022-05-23,ice_tea_unsweet,6603.599999999995,6582.099999999995,0.0,21.5
2022-05-23,ice_tea_sweet,2425.6000000000017,2404.8000000000015,0.0,20.8
2022-05-23,soft_drink,8844.200000000019,8663.80000000002,0.0,180.4
2022-05-23,dasani_water_bottle,549.0,537.0,0.0,12.0
2022-05-23,orange_juice_bottle,405.0,403.0,0.0,2.0
2022-05-23,apple_juice,413.0,400.0,0.0,13.0
2022-05-23,ice_coffee,586.5,578.25,0.0,8.25
2022-05-23,coffee,2079.0,2067.25,0.0,11.75
2022-05-23,Coffee_box,73.0,66.0,0.0,7.0
2022-05-23,milk_chocolate,576.0,570.0,0.0,6.0
2022-05-23,milk,468.0,413.0,0.0,55.0
2022-05-23,icecream,380.0,268.0,0.0,112.0
2022-05-23,vanilla_flavor,438.0,429.0,0.0,9.0
2022-05-23,cream_flavor,540.0,526.0,0.0,14.0
2022-05-23,chunk_cookie,679.0,649.0,0.0,30.0
2022-05-23,chocolate_flavor,588.0,568.0,0.0,20.0
2022-05-23,strawberry_flavor,572.0,567.0,0.0,5.0
2022-05-23,frosted_extract,564.0,556.0,0.0,8.0
2022-05-23,icecream_cone,652.0,647.0,0.0,5.0
2022-05-23,icecream_come,702.0,691.0,0.0,11.0
2022-05-23,icecream_topping,632.0,627.0,0.0,5.0
2022-05-23,to_go_bag,13720.0,13622.0,0.0,98.0
2022-05-23,napkins,5600.0,5110.0,0.0,490.0
2022-05-23,ketchup,9158.0,9149.0,0.0,9.0
2022-05-23,ranch,9100.0,9093.0,0.0,7.0
2022-05-23,buffalo_sauce,9394.0,9390.0,0.0,4.0
2022-05-23,bbq_sauce,9344.0,9338.0,0.0,6.0
2022-05-23,polyneasian,9312.0,9297.0,0.0,15.0
2022-05-23,chickfala,9120.0,9115.0,0.0,5.0
2022-05-23,silverware,2320.0,2319.0,0.0,1.0
2022-05-24,fried_batter,669.0,502.8,0.0,166.2
2022-05-24,bun,695.0,637.0,0.0,58.0
2022-05-24,chicken_patty,358.0,252.0,0.0,106.0
2022-05-24,pickle_chips,1210.0,1036.0,0.0,174.0
2022-05-24,lettuce,74.0,376.0,350.0,48.0
2022-05-24,tomato,74.0,376.0,350.0,48.0
2022-05-24,cheese,402.5,357.5,0.0,45.0
2022-05-24,spice,470.0,425.0,0.0,45.0
2022-05-24,chicken_nuggets,4751.0,4351.5,0.0,399.5
2022-05-24,chicken_strips,6928.0,6896.0,0.0,32.0
2022-05-24,flat_bread,82.5,81.5,0.0,1.0
2022-05-24,mixed_greens,737.0,645.5,0.0,91.5
2022-05-24,shredded_monterey_jack,1784.0,1757.0,0.0,27.0
2022-05-24,waffle_fries,8334.08000000002,8213.94000000002,0.0,120.14000000000001
2022-05-24,roasted_corn_kernels,686.0,666.0,0.0,20.0
2022-05-24,crumbled_bacon,686.0,666.0,0.0,20.0
2022-05-24,avacado_lime_dressing,1036.0,1016.0,0.0,20.0
2022-05-24,red_bell_pepers,511.0,491.0,0.0,20.0
2022-05-24,grape tomatoes,805.0,705.0,0.0,100.0
2022-05-24,hard_boiled_egg,248.5,228.5,0.0,20.0
2022-05-24,blue_cheese,666.0,595.0,0.0,71.0
2022-05-24,apples,666.0,595.0,0.0,71.0
2022-05-24,strawberries,666.0,595.0,0.0,71.0
2022-05-24,blueberries,666.0,595.0,0.0,71.0
2022-05-24,harvest_nut_granola,666.0,595.0,0.0,71.0
2022-05-24,zesty_apple_vinagrette,666.0,595.0,0.0,71.0
2022-05-24,chicken_tenders,4536.0,4510.0,0.0,26.0
2022-05-24,biscuit,707.0,664.0,0.0,43.0
2022-05-24,chicken_mini_bread,1184.0,1121.0,0.0,63.0
2022-05-24,butter,221.5,218.5,0.0,3.0
2022-05-24,bacon,285.0,276.0,0.0,9.0
2022-05-24,tortilla,578.0,572.0,0.0,6.0
2022-05-24,eggs,506.0,479.0,0.0,27.0
2022-05-24,sausage,99.0,93.0,0.0,6.0
2022-05-24,bagel,345.0,335.0,0.0,10.0
2022-05-24,oatmeal,143.0,122.0,0.0,21.0
2022-05-24,fruit,324.0,285.5,0.0,38.5
2022-05-24,cream_cheese,351.0,349.0,0.0,2.0
2022-05-24,hash_brown,914.0,907.0,0.0,7.0
2022-05-24,yogurt_parfait,361.0,350.0,0.0,11.0
2022-05-24,cinamon_cluster,309.0,297.0,0.0,12.0
2022-05-24,lemonade,1231.5999999999985,1193.7999999999986,0.0,37.800000000000004
2022-05-24,straw,15378.0,15154.0,0.0,224.0
2022-05-24,small_drink_cup,4808.0,4775.0,0.0,33.0
2022-05-24,medium_drink_cup,6002.0,5860.0,0.0,142.0
2022-05-24,large_drink_cup,4568.0,4519.0,0.0,49.0
2022-05-24,lemonade_diet,1421.1999999999985,1394.3999999999985,0.0,26.8
2022-05-24,ice_tea_unsweet,6560.599999999995,6534.899999999995,0.0,25.700000000000003
2022-05-24,ice_tea_sweet,2384.0000000000014,2331.8000000000015,0.0,52.20000000000001
2022-05-24,soft_drink,8483.40000000002,8343.40000000002,0.0,140.0
2022-05-24,dasani_water_bottle,525.0,518.0,0.0,7.0
2022-05-24,orange_juice_bottle,401.0,389.0,0.0,12.0
2022-05-24,apple_juice,387.0,386.0,0.0,1.0
2022-05-24,ice_coffee,570.0,545.5,0.0,24.5
2022-05-24,coffee,2055.5,2035.0,0.0,20.5
2022-05-24,Coffee_box,59.0,216.0,175.0,18.0
2022-05-24,milk_chocolate,564.0,552.0,0.0,12.0
2022-05-24,milk,358.0,326.0,0.0,32.0
2022-05-24,icecream,156.0,106.0,0.0,50.0
2022-05-24,vanilla_flavor,420.0,414.0,0.0,6.0
2022-05-24,cream_flavor,512.0,507.0,0.0,5.0
2022-05-24,chunk_cookie,619.0,580.5,0.0,38.5
2022-05-24,chocolate_flavor,548.0,544.0,0.0,4.0
2022-05-24,strawberry_flavor,562.0,555.0,0.0,7.0
2022-05-24,frosted_extract,548.0,541.0,0.0,7.0
2022-05-24,icecream_cone,642.0,636.0,0.0,6.0
2022-05-24,icecream_come,680.0,680.0,0.0,0.0
2022-05-24,icecream_topping,622.0,619.0,0.0,3.0
2022-05-24,to_go_bag,13524.0,13415.0,0.0,109.0
2022-05-24,napkins,4620.0,4075.0,0.0,545.0
2022-05-24,ketchup,9140.0,9139.0,0.0,1.0
2022-05-24,ranch,9086.0,9082.0,0.0,4.0
2022-05-24,buffalo_sauce,9386.0,9377.0,0.0,9.0
2022-05-24,bbq_sauce,9332.0,9325.0,0.0,7.0
2022-05-24,polyneasian,9282.0,9279.0,0.0,3.0
2022-05-24,chickfala,9110.0,9106.0,0.0,4.0
2022-05-24,silverware,2318.0,2314.0,0.0,4.0
2022-05-25,fried_batter,336.6,223.8,0.0,112.8
2022-05-25,bun,579.0,556.0,0.0,23.0
2022-05-25,chicken_patty,146.0,784.0,700.0,62.0
2022-05-25,pickle_chips,862.0,793.0,0.0,69.0
2022-05-25,lettuce,678.0,660.0,0.0,18.0
2022-05-25,tomato,678.0,660.0,0.0,18.0
2022-05-25,cheese,312.5,271.5,0.0,41.0
2022-05-25,spice,380.0,361.0,0.0,19.0
2022-05-25,chicken_nuggets,3952.0,3588.0,0.0,364.0
2022-05-25,chicken_strips,6864.0,6815.0,0.0,49.0
2022-05-25,flat_bread,80.5,78.5,0.0,2.0
2022-05-25,mixed_greens,554.0,509.0,0.0,45.0
2022-05-25,shredded_monterey_jack,1730.0,1709.0,0.0,21.0
2022-05-25,waffle_fries,8093.80000000002,7924.66000000002,0.0,169.14
2022-05-25,roasted_corn_kernels,646.0,637.0,0.0,9.0
2022-05-25,crumbled_bacon,646.0,637.0,0.0,9.0
2022-05-25,avacado_lime_dressing,996.0,987.0,0.0,9.0
2022-05-25,red_bell_pepers,471.0,462.0,0.0,9.0
2022-05-25,grape tomatoes,605.0,560.0,0.0,45.0
2022-05-25,hard_boiled_egg,208.5,199.5,0.0,9.0
2022-05-25,blue_cheese,524.0,489.0,0.0,35.0
2022-05-25,apples,524.0,489.0,0.0,35.0
2022-05-25,strawberries,524.0,489.0,0.0,35.0
2022-05-25,blueberries,524.0,489.0,0.0,35.0
2022-05-25,harvest_nut_granola,524.0,489.0,0.0,35.0
2022-05-25,zesty_apple_vinagrette,524.0,489.0,0.0,35.0
2022-05-25,chicken_tenders,4484.0,4484.0,0.0,0.0
2022-05-25,biscuit,621.0,579.0,0.0,42.0
2022-05-25,chicken_mini_bread,1058.0,1016.0,0.0,42.0
2022-05-25,butter,215.5,213.75,0.0,1.75
2022-05-25,bacon,267.0,254.0,0.0,13.0
2022-05-25,tortilla,566.0,556.0,0.0,10.0
2022-05-25,eggs,452.0,410.0,0.0,42.0
2022-05-25,sausage,87.0,79.0,0.0,8.0
2022-05-25,bagel,325.0,284.0,0.0,41.0
2022-05-25,oatmeal,101.0,76.0,0.0,25.0
2022-05-25,fruit,247.0,218.5,0.0,28.5
2022-05-25,cream_cheese,347.0,330.0,0.0,17.0
2022-05-25,hash_brown,900.0,893.0,0.0,7.0
2022-05-25,yogurt_parfait,339.0,332.0,0.0,7.0
2022-05-25,cinamon_cluster,285.0,281.0,0.0,4.0
2022-05-25,lemonade,1155.9999999999986,1071.3999999999987,0.0,84.60000000000001
2022-05-25,straw,14930.0,14673.0,0.0,257.0
2022-05-25,small_drink_cup,4742.0,4704.0,0.0,38.0
2022-05-25,medium_drink_cup,5718.0,5549.0,0.0,169.0
2022-05-25,large_drink_cup,4470.0,4420.0,0.0,50.0
2022-05-25,lemonade_diet,1367.5999999999985,1344.0999999999985,0.0,23.5
2022-05-25,ice_tea_unsweet,6509.199999999995,6495.499999999995,0.0,13.700000000000001
2022-05-25,ice_tea_sweet,2279.6000000000017,2199.3000000000015,0.0,80.29999999999998
2022-05-25,soft_drink,8203.40000000002,8024.300000000019,0.0,179.1
2022-05-25,dasani_water_bottle,511.0,507.0,0.0,4.0
2022-05-25,orange_juice_bottle,377.0,366.0,0.0,11.0
2022-05-25,apple_juice,385.0,368.0,0.0,17.0
2022-05-25,ice_coffee,521.0,504.25,0.0,16.75
2022-05-25,coffee,2014.5,1990.25,0.0,24.25
2022-05-25,Coffee_box,373.0,373.0,0.0,0.0
2022-05-25,milk_chocolate,540.0,526.0,0.0,14.0
2022-05-25,milk,294.0,266.0,0.0,28.0
2022-05-25,icecream,56.0,363.0,350.0,43.0
2022-05-25,vanilla_flavor,408.0,398.0,0.0,10.0
2022-05-25,cream_flavor,502.0,498.0,0.0,4.0
2022-05-25,chunk_cookie,542.0,538.0,0.0,4.0
2022-05-25,chocolate_flavor,540.0,536.0,0.0,4.0
2022-05-25,strawberry_flavor,548.0,547.0,0.0,1.0
2022-05-25,frosted_extract,534.0,534.0,0.0,0.0
2022-05-25,icecream_cone,630.0,627.0,0.0,3.0
2022-05-25,icecream_come,680.0,678.0,0.0,2.0
2022-05-25,icecream_topping,616.0,611.0,0.0,5.0
2022-05-25,to_go_bag,13306.0,13190.0,0.0,116.0
2022-05-25,napkins,3530.0,13450.0,10500.0,580.0
2022-05-25,ketchup,9138.0,9138.0,0.0,0.0
2022-05-25,ranch,9078.0,9068.0,0.0,10.0
2022-05-25,buffalo_sauce,9368.0,9364.0,0.0,4.0
2022-05-25,bbq_sauce,9318.0,9316.0,0.0,2.0
2022-05-25,polyneasian,9276.0,9276.0,0.0,0.0
2022-05-25,chickfala,9102.0,9091.0,0.0,11.0
2022-05-25,silverware,2310.0,2309.0,0.0,1.0
2022-05-26,fried_batter,111.00000000000001,507.2,525.0,128.8
2022-05-26,bun,533.0,482.0,0.0,51.0
2022-05-26,chicken_patty,1422.0,1337.0,0.0,85.0
2022-05-26,pickle_chips,724.0,571.0,0.0,153.0
2022-05-26,lettuce,642.0,578.0,0.0,64.0
2022-05-26,tomato,642.0,578.0,0.0,64.0
2022-05-26,cheese,230.5,164.5,0.0,66.0
2022-05-26,spice,342.0,310.0,0.0,32.0
2022-05-26,chicken_nuggets,3224.0,2713.5,0.0,510.5
2022-05-26,chicken_strips,6766.0,6723.0,0.0,43.0
2022-05-26,flat_bread,76.5,328.0,262.5,11.0
2022-05-26,mixed_greens,464.0,399.5,0.0,64.5
2022-05-26,shredded_monterey_jack,1688.0,1663.0,0.0,25.0
2022-05-26,waffle_fries,7755.5200000000195,7624.40000000002,0.0,131.11999999999998
2022-05-26,roasted_corn_kernels,628.0,622.0,0.0,6.0
2022-05-26,crumbled_bacon,628.0,622.0,0.0,6.0
2022-05-26,avacado_lime_dressing,978.0,972.0,0.0,6.0
2022-05-26,red_bell_pepers,453.0,447.0,0.0,6.0
2022-05-26,grape tomatoes,515.0,485.0,0.0,30.0
2022-05-26,hard_boiled_egg,190.5,184.5,0.0,6.0
2022-05-26,blue_cheese,454.0,401.0,0.0,53.0
2022-05-26,apples,454.0,401.0,0.0,53.0
2022-05-26,strawberries,454.0,401.0,0.0,53.0
2022-05-26,blueberries,454.0,401.0,0.0,53.0
2022-05-26,harvest_nut_granola,454.0,401.0,0.0,53.0
2022-05-26,zesty_apple_vinagrette,454.0,401.0,0.0,53.0
2022-05-26,chicken_tenders,4484.0,4478.0,0.0,6.0
2022-05-26,biscuit,537.0,487.0,0.0,50.0
2022-05-26,chicken_mini_bread,974.0,926.0,0.0,48.0
2022-05-26,butter,212.0,209.25,0.0,2.75
2022-05-26,bacon,241.0,224.0,0.0,17.0
2022-05-26,tortilla,546.0,538.0,0.0,8.0
2022-05-26,eggs,368.0,326.0,0.0,42.0
2022-05-26,sausage,71.0,61.0,0.0,10.0
2022-05-26,bagel,243.0,228.0,0.0,15.0
2022-05-26,oatmeal,51.0,214.0,175.0,12.0
2022-05-26,fruit,190.0,176.0,0.0,14.0
2022-05-26,cream_cheese,313.0,313.0,0.0,0.0
2022-05-26,hash_brown,886.0,870.0,0.0,16.0
2022-05-26,yogurt_parfait,325.0,320.0,0.0,5.0
2022-05-26,cinamon_cluster,277.0,269.0,0.0,8.0
2022-05-26,lemonade,986.7999999999987,4429.5999999999985,3500.0,57.199999999999996
2022-05-26,straw,14416.0,14178.0,0.0,238.0
2022-05-26,small_drink_cup,4666.0,4625.0,0.0,41.0
2022-05-26,medium_drink_cup,5380.0,5243.0,0.0,137.0
2022-05-26,large_drink_cup,4370.0,4310.0,0.0,60.0
2022-05-26,lemonade_diet,1320.5999999999985,1292.9999999999986,0.0,27.599999999999998
2022-05-26,ice_tea_unsweet,6481.799999999996,6440.699999999995,0.0,41.099999999999994
2022-05-26,ice_tea_sweet,2119.0000000000014,2054.4000000000015,0.0,64.6
2022-05-26,soft_drink,7845.200000000019,7702.400000000019,0.0,142.8
2022-05-26,dasani_water_bottle,503.0,494.0,0.0,9.0
2022-05-26,orange_juice_bottle,355.0,346.0,0.0,9.0
2022-05-26,apple_juice,351.0,341.0,0.0,10.0
2022-05-26,ice_coffee,487.5,468.5,0.0,19.0
2022-05-26,coffee,1966.0,1942.75,0.0,23.25
2022-05-26,Coffee_box,373.0,363.0,0.0,10.0
2022-05-26,milk_chocolate,512.0,500.0,0.0,12.0
2022-05-26,milk,238.0,193.0,0.0,45.0
2022-05-26,icecream,670.0,590.0,0.0,80.0
2022-05-26,vanilla_flavor,388.0,370.0,0.0,18.0
2022-05-26,cream_flavor,494.0,486.0,0.0,8.0
2022-05-26,chunk_cookie,534.0,460.0,0.0,74.0
2022-05-26,chocolate_flavor,532.0,530.0,0.0,2.0
2022-05-26,strawberry_flavor,546.0,541.0,0.0,5.0
2022-05-26,frosted_extract,534.0,520.0,0.0,14.0
2022-05-26,icecream_cone,624.0,615.0,0.0,9.0
2022-05-26,icecream_come,676.0,671.0,0.0,5.0
2022-05-26,icecream_topping,606.0,603.0,0.0,3.0
2022-05-26,to_go_bag,13074.0,12946.0,0.0,128.0
2022-05-26,napkins,23370.0,22730.0,0.0,640.0
2022-05-26,ketchup,9138.0,9132.0,0.0,6.0
2022-05-26,ranch,9058.0,9053.0,0.0,5.0
2022-05-26,buffalo_sauce,9360.0,9347.0,0.0,13.0
2022-05-26,bbq_sauce,9314.0,9301.0,0.0,13.0
2022-05-26,polyneasian,9276.0,9269.0,0.0,7.0
2022-05-26,chickfala,9080.0,9080.0,0.0,0.0
2022-05-26,silverware,2308.0,2301.0,0.0,7.0
2022-05-27,fried_batter,903.4000000000001,773.0000000000001,0.0,130.4
2022-05-27,bun,431.0,400.0,0.0,31.0
2022-05-27,chicken_patty,1252.0,1173.0,0.0,79.0
2022-05-27,pickle_chips,418.0,2075.0,1750.0,93.0
2022-05-27,lettuce,514.0,482.0,0.0,32.0
2022-05-27,tomato,514.0,482.0,0.0,32.0
2022-05-27,cheese,98.5,319.0,262.5,42.0
2022-05-27,spice,278.0,1301.0,1050.0,27.0
2022-05-27,chicken_nuggets,2203.0,8869.5,7000.0,333.5
2022-05-27,chicken_strips,6680.0,6634.0,0.0,46.0
2022-05-27,flat_bread,579.5,572.5,0.0,7.0
2022-05-27,mixed_greens,335.0,259.5,0.0,75.5
2022-05-27,shredded_monterey_jack,1638.0,1614.0,0.0,24.0
2022-05-27,waffle_fries,7493.28000000002,7356.720000000019,0.0,136.56
2022-05-27,roasted_corn_kernels,616.0,608.0,0.0,8.0
2022-05-27,crumbled_bacon,616.0,608.0,0.0,8.0
2022-05-27,avacado_lime_dressing,966.0,958.0,0.0,8.0
2022-05-27,red_bell_pepers,441.0,433.0,0.0,8.0
2022-05-27,grape tomatoes,455.0,415.0,0.0,40.0
2022-05-27,hard_boiled_egg,178.5,170.5,0.0,8.0
2022-05-27,blue_cheese,348.0,284.0,0.0,64.0
2022-05-27,apples,348.0,284.0,0.0,64.0
2022-05-27,strawberries,348.0,284.0,0.0,64.0
2022-05-27,blueberries,348.0,284.0,0.0,64.0
2022-05-27,harvest_nut_granola,348.0,284.0,0.0,64.0
2022-05-27,zesty_apple_vinagrette,348.0,284.0,0.0,64.0
2022-05-27,chicken_tenders,4472.0,4444.0,0.0,28.0
2022-05-27,biscuit,437.0,402.0,0.0,35.0
2022-05-27,chicken_mini_bread,878.0,800.0,0.0,78.0
2022-05-27,butter,206.5,206.5,0.0,0.0
2022-05-27,bacon,207.0,192.0,0.0,15.0
2022-05-27,tortilla,530.0,521.0,0.0,9.0
2022-05-27,eggs,284.0,249.0,0.0,35.0
2022-05-27,sausage,51.0,222.0,175.0,4.0
2022-05-27,bagel,213.0,189.0,0.0,24.0
2022-05-27,oatmeal,377.0,363.0,0.0,14.0
2022-05-27,fruit,162.0,137.5,0.0,24.5
2022-05-27,cream_cheese,313.0,300.0,0.0,13.0
2022-05-27,hash_brown,854.0,839.0,0.0,15.0
2022-05-27,yogurt_parfait,315.0,309.0,0.0,6.0
2022-05-27,cinamon_cluster,261.0,256.0,0.0,5.0
2022-05-27,lemonade,7872.399999999999,7845.699999999999,0.0,26.7
2022-05-27,straw,13940.0,13714.0,0.0,226.0
2022-05-27,small_drink_cup,4584.0,4550.0,0.0,34.0
2022-05-27,medium_drink_cup,5106.0,4940.0,0.0,166.0
2022-05-27,large_drink_cup,4250.0,4224.0,0.0,26.0
2022-05-27,lemonade_diet,1265.3999999999987,1228.0999999999988,0.0,37.300000000000004
2022-05-27,ice_tea_unsweet,6399.599999999995,6389.4999999999945,0.0,10.1
2022-05-27,ice_tea_sweet,1989.8000000000015,1943.4000000000015,0.0,46.400000000000006
2022-05-27,soft_drink,7559.600000000019,7421.300000000018,0.0,138.3
2022-05-27,dasani_water_bottle,485.0,467.0,0.0,18.0
2022-05-27,orange_juice_bottle,337.0,336.0,0.0,1.0
2022-05-27,apple_juice,331.0,315.0,0.0,16.0
2022-05-27,ice_coffee,449.5,443.0,0.0,6.5
2022-05-27,coffee,1919.5,1886.75,0.0,32.75
2022-05-27,Coffee_box,353.0,342.0,0.0,11.0
2022-05-27,milk_chocolate,488.0,469.0,0.0,19.0
2022-05-27,milk,148.0,107.0,0.0,41.0
2022-05-27,icecream,510.0,454.0,0.0,56.0
2022-05-27,vanilla_flavor,352.0,348.0,0.0,4.0
2022-05-27,cream_flavor,478.0,470.0,0.0,8.0
2022-05-27,chunk_cookie,386.0,253.0,0.0,133.0
2022-05-27,chocolate_flavor,528.0,521.0,0.0,7.0
2022-05-27,strawberry_flavor,536.0,533.0,0.0,3.0
2022-05-27,frosted_extract,506.0,501.0,0.0,5.0
2022-05-27,icecream_cone,606.0,601.0,0.0,5.0
2022-05-27,icecream_come,666.0,659.0,0.0,7.0
2022-05-27,icecream_topping,600.0,592.0,0.0,8.0
2022-05-27,to_go_bag,12818.0,12708.0,0.0,110.0
2022-05-27,napkins,22090.0,21540.0,0.0,550.0
2022-05-27,ketchup,9126.0,9118.0,0.0,8.0
2022-05-27,ranch,9048.0,9033.0,0.0,15.0
2022-05-27,buffalo_sauce,9334.0,9321.0,0.0,13.0
2022-05-27,bbq_sauce,9288.0,9284.0,0.0,4.0
2022-05-27,polyneasian,9262.0,9251.0,0.0,11.0
2022-05-27,chickfala,9080.0,9072.0,0.0,8.0
2022-05-27,silverware,2294.0,2294.0,0.0,0.0
2022-05-28,fried_batter,642.6000000000001,498.60000000000014,0.0,144.0
2022-05-28,bun,369.0,329.0,0.0,40.0
2022-05-28,chicken_patty,1094.0,1002.5,0.0,91.5
2022-05-28,pickle_chips,3732.0,3612.0,0.0,120.0
2022-05-28,lettuce,450.0,402.0,0.0,48.0
2022-05-28,tomato,450.0,402.0,0.0,48.0
2022-05-28,cheese,539.5,471.5,0.0,68.0
2022-05-28,spice,2324.0,2290.0,0.0,34.0
2022-05-28,chicken_nuggets,15536.0,15174.5,0.0,361.5
2022-05-28,chicken_strips,6588.0,6539.0,0.0,49.0
2022-05-28,flat_bread,565.5,562.5,0.0,3.0
2022-05-28,mixed_greens,184.0,814.5,700.0,69.5
2022-05-28,shredded_monterey_jack,1590.0,1581.0,0.0,9.0
2022-05-28,waffle_fries,7220.160000000019,7090.520000000019,0.0,129.64
2022-05-28,roasted_corn_kernels,600.0,595.0,0.0,5.0
2022-05-28,crumbled_bacon,600.0,595.0,0.0,5.0
2022-05-28,avacado_lime_dressing,950.0,945.0,0.0,5.0
2022-05-28,red_bell_pepers,425.0,420.0,0.0,5.0
2022-05-28,grape tomatoes,375.0,350.0,0.0,25.0
2022-05-28,hard_boiled_egg,162.5,157.5,0.0,5.0
2022-05-28,blue_cheese,220.0,157.0,0.0,63.0
2022-05-28,apples,220.0,157.0,0.0,63.0
2022-05-28,strawberries,220.0,157.0,0.0,63.0
2022-05-28,blueberries,220.0,157.0,0.0,63.0
2022-05-28,harvest_nut_granola,220.0,157.0,0.0,63.0
2022-05-28,zesty_apple_vinagrette,220.0,157.0,0.0,63.0
2022-05-28,chicken_tenders,4416.0,4382.0,0.0,34.0
2022-05-28,biscuit,367.0,314.0,0.0,53.0
2022-05-28,chicken_mini_bread,722.0,707.0,0.0,15.0
2022-05-28,butter,206.5,205.5,0.0,1.0
2022-05-28,bacon,177.0,163.0,0.0,14.0
2022-05-28,tortilla,512.0,511.0,0.0,1.0
2022-05-28,eggs,214.0,169.0,0.0,45.0
2022-05-28,sausage,393.0,379.0,0.0,14.0
2022-05-28,bagel,165.0,135.0,0.0,30.0
2022-05-28,oatmeal,349.0,337.0,0.0,12.0
2022-05-28,fruit,113.0,436.5,350.0,26.5
2022-05-28,cream_cheese,287.0,277.0,0.0,10.0
2022-05-28,hash_brown,824.0,820.0,0.0,4.0
2022-05-28,yogurt_parfait,303.0,300.0,0.0,3.0
2022-05-28,cinamon_cluster,251.0,243.0,0.0,8.0
2022-05-28,lemonade,7818.999999999999,7765.199999999999,0.0,53.79999999999999
2022-05-28,straw,13488.0,13255.0,0.0,233.0
2022-05-28,small_drink_cup,4516.0,4471.0,0.0,45.0
2022-05-28,medium_drink_cup,4774.0,4616.0,0.0,158.0
2022-05-28,large_drink_cup,4198.0,4168.0,0.0,30.0
2022-05-28,lemonade_diet,1190.7999999999988,1167.0999999999988,0.0,23.7
2022-05-28,ice_tea_unsweet,6379.399999999994,6342.899999999994,0.0,36.49999999999999
2022-05-28,ice_tea_sweet,1897.0000000000014,1852.2000000000014,0.0,44.8
2022-05-28,soft_drink,7283.000000000018,7134.100000000019,0.0,148.9
2022-05-28,dasani_water_bottle,449.0,443.0,0.0,6.0
2022-05-28,orange_juice_bottle,335.0,322.0,0.0,13.0
2022-05-28,apple_juice,299.0,299.0,0.0,0.0
2022-05-28,ice_coffee,436.5,424.5,0.0,12.0
2022-05-28,coffee,1854.0,1829.0,0.0,25.0
2022-05-28,Coffee_box,331.0,327.0,0.0,4.0
2022-05-28,milk_chocolate,450.0,447.0,0.0,3.0
2022-05-28,milk,66.0,384.0,350.0,32.0
2022-05-28,icecream,398.0,329.0,0.0,69.0
2022-05-28,vanilla_flavor,344.0,342.0,0.0,2.0
2022-05-28,cream_flavor,462.0,452.0,0.0,10.0
2022-05-28,chunk_cookie,120.0,395.0,350.0,75.0
2022-05-28,chocolate_flavor,514.0,511.0,0.0,3.0
2022-05-28,strawberry_flavor,530.0,523.0,0.0,7.0
2022-05-28,frosted_extract,496.0,493.0,0.0,3.0
2022-05-28,icecream_cone,596.0,585.0,0.0,11.0
2022-05-28,icecream_come,652.0,638.0,0.0,14.0
2022-05-28,icecream_topping,584.0,577.0,0.0,7.0
2022-05-28,to_go_bag,12598.0,12489.0,0.0,109.0
2022-05-28,napkins,20990.0,20445.0,0.0,545.0
2022-05-28,ketchup,9110.0,9106.0,0.0,4.0
2022-05-28,ranch,9018.0,9014.0,0.0,4.0
2022-05-28,buffalo_sauce,9308.0,9298.0,0.0,10.0
2022-05-28,bbq_sauce,9280.0,9272.0,0.0,8.0
2022-05-28,polyneasian,9240.0,9231.0,0.0,9.0
2022-05-28,chickfala,9064.0,9057.0,0.0,7.0
2022-05-28,silverware,2294.0,2294.0,0.0,0.0
2022-05-30,fried_batter,354.60000000000014,194.60000000000014,0.0,160.0
2022-05-30,bun,289.0,242.0,0.0,47.0
2022-05-30,chicken_patty,911.0,820.5,0.0,90.5
2022-05-30,pickle_chips,3492.0,3351.0,0.0,141.0
2022-05-30,lettuce,354.0,302.0,0.0,52.0
2022-05-30,tomato,354.0,302.0,0.0,52.0
2022-05-30,cheese,403.5,345.5,0.0,58.0
2022-05-30,spice,2256.0,2234.0,0.0,22.0
2022-05-30,chicken_nuggets,14813.0,14154.0,0.0,659.0
2022-05-30,chicken_strips,6490.0,6422.0,0.0,68.0
2022-05-30,flat_bread,559.5,555.5,0.0,4.0
2022-05-30,mixed_greens,1445.0,1378.0,0.0,67.0
2022-05-30,shredded_monterey_jack,1572.0,1552.0,0.0,20.0
2022-05-30,waffle_fries,6960.880000000018,6844.080000000018,0.0,116.8
2022-05-30,roasted_corn_kernels,590.0,587.0,0.0,3.0
2022-05-30,crumbled_bacon,590.0,587.0,0.0,3.0
2022-05-30,avacado_lime_dressing,940.0,937.0,0.0,3.0
2022-05-30,red_bell_pepers,415.0,412.0,0.0,3.0
2022-05-30,grape tomatoes,325.0,310.0,0.0,15.0
2022-05-30,hard_boiled_egg,152.5,149.5,0.0,3.0
2022-05-30,blue_cheese,94.0,382.0,350.0,62.0
2022-05-30,apples,94.0,382.0,350.0,62.0
2022-05-30,strawberries,94.0,382.0,350.0,62.0
2022-05-30,blueberries,94.0,382.0,350.0,62.0
2022-05-30,harvest_nut_granola,94.0,382.0,350.0,62.0
2022-05-30,zesty_apple_vinagrette,94.0,382.0,350.0,62.0
2022-05-30,chicken_tenders,4348.0,4334.0,0.0,14.0
2022-05-30,biscuit,261.0,217.0,0.0,44.0
2022-05-30,chicken_mini_bread,692.0,611.0,0.0,81.0
2022-05-30,butter,204.5,204.25,0.0,0.25
2022-05-30,bacon,149.0,661.0,525.0,13.0
2022-05-30,tortilla,510.0,497.0,0.0,13.0
2022-05-30,eggs,124.0,429.0,350.0,45.0
2022-05-30,sausage,365.0,354.0,0.0,11.0
2022-05-30,bagel,105.0,81.0,0.0,24.0
2022-05-30,oatmeal,325.0,311.0,0.0,14.0
2022-05-30,fruit,760.0,728.5,0.0,31.5
2022-05-30,cream_cheese,267.0,261.0,0.0,6.0
2022-05-30,hash_brown,816.0,810.0,0.0,6.0
2022-05-30,yogurt_parfait,297.0,279.0,0.0,18.0
2022-05-30,cinamon_cluster,235.0,227.0,0.0,8.0
2022-05-30,lemonade,7711.399999999999,7666.199999999999,0.0,45.2
2022-05-30,straw,13022.0,12834.0,0.0,188.0
2022-05-30,small_drink_cup,4426.0,4390.0,0.0,36.0
2022-05-30,medium_drink_cup,4458.0,4318.0,0.0,140.0
2022-05-30,large_drink_cup,4138.0,4126.0,0.0,12.0
2022-05-30,lemonade_diet,1143.3999999999987,1123.9999999999986,0.0,19.4
2022-05-30,ice_tea_unsweet,6306.399999999994,6293.599999999994,0.0,12.8
2022-05-30,ice_tea_sweet,1807.4000000000015,1780.6000000000015,0.0,26.8
2022-05-30,soft_drink,6985.200000000019,6860.400000000019,0.0,124.79999999999998
2022-05-30,dasani_water_bottle,437.0,434.0,0.0,3.0
2022-05-30,orange_juice_bottle,309.0,308.0,0.0,1.0
2022-05-30,apple_juice,299.0,294.0,0.0,5.0
2022-05-30,ice_coffee,412.5,388.75,0.0,23.75
2022-05-30,coffee,1804.0,1790.25,0.0,13.75
2022-05-30,Coffee_box,323.0,309.0,0.0,14.0
2022-05-30,milk_chocolate,444.0,431.0,0.0,13.0
2022-05-30,milk,702.0,664.0,0.0,38.0
2022-05-30,icecream,260.0,190.0,0.0,70.0
2022-05-30,vanilla_flavor,340.0,337.0,0.0,3.0
2022-05-30,cream_flavor,442.0,434.0,0.0,8.0
2022-05-30,chunk_cookie,670.0,585.0,0.0,85.0
2022-05-30,chocolate_flavor,508.0,504.0,0.0,4.0
2022-05-30,strawberry_flavor,516.0,502.0,0.0,14.0
2022-05-30,frosted_extract,490.0,487.0,0.0,3.0
2022-05-30,icecream_cone,574.0,574.0,0.0,0.0
2022-05-30,icecream_come,624.0,612.0,0.0,12.0
2022-05-30,icecream_topping,570.0,560.0,0.0,10.0
2022-05-30,to_go_bag,12380.0,12280.0,0.0,100.0
2022-05-30,napkins,19900.0,19400.0,0.0,500.0
2022-05-30,ketchup,9102.0,9096.0,0.0,6.0
2022-05-30,ranch,9010.0,9004.0,0.0,6.0
2022-05-30,buffalo_sauce,9288.0,9272.0,0.0,16.0
2022-05-30,bbq_sauce,9264.0,9261.0,0.0,3.0
2022-05-30,polyneasian,9222.0,9214.0,0.0,8.0
2022-05-30,chickfala,9050.0,9042.0,0.0,8.0
2022-05-30,silverware,2294.0,2281.0,0.0,13.0
2022-05-31,fried_batter,34.600000000000136,444.40000000000015,525.0,115.2
2022-05-31,bun,195.0,156.0,0.0,39.0
2022-05-31,chicken_patty,730.0,667.5,0.0,62.5
2022-05-31,pickle_chips,3210.0,3093.0,0.0,117.0
2022-05-31,lettuce,250.0,218.0,0.0,32.0
2022-05-31,tomato,250.0,218.0,0.0,32.0
2022-05-31,cheese,287.5,252.5,0.0,35.0
2022-05-31,spice,2212.0,2190.0,0.0,22.0
2022-05-31,chicken_nuggets,13495.0,13172.5,0.0,322.5
2022-05-31,chicken_strips,6354.0,6301.0,0.0,53.0
2022-05-31,flat_bread,551.5,534.5,0.0,17.0
2022-05-31,mixed_greens,1311.0,1235.5,0.0,75.5
2022-05-31,shredded_monterey_jack,1532.0,1494.0,0.0,38.0
2022-05-31,waffle_fries,6727.280000000018,6571.600000000018,0.0,155.68
2022-05-31,roasted_corn_kernels,584.0,571.0,0.0,13.0
2022-05-31,crumbled_bacon,584.0,571.0,0.0,13.0
2022-05-31,avacado_lime_dressing,934.0,921.0,0.0,13.0
2022-05-31,red_bell_pepers,409.0,396.0,0.0,13.0
2022-05-31,grape tomatoes,295.0,1105.0,875.0,65.0
2022-05-31,hard_boiled_egg,146.5,133.5,0.0,13.0
2022-05-31,blue_cheese,670.0,616.0,0.0,54.0
2022-05-31,apples,670.0,616.0,0.0,54.0
2022-05-31,strawberries,670.0,616.0,0.0,54.0
2022-05-31,blueberries,670.0,616.0,0.0,54.0
2022-05-31,harvest_nut_granola,670.0,616.0,0.0,54.0
2022-05-31,zesty_apple_vinagrette,670.0,616.0,0.0,54.0
2022-05-31,chicken_tenders,4320.0,4306.0,0.0,14.0
2022-05-31,biscuit,173.0,668.0,525.0,30.0
2022-05-31,chicken_mini_bread,530.0,506.0,0.0,24.0
2022-05-31,butter,204.0,202.5,0.0,1.5
2022-05-31,bacon,1173.0,1161.0,0.0,12.0
2022-05-31,tortilla,484.0,476.0,0.0,8.0
2022-05-31,eggs,734.0,707.0,0.0,27.0
2022-05-31,sausage,343.0,336.0,0.0,7.0
2022-05-31,bagel,57.0,220.0,175.0,12.0
2022-05-31,oatmeal,297.0,292.0,0.0,5.0
2022-05-31,fruit,697.0,677.0,0.0,20.0
2022-05-31,cream_cheese,255.0,250.0,0.0,5.0
2022-05-31,hash_brown,804.0,799.0,0.0,5.0
2022-05-31,yogurt_parfait,261.0,256.0,0.0,5.0
2022-05-31,cinamon_cluster,219.0,211.0,0.0,8.0
2022-05-31,lemonade,7620.999999999999,7562.499999999999,0.0,58.5
2022-05-31,straw,12646.0,12362.0,0.0,284.0
2022-05-31,small_drink_cup,4354.0,4306.0,0.0,48.0
2022-05-31,medium_drink_cup,4178.0,4007.0,0.0,171.0
2022-05-31,large_drink_cup,4114.0,4049.0,0.0,65.0
2022-05-31,lemonade_diet,1104.5999999999985,1068.3999999999985,0.0,36.199999999999996
2022-05-31,ice_tea_unsweet,6280.799999999994,6247.499999999994,0.0,33.300000000000004
2022-05-31,ice_tea_sweet,1753.8000000000015,1672.3000000000015,0.0,81.5
2022-05-31,soft_drink,6735.600000000019,6560.700000000019,0.0,174.9
2022-05-31,dasani_water_bottle,431.0,431.0,0.0,0.0
2022-05-31,orange_juice_bottle,307.0,303.0,0.0,4.0
2022-05-31,apple_juice,289.0,283.0,0.0,6.0
2022-05-31,ice_coffee,365.0,352.5,0.0,12.5
2022-05-31,coffee,1776.5,1768.5,0.0,8.0
2022-05-31,Coffee_box,295.0,293.0,0.0,2.0
2022-05-31,milk_chocolate,418.0,416.0,0.0,2.0
2022-05-31,milk,626.0,595.0,0.0,31.0
2022-05-31,icecream,120.0,400.0,350.0,70.0
2022-05-31,vanilla_flavor,334.0,333.0,0.0,1.0
2022-05-31,cream_flavor,426.0,420.0,0.0,6.0
2022-05-31,chunk_cookie,500.0,419.0,0.0,81.0
2022-05-31,chocolate_flavor,500.0,495.0,0.0,5.0
2022-05-31,strawberry_flavor,488.0,476.0,0.0,12.0
2022-05-31,frosted_extract,484.0,469.0,0.0,15.0
2022-05-31,icecream_cone,574.0,558.0,0.0,16.0
2022-05-31,icecream_come,600.0,594.0,0.0,6.0
2022-05-31,icecream_topping,550.0,542.0,0.0,8.0
2022-05-31,to_go_bag,12180.0,12071.0,0.0,109.0
2022-05-31,napkins,18900.0,18355.0,0.0,545.0
2022-05-31,ketchup,9090.0,9079.0,0.0,11.0
2022-05-31,ranch,8998.0,8989.0,0.0,9.0
2022-05-31,buffalo_sauce,9256.0,9256.0,0.0,0.0
2022-05-31,bbq_sauce,9258.0,9253.0,0.0,5.0
2022-05-31,polyneasian,9206.0,9199.0,0.0,7.0
2022-05-31,chickfala,9034.0,9026.0,0.0,8.0
2022-05-31,silverware,2268.0,2260.0,0.0,8.0
2022-06-01,fried_batter,854.2,694.6,0.0,159.6
2022-06-01,bun,117.0,583.0,525.0,59.0
2022-06-01,chicken_patty,605.0,501.5,0.0,103.5
2022-06-01,pickle_chips,2976.0,2799.0,0.0,177.0
2022-06-01,lettuce,186.0,108.0,0.0,78.0
2022-06-01,tomato,186.0,108.0,0.0,78.0
2022-06-01,cheese,217.5,153.5,0.0,64.0
2022-06-01,spice,2168.0,2131.0,0.0,37.0
2022-06-01,chicken_nuggets,12850.0,12355.5,0.0,494.5
2022-06-01,chicken_strips,6248.0,6175.0,0.0,73.0
2022-06-01,flat_bread,517.5,510.5,0.0,7.0
2022-06-01,mixed_greens,1160.0,1090.5,0.0,69.5
2022-06-01,shredded_monterey_jack,1456.0,1422.0,0.0,34.0
2022-06-01,waffle_fries,6415.920000000017,6251.3000000000175,0.0,164.62
2022-06-01,roasted_corn_kernels,558.0,537.0,0.0,21.0
2022-06-01,crumbled_bacon,558.0,537.0,0.0,21.0
2022-06-01,avacado_lime_dressing,908.0,887.0,0.0,21.0
2022-06-01,red_bell_pepers,383.0,362.0,0.0,21.0
2022-06-01,grape tomatoes,1915.0,1810.0,0.0,105.0
2022-06-01,hard_boiled_egg,120.5,99.5,0.0,21.0
2022-06-01,blue_cheese,562.0,517.0,0.0,45.0
2022-06-01,apples,562.0,517.0,0.0,45.0
2022-06-01,strawberries,562.0,517.0,0.0,45.0
2022-06-01,blueberries,562.0,517.0,0.0,45.0
2022-06-01,harvest_nut_granola,562.0,517.0,0.0,45.0
2022-06-01,zesty_apple_vinagrette,562.0,517.0,0.0,45.0
2022-06-01,chicken_tenders,4292.0,4280.0,0.0,12.0
2022-06-01,biscuit,1163.0,1111.0,0.0,52.0
2022-06-01,chicken_mini_bread,482.0,2187.0,1750.0,45.0
2022-06-01,butter,201.0,199.0,0.0,2.0
2022-06-01,bacon,1149.0,1144.0,0.0,5.0
2022-06-01,tortilla,468.0,462.0,0.0,6.0
2022-06-01,eggs,680.0,649.0,0.0,31.0
2022-06-01,sausage,329.0,317.0,0.0,12.0
2022-06-01,bagel,383.0,367.0,0.0,16.0
2022-06-01,oatmeal,287.0,276.0,0.0,11.0
2022-06-01,fruit,657.0,631.5,0.0,25.5
2022-06-01,cream_cheese,245.0,241.0,0.0,4.0
2022-06-01,hash_brown,794.0,786.0,0.0,8.0
2022-06-01,yogurt_parfait,251.0,230.0,0.0,21.0
2022-06-01,cinamon_cluster,203.0,199.0,0.0,4.0
2022-06-01,lemonade,7503.999999999999,7444.399999999999,0.0,59.6
2022-06-01,straw,12078.0,11830.0,0.0,248.0
2022-06-01,small_drink_cup,4258.0,4224.0,0.0,34.0
2022-06-01,medium_drink_cup,3836.0,3654.0,0.0,182.0
2022-06-01,large_drink_cup,3984.0,3952.0,0.0,32.0
2022-06-01,lemonade_diet,1032.1999999999985,1001.9999999999984,0.0,30.2
2022-06-01,ice_tea_unsweet,6214.199999999993,6182.799999999994,0.0,31.400000000000002
2022-06-01,ice_tea_sweet,1590.8000000000015,1570.3000000000015,0.0,20.5
2022-06-01,soft_drink,6385.800000000019,6229.90000000002,0.0,155.89999999999998
2022-06-01,dasani_water_bottle,431.0,429.0,0.0,2.0
2022-06-01,orange_juice_bottle,299.0,296.0,0.0,3.0
2022-06-01,apple_juice,277.0,277.0,0.0,0.0
2022-06-01,ice_coffee,340.0,316.75,0.0,23.25
2022-06-01,coffee,1760.5,1748.25,0.0,12.25
2022-06-01,Coffee_box,291.0,288.0,0.0,3.0
2022-06-01,milk_chocolate,414.0,407.0,0.0,7.0
2022-06-01,milk,564.0,529.0,0.0,35.0
2022-06-01,icecream,680.0,603.0,0.0,77.0
2022-06-01,vanilla_flavor,332.0,318.0,0.0,14.0
2022-06-01,cream_flavor,414.0,410.0,0.0,4.0
2022-06-01,chunk_cookie,338.0,288.0,0.0,50.0
2022-06-01,chocolate_flavor,490.0,478.0,0.0,12.0
2022-06-01,strawberry_flavor,464.0,464.0,0.0,0.0
2022-06-01,frosted_extract,454.0,439.0,0.0,15.0
2022-06-01,icecream_cone,542.0,532.0,0.0,10.0
2022-06-01,icecream_come,588.0,581.0,0.0,7.0
2022-06-01,icecream_topping,534.0,515.0,0.0,19.0
2022-06-01,to_go_bag,11962.0,11842.0,0.0,120.0
2022-06-01,napkins,17810.0,17210.0,0.0,600.0
2022-06-01,ketchup,9068.0,9054.0,0.0,14.0
2022-06-01,ranch,8980.0,8971.0,0.0,9.0
2022-06-01,buffalo_sauce,9256.0,9247.0,0.0,9.0
2022-06-01,bbq_sauce,9248.0,9244.0,0.0,4.0
2022-06-01,polyneasian,9192.0,9180.0,0.0,12.0
2022-06-01,chickfala,9018.0,9011.0,0.0,7.0
2022-06-01,silverware,2252.0,2244.0,0.0,8.0
2022-06-02,fried_batter,535.0,402.0,0.0,133.0
2022-06-02,bun,1049.0,1008.0,0.0,41.0
2022-06-02,chicken_patty,398.0,338.5,0.0,59.5
2022-06-02,pickle_chips,2622.0,2499.0,0.0,123.0
2022-06-02,lettuce,30.0,352.0,350.0,28.0
2022-06-02,tomato,30.0,352.0,350.0,28.0
2022-06-02,cheese,89.5,320.0,262.5,32.0
2022-06-02,spice,2094.0,2064.0,0.0,30.0
2022-06-02,chicken_nuggets,11861.0,11364.0,0.0,497.0
2022-06-02,chicken_strips,6102.0,6022.0,0.0,80.0
2022-06-02,flat_bread,503.5,499.5,0.0,4.0
2022-06-02,mixed_greens,1021.0,979.0,0.0,42.0
2022-06-02,shredded_monterey_jack,1388.0,1373.0,0.0,15.0
2022-06-02,waffle_fries,6086.680000000018,5936.660000000017,0.0,150.02
2022-06-02,roasted_corn_kernels,516.0,510.0,0.0,6.0
2022-06-02,crumbled_bacon,516.0,510.0,0.0,6.0
2022-06-02,avacado_lime_dressing,866.0,860.0,0.0,6.0
2022-06-02,red_bell_pepers,341.0,335.0,0.0,6.0
2022-06-02,grape tomatoes,1705.0,1675.0,0.0,30.0
2022-06-02,hard_boiled_egg,78.5,335.0,262.5,6.0
2022-06-02,blue_cheese,472.0,438.0,0.0,34.0
2022-06-02,apples,472.0,438.0,0.0,34.0
2022-06-02,strawberries,472.0,438.0,0.0,34.0
2022-06-02,blueberries,472.0,438.0,0.0,34.0
2022-06-02,harvest_nut_granola,472.0,438.0,0.0,34.0
2022-06-02,zesty_apple_vinagrette,472.0,438.0,0.0,34.0
2022-06-02,chicken_tenders,4268.0,4262.0,0.0,6.0
2022-06-02,biscuit,1059.0,1017.0,0.0,42.0
2022-06-02,chicken_mini_bread,3892.0,3808.0,0.0,84.0
2022-06-02,butter,197.0,194.0,0.0,3.0
2022-06-02,bacon,1139.0,1129.0,0.0,10.0
2022-06-02,tortilla,456.0,451.0,0.0,5.0
2022-06-02,eggs,618.0,595.0,0.0,23.0
2022-06-02,sausage,305.0,298.0,0.0,7.0
2022-06-02,bagel,351.0,345.0,0.0,6.0
2022-06-02,oatmeal,265.0,258.0,0.0,7.0
2022-06-02,fruit,606.0,582.5,0.0,23.5
2022-06-02,cream_cheese,237.0,233.0,0.0,4.0
2022-06-02,hash_brown,778.0,775.0,0.0,3.0
2022-06-02,yogurt_parfait,209.0,205.0,0.0,4.0
2022-06-02,cinamon_cluster,195.0,184.0,0.0,11.0
2022-06-02,lemonade,7384.799999999998,7304.199999999998,0.0,80.60000000000002
2022-06-02,straw,11582.0,11332.0,0.0,250.0
2022-06-02,small_drink_cup,4190.0,4166.0,0.0,24.0
2022-06-02,medium_drink_cup,3472.0,3300.0,0.0,172.0
2022-06-02,large_drink_cup,3920.0,3866.0,0.0,54.0
2022-06-02,lemonade_diet,971.7999999999984,968.5999999999983,0.0,3.2
2022-06-02,ice_tea_unsweet,6151.399999999994,6128.299999999994,0.0,23.1
2022-06-02,ice_tea_sweet,1549.8000000000015,1508.7000000000016,0.0,41.10000000000001
2022-06-02,soft_drink,6074.00000000002,5905.20000000002,0.0,168.79999999999998
2022-06-02,dasani_water_bottle,427.0,420.0,0.0,7.0
2022-06-02,orange_juice_bottle,293.0,285.0,0.0,8.0
2022-06-02,apple_juice,277.0,270.0,0.0,7.0
2022-06-02,ice_coffee,293.5,270.25,0.0,23.25
2022-06-02,coffee,1736.0,1722.25,0.0,13.75
2022-06-02,Coffee_box,285.0,277.0,0.0,8.0
2022-06-02,milk_chocolate,400.0,389.0,0.0,11.0
2022-06-02,milk,494.0,454.0,0.0,40.0
2022-06-02,icecream,526.0,458.0,0.0,68.0
2022-06-02,vanilla_flavor,304.0,288.0,0.0,16.0
2022-06-02,cream_flavor,406.0,402.0,0.0,4.0
2022-06-02,chunk_cookie,238.0,177.0,0.0,61.0
2022-06-02,chocolate_flavor,466.0,460.0,0.0,6.0
2022-06-02,strawberry_flavor,464.0,461.0,0.0,3.0
2022-06-02,frosted_extract,424.0,424.0,0.0,0.0
2022-06-02,icecream_cone,522.0,514.0,0.0,8.0
2022-06-02,icecream_come,574.0,572.0,0.0,2.0
2022-06-02,icecream_topping,496.0,491.0,0.0,5.0
2022-06-02,to_go_bag,11722.0,11597.0,0.0,125.0
2022-06-02,napkins,16610.0,15985.0,0.0,625.0
2022-06-02,ketchup,9040.0,9025.0,0.0,15.0
2022-06-02,ranch,8962.0,8953.0,0.0,9.0
2022-06-02,buffalo_sauce,9238.0,9235.0,0.0,3.0
2022-06-02,bbq_sauce,9240.0,9234.0,0.0,6.0
2022-06-02,polyneasian,9168.0,9156.0,0.0,12.0
2022-06-02,chickfala,9004.0,9000.0,0.0,4.0
2022-06-02,silverware,2236.0,2217.0,0.0,19.0
2022-06-03,fried_batter,269.0,641.8,525.0,152.2
2022-06-03,bun,967.0,901.0,0.0,66.0
2022-06-03,chicken_patty,279.0,864.0,700.0,115.0
2022-06-03,pickle_chips,2376.0,2178.0,0.0,198.0
2022-06-03,lettuce,674.0,582.0,0.0,92.0
2022-06-03,tomato,674.0,582.0,0.0,92.0
2022-06-03,cheese,550.5,475.5,0.0,75.0
2022-06-03,spice,2034.0,1991.0,0.0,43.0
2022-06-03,chicken_nuggets,10867.0,10509.0,0.0,358.0
2022-06-03,chicken_strips,5942.0,5866.0,0.0,76.0
2022-06-03,flat_bread,495.5,495.5,0.0,0.0
2022-06-03,mixed_greens,937.0,883.0,0.0,54.0
2022-06-03,shredded_monterey_jack,1358.0,1349.0,0.0,9.0
2022-06-03,waffle_fries,5786.640000000017,5663.980000000017,0.0,122.66000000000001
2022-06-03,roasted_corn_kernels,504.0,500.0,0.0,4.0
2022-06-03,crumbled_bacon,504.0,500.0,0.0,4.0
2022-06-03,avacado_lime_dressing,854.0,850.0,0.0,4.0
2022-06-03,red_bell_pepers,329.0,325.0,0.0,4.0
2022-06-03,grape tomatoes,1645.0,1625.0,0.0,20.0
2022-06-03,hard_boiled_egg,591.5,587.5,0.0,4.0
2022-06-03,blue_cheese,404.0,354.0,0.0,50.0
2022-06-03,apples,404.0,354.0,0.0,50.0
2022-06-03,strawberries,404.0,354.0,0.0,50.0
2022-06-03,blueberries,404.0,354.0,0.0,50.0
2022-06-03,harvest_nut_granola,404.0,354.0,0.0,50.0
2022-06-03,zesty_apple_vinagrette,404.0,354.0,0.0,50.0
2022-06-03,chicken_tenders,4256.0,4252.0,0.0,4.0
2022-06-03,biscuit,975.0,939.0,0.0,36.0
2022-06-03,chicken_mini_bread,3724.0,3682.0,0.0,42.0
2022-06-03,butter,191.0,190.75,0.0,0.25
2022-06-03,bacon,1119.0,1110.0,0.0,9.0
2022-06-03,tortilla,446.0,441.0,0.0,5.0
2022-06-03,eggs,572.0,538.0,0.0,34.0
2022-06-03,sausage,291.0,281.0,0.0,10.0
2022-06-03,bagel,339.0,313.0,0.0,26.0
2022-06-03,oatmeal,251.0,230.0,0.0,21.0
2022-06-03,fruit,559.0,517.5,0.0,41.5
2022-06-03,cream_cheese,229.0,224.0,0.0,5.0
2022-06-03,hash_brown,772.0,770.0,0.0,2.0
2022-06-03,yogurt_parfait,201.0,201.0,0.0,0.0
2022-06-03,cinamon_cluster,173.0,170.0,0.0,3.0
2022-06-03,lemonade,7223.599999999998,7196.499999999997,0.0,27.1
2022-06-03,straw,11082.0,10878.0,0.0,204.0
2022-06-03,small_drink_cup,4142.0,4097.0,0.0,45.0
2022-06-03,medium_drink_cup,3128.0,2993.0,0.0,135.0
2022-06-03,large_drink_cup,3812.0,3788.0,0.0,24.0
2022-06-03,lemonade_diet,965.3999999999983,924.0999999999983,0.0,41.3
2022-06-03,ice_tea_unsweet,6105.199999999993,6094.399999999993,0.0,10.799999999999999
2022-06-03,ice_tea_sweet,1467.6000000000017,1424.4000000000017,0.0,43.2
2022-06-03,soft_drink,5736.40000000002,5614.50000000002,0.0,121.89999999999999
2022-06-03,dasani_water_bottle,413.0,401.0,0.0,12.0
2022-06-03,orange_juice_bottle,277.0,273.0,0.0,4.0
2022-06-03,apple_juice,263.0,255.0,0.0,8.0
2022-06-03,ice_coffee,247.0,227.25,0.0,19.75
2022-06-03,coffee,1708.5,1692.75,0.0,15.75
2022-06-03,Coffee_box,269.0,258.0,0.0,11.0
2022-06-03,milk_chocolate,378.0,372.0,0.0,6.0
2022-06-03,milk,414.0,365.0,0.0,49.0
2022-06-03,icecream,390.0,301.0,0.0,89.0
2022-06-03,vanilla_flavor,272.0,258.0,0.0,14.0
2022-06-03,cream_flavor,398.0,390.0,0.0,8.0
2022-06-03,chunk_cookie,116.0,418.0,350.0,48.0
2022-06-03,chocolate_flavor,454.0,453.0,0.0,1.0
2022-06-03,strawberry_flavor,458.0,445.0,0.0,13.0
2022-06-03,frosted_extract,424.0,423.0,0.0,1.0
2022-06-03,icecream_cone,506.0,500.0,0.0,6.0
2022-06-03,icecream_come,570.0,559.0,0.0,11.0
2022-06-03,icecream_topping,486.0,486.0,0.0,0.0
2022-06-03,to_go_bag,11472.0,11357.0,0.0,115.0
2022-06-03,napkins,15360.0,14785.0,0.0,575.0
2022-06-03,ketchup,9010.0,9008.0,0.0,2.0
2022-06-03,ranch,8944.0,8936.0,0.0,8.0
2022-06-03,buffalo_sauce,9232.0,9229.0,0.0,3.0
2022-06-03,bbq_sauce,9228.0,9228.0,0.0,0.0
2022-06-03,polyneasian,9144.0,9139.0,0.0,5.0
2022-06-03,chickfala,8996.0,8991.0,0.0,5.0
2022-06-03,silverware,2198.0,2187.0,0.0,11.0
2022-06-04,fried_batter,1014.5999999999999,880.1999999999999,0.0,134.39999999999998
2022-06-04,bun,835.0,793.0,0.0,42.0
2022-06-04,chicken_patty,1449.0,1355.0,0.0,94.0
2022-06-04,pickle_chips,1980.0,1854.0,0.0,126.0
2022-06-04,lettuce,490.0,452.0,0.0,38.0
2022-06-04,tomato,490.0,452.0,0.0,38.0
2022-06-04,cheese,400.5,357.5,0.0,43.0
2022-06-04,spice,1948.0,1918.0,0.0,30.0
2022-06-04,chicken_nuggets,10151.0,9604.5,0.0,546.5
2022-06-04,chicken_strips,5790.0,5748.0,0.0,42.0
2022-06-04,flat_bread,495.5,494.5,0.0,1.0
2022-06-04,mixed_greens,829.0,756.5,0.0,72.5
2022-06-04,shredded_monterey_jack,1340.0,1325.0,0.0,15.0
2022-06-04,waffle_fries,5541.320000000017,5417.240000000017,0.0,124.08
2022-06-04,roasted_corn_kernels,496.0,487.0,0.0,9.0
2022-06-04,crumbled_bacon,496.0,487.0,0.0,9.0
2022-06-04,avacado_lime_dressing,846.0,837.0,0.0,9.0
2022-06-04,red_bell_pepers,321.0,312.0,0.0,9.0
2022-06-04,grape tomatoes,1605.0,1560.0,0.0,45.0
2022-06-04,hard_boiled_egg,583.5,574.5,0.0,9.0
2022-06-04,blue_cheese,304.0,241.0,0.0,63.0
2022-06-04,apples,304.0,241.0,0.0,63.0
2022-06-04,strawberries,304.0,241.0,0.0,63.0
2022-06-04,blueberries,304.0,241.0,0.0,63.0
2022-06-04,harvest_nut_granola,304.0,241.0,0.0,63.0
2022-06-04,zesty_apple_vinagrette,304.0,241.0,0.0,63.0
2022-06-04,chicken_tenders,4248.0,4246.0,0.0,2.0
2022-06-04,biscuit,903.0,840.0,0.0,63.0
2022-06-04,chicken_mini_bread,3640.0,3607.0,0.0,33.0
2022-06-04,butter,190.5,187.25,0.0,3.25
2022-06-04,bacon,1101.0,1089.0,0.0,12.0
2022-06-04,tortilla,436.0,431.0,0.0,5.0
2022-06-04,eggs,504.0,475.0,0.0,29.0
2022-06-04,sausage,271.0,265.0,0.0,6.0
2022-06-04,bagel,287.0,265.0,0.0,22.0
2022-06-04,oatmeal,209.0,195.0,0.0,14.0
2022-06-04,fruit,476.0,434.0,0.0,42.0
2022-06-04,cream_cheese,219.0,204.0,0.0,15.0
2022-06-04,hash_brown,768.0,758.0,0.0,10.0
2022-06-04,yogurt_parfait,201.0,195.0,0.0,6.0
2022-06-04,cinamon_cluster,167.0,157.0,0.0,10.0
2022-06-04,lemonade,7169.399999999997,7133.999999999997,0.0,35.400000000000006
2022-06-04,straw,10674.0,10471.0,0.0,203.0
2022-06-04,small_drink_cup,4052.0,4025.0,0.0,27.0
2022-06-04,medium_drink_cup,2858.0,2707.0,0.0,151.0
2022-06-04,large_drink_cup,3764.0,3739.0,0.0,25.0
2022-06-04,lemonade_diet,882.7999999999984,866.0999999999983,0.0,16.7
2022-06-04,ice_tea_unsweet,6083.599999999993,6048.799999999993,0.0,34.8
2022-06-04,ice_tea_sweet,1381.2000000000016,1359.4000000000017,0.0,21.8
2022-06-04,soft_drink,5492.60000000002,5353.60000000002,0.0,139.0
2022-06-04,dasani_water_bottle,389.0,376.0,0.0,13.0
2022-06-04,orange_juice_bottle,269.0,257.0,0.0,12.0
2022-06-04,apple_juice,247.0,230.0,0.0,17.0
2022-06-04,ice_coffee,207.5,187.75,0.0,19.75
2022-06-04,coffee,1677.0,1650.0,0.0,27.0
2022-06-04,Coffee_box,247.0,235.0,0.0,12.0
2022-06-04,milk_chocolate,366.0,352.0,0.0,14.0
2022-06-04,milk,316.0,253.0,0.0,63.0
2022-06-04,icecream,212.0,446.0,350.0,116.0
2022-06-04,vanilla_flavor,244.0,225.0,0.0,19.0
2022-06-04,cream_flavor,382.0,372.0,0.0,10.0
2022-06-04,chunk_cookie,720.0,688.0,0.0,32.0
2022-06-04,chocolate_flavor,452.0,443.0,0.0,9.0
2022-06-04,strawberry_flavor,432.0,420.0,0.0,12.0
2022-06-04,frosted_extract,422.0,413.0,0.0,9.0
2022-06-04,icecream_cone,494.0,492.0,0.0,2.0
2022-06-04,icecream_come,548.0,534.0,0.0,14.0
2022-06-04,icecream_topping,486.0,478.0,0.0,8.0
2022-06-04,to_go_bag,11242.0,11121.0,0.0,121.0
2022-06-04,napkins,14210.0,13605.0,0.0,605.0
2022-06-04,ketchup,9006.0,8996.0,0.0,10.0
2022-06-04,ranch,8928.0,8928.0,0.0,0.0
2022-06-04,buffalo_sauce,9226.0,9208.0,0.0,18.0
2022-06-04,bbq_sauce,9228.0,9221.0,0.0,7.0
2022-06-04,polyneasian,9134.0,9134.0,0.0,0.0
2022-06-04,chickfala,8986.0,8974.0,0.0,12.0
2022-06-04,silverware,2176.0,2174.0,0.0,2.0
2022-06-06,fried_batter,745.8,635.5999999999999,0.0,110.2
2022-06-06,bun,751.0,703.0,0.0,48.0
2022-06-06,chicken_patty,1261.0,1183.0,0.0,78.0
2022-06-06,pickle_chips,1728.0,1584.0,0.0,144.0
2022-06-06,lettuce,414.0,372.0,0.0,42.0
2022-06-06,tomato,414.0,372.0,0.0,42.0
2022-06-06,cheese,314.5,265.5,0.0,49.0
2022-06-06,spice,1888.0,1861.0,0.0,27.0
2022-06-06,chicken_nuggets,9058.0,8792.0,0.0,266.0
2022-06-06,chicken_strips,5706.0,5670.0,0.0,36.0
2022-06-06,flat_bread,493.5,489.5,0.0,4.0
2022-06-06,mixed_greens,684.0,631.0,0.0,53.0
2022-06-06,shredded_monterey_jack,1310.0,1288.0,0.0,22.0
2022-06-06,waffle_fries,5293.160000000017,5144.940000000017,0.0,148.22
2022-06-06,roasted_corn_kernels,478.0,471.0,0.0,7.0
2022-06-06,crumbled_bacon,478.0,471.0,0.0,7.0
2022-06-06,avacado_lime_dressing,828.0,821.0,0.0,7.0
2022-06-06,red_bell_pepers,303.0,296.0,0.0,7.0
2022-06-06,grape tomatoes,1515.0,1480.0,0.0,35.0
2022-06-06,hard_boiled_egg,565.5,558.5,0.0,7.0
2022-06-06,blue_cheese,178.0,134.0,0.0,44.0
2022-06-06,apples,178.0,134.0,0.0,44.0
2022-06-06,strawberries,178.0,134.0,0.0,44.0
2022-06-06,blueberries,178.0,134.0,0.0,44.0
2022-06-06,harvest_nut_granola,178.0,134.0,0.0,44.0
2022-06-06,zesty_apple_vinagrette,178.0,134.0,0.0,44.0
2022-06-06,chicken_tenders,4244.0,4230.0,0.0,14.0
2022-06-06,biscuit,777.0,728.0,0.0,49.0
2022-06-06,chicken_mini_bread,3574.0,3553.0,0.0,21.0
2022-06-06,butter,184.0,181.75,0.0,2.25
2022-06-06,bacon,1077.0,1053.0,0.0,24.0
2022-06-06,tortilla,426.0,415.0,0.0,11.0
2022-06-06,eggs,446.0,407.0,0.0,39.0
2022-06-06,sausage,259.0,259.0,0.0,0.0
2022-06-06,bagel,243.0,221.0,0.0,22.0
2022-06-06,oatmeal,181.0,159.0,0.0,22.0
2022-06-06,fruit,392.0,363.5,0.0,28.5
2022-06-06,cream_cheese,189.0,183.0,0.0,6.0
2022-06-06,hash_brown,748.0,736.0,0.0,12.0
2022-06-06,yogurt_parfait,189.0,176.0,0.0,13.0
2022-06-06,cinamon_cluster,147.0,141.0,0.0,6.0
2022-06-06,lemonade,7098.599999999998,7026.899999999998,0.0,71.7
2022-06-06,straw,10268.0,9989.0,0.0,279.0
2022-06-06,small_drink_cup,3998.0,3939.0,0.0,59.0
2022-06-06,medium_drink_cup,2556.0,2373.0,0.0,183.0
2022-06-06,large_drink_cup,3714.0,3677.0,0.0,37.0
2022-06-06,lemonade_diet,849.3999999999983,815.6999999999982,0.0,33.7
2022-06-06,ice_tea_unsweet,6013.999999999993,5990.499999999993,0.0,23.5
2022-06-06,ice_tea_sweet,1337.6000000000017,1285.1000000000017,0.0,52.50000000000001
2022-06-06,soft_drink,5214.60000000002,5057.30000000002,0.0,157.3
2022-06-06,dasani_water_bottle,363.0,356.0,0.0,7.0
2022-06-06,orange_juice_bottle,245.0,233.0,0.0,12.0
2022-06-06,apple_juice,213.0,208.0,0.0,5.0
2022-06-06,ice_coffee,168.0,141.75,0.0,26.25
2022-06-06,coffee,1623.0,1591.25,0.0,31.75
2022-06-06,Coffee_box,223.0,214.0,0.0,9.0
2022-06-06,milk_chocolate,338.0,326.0,0.0,12.0
2022-06-06,milk,190.0,154.0,0.0,36.0
2022-06-06,icecream,680.0,613.0,0.0,67.0
2022-06-06,vanilla_flavor,206.0,196.0,0.0,10.0
2022-06-06,cream_flavor,362.0,358.0,0.0,4.0
2022-06-06,chunk_cookie,656.0,632.0,0.0,24.0
2022-06-06,chocolate_flavor,434.0,430.0,0.0,4.0
2022-06-06,strawberry_flavor,408.0,399.0,0.0,9.0
2022-06-06,frosted_extract,404.0,400.0,0.0,4.0
2022-06-06,icecream_cone,490.0,482.0,0.0,8.0
2022-06-06,icecream_come,520.0,515.0,0.0,5.0
2022-06-06,icecream_topping,470.0,462.0,0.0,8.0
2022-06-06,to_go_bag,11000.0,10885.0,0.0,115.0
2022-06-06,napkins,13000.0,12425.0,0.0,575.0
2022-06-06,ketchup,8986.0,8974.0,0.0,12.0
2022-06-06,ranch,8928.0,8913.0,0.0,15.0
2022-06-06,buffalo_sauce,9190.0,9186.0,0.0,4.0
2022-06-06,bbq_sauce,9214.0,9214.0,0.0,0.0
2022-06-06,polyneasian,9134.0,9128.0,0.0,6.0
2022-06-06,chickfala,8962.0,8953.0,0.0,9.0
2022-06-06,silverware,2172.0,2156.0,0.0,16.0
2022-06-07,fried_batter,525.3999999999999,393.39999999999986,0.0,132.0
2022-06-07,bun,655.0,597.0,0.0,58.0
2022-06-07,chicken_patty,1105.0,1020.5,0.0,84.5
2022-06-07,pickle_chips,1440.0,1266.0,0.0,174.0
2022-06-07,lettuce,330.0,286.0,0.0,44.0
2022-06-07,tomato,330.0,286.0,0.0,44.0
2022-06-07,cheese,216.5,172.5,0.0,44.0
2022-06-07,spice,1834.0,1799.0,0.0,35.0
2022-06-07,chicken_nuggets,8526.0,8047.0,0.0,479.0
2022-06-07,chicken_strips,5634.0,5553.0,0.0,81.0
2022-06-07,flat_bread,485.5,477.5,0.0,8.0
2022-06-07,mixed_greens,578.0,530.0,0.0,48.0
2022-06-07,shredded_monterey_jack,1266.0,1249.0,0.0,17.0
2022-06-07,waffle_fries,4996.720000000017,4852.580000000016,0.0,144.14000000000001
2022-06-07,roasted_corn_kernels,464.0,457.0,0.0,7.0
2022-06-07,crumbled_bacon,464.0,457.0,0.0,7.0
2022-06-07,avacado_lime_dressing,814.0,807.0,0.0,7.0
2022-06-07,red_bell_pepers,289.0,282.0,0.0,7.0
2022-06-07,grape tomatoes,1445.0,1410.0,0.0,35.0
2022-06-07,hard_boiled_egg,551.5,544.5,0.0,7.0
2022-06-07,blue_cheese,90.0,403.0,350.0,37.0
2022-06-07,apples,90.0,403.0,350.0,37.0
2022-06-07,strawberries,90.0,403.0,350.0,37.0
2022-06-07,blueberries,90.0,403.0,350.0,37.0
2022-06-07,harvest_nut_granola,90.0,403.0,350.0,37.0
2022-06-07,zesty_apple_vinagrette,90.0,403.0,350.0,37.0
2022-06-07,chicken_tenders,4216.0,4212.0,0.0,4.0
2022-06-07,biscuit,679.0,653.0,0.0,26.0
2022-06-07,chicken_mini_bread,3532.0,3493.0,0.0,39.0
2022-06-07,butter,179.5,179.0,0.0,0.5
2022-06-07,bacon,1029.0,1023.0,0.0,6.0
2022-06-07,tortilla,404.0,402.0,0.0,2.0
2022-06-07,eggs,368.0,344.0,0.0,24.0
2022-06-07,sausage,259.0,248.0,0.0,11.0
2022-06-07,bagel,199.0,170.0,0.0,29.0
2022-06-07,oatmeal,137.0,117.0,0.0,20.0
2022-06-07,fruit,335.0,306.0,0.0,29.0
2022-06-07,cream_cheese,177.0,167.0,0.0,10.0
2022-06-07,hash_brown,724.0,708.0,0.0,16.0
2022-06-07,yogurt_parfait,163.0,157.0,0.0,6.0
2022-06-07,cinamon_cluster,135.0,127.0,0.0,8.0
2022-06-07,lemonade,6955.199999999998,6863.799999999998,0.0,91.4
2022-06-07,straw,9710.0,9422.0,0.0,288.0
2022-06-07,small_drink_cup,3880.0,3823.0,0.0,57.0
2022-06-07,medium_drink_cup,2190.0,1998.0,0.0,192.0
2022-06-07,large_drink_cup,3640.0,3601.0,0.0,39.0
2022-06-07,lemonade_diet,781.9999999999982,748.4999999999982,0.0,33.5
2022-06-07,ice_tea_unsweet,5966.999999999993,5935.999999999993,0.0,31.0
2022-06-07,ice_tea_sweet,1232.6000000000017,1163.3000000000018,0.0,69.30000000000001
2022-06-07,soft_drink,4900.00000000002,4743.10000000002,0.0,156.9
2022-06-07,dasani_water_bottle,349.0,348.0,0.0,1.0
2022-06-07,orange_juice_bottle,221.0,218.0,0.0,3.0
2022-06-07,apple_juice,203.0,202.0,0.0,1.0
2022-06-07,ice_coffee,115.5,447.75,350.0,17.75
2022-06-07,coffee,1559.5,1545.25,0.0,14.25
2022-06-07,Coffee_box,205.0,204.0,0.0,1.0
2022-06-07,milk_chocolate,314.0,311.0,0.0,3.0
2022-06-07,milk,118.0,431.0,350.0,37.0
2022-06-07,icecream,546.0,453.0,0.0,93.0
2022-06-07,vanilla_flavor,186.0,185.0,0.0,1.0
2022-06-07,cream_flavor,354.0,339.0,0.0,15.0
2022-06-07,chunk_cookie,608.0,536.5,0.0,71.5
2022-06-07,chocolate_flavor,426.0,419.0,0.0,7.0
2022-06-07,strawberry_flavor,390.0,378.0,0.0,12.0
2022-06-07,frosted_extract,396.0,385.0,0.0,11.0
2022-06-07,icecream_cone,474.0,463.0,0.0,11.0
2022-06-07,icecream_come,510.0,498.0,0.0,12.0
2022-06-07,icecream_topping,454.0,447.0,0.0,7.0
2022-06-07,to_go_bag,10770.0,10649.0,0.0,121.0
2022-06-07,napkins,11850.0,11245.0,0.0,605.0
2022-06-07,ketchup,8962.0,8955.0,0.0,7.0
2022-06-07,ranch,8898.0,8888.0,0.0,10.0
2022-06-07,buffalo_sauce,9182.0,9172.0,0.0,10.0
2022-06-07,bbq_sauce,9214.0,9205.0,0.0,9.0
2022-06-07,polyneasian,9122.0,9106.0,0.0,16.0
2022-06-07,chickfala,8944.0,8926.0,0.0,18.0
2022-06-07,silverware,2140.0,2140.0,0.0,0.0
2022-06-08,fried_batter,261.39999999999986,643.3999999999999,525.0,143.0
2022-06-08,bun,539.0,495.0,0.0,44.0
2022-06-08,chicken_patty,936.0,847.0,0.0,89.0
2022-06-08,pickle_chips,1092.0,960.0,0.0,132.0
2022-06-08,lettuce,242.0,180.0,0.0,62.0
2022-06-08,tomato,242.0,180.0,0.0,62.0
2022-06-08,cheese,128.5,333.0,262.5,58.0
2022-06-08,spice,1764.0,1742.0,0.0,22.0
2022-06-08,chicken_nuggets,7568.0,7200.5,0.0,367.5
2022-06-08,chicken_strips,5472.0,5384.0,0.0,88.0
2022-06-08,flat_bread,469.5,458.5,0.0,11.0
2022-06-08,mixed_greens,482.0,406.5,0.0,75.5
2022-06-08,shredded_monterey_jack,1232.0,1210.0,0.0,22.0
2022-06-08,waffle_fries,4708.440000000016,4581.180000000016,0.0,127.25999999999999
2022-06-08,roasted_corn_kernels,450.0,439.0,0.0,11.0
2022-06-08,crumbled_bacon,450.0,439.0,0.0,11.0
2022-06-08,avacado_lime_dressing,800.0,789.0,0.0,11.0
2022-06-08,red_bell_pepers,275.0,264.0,0.0,11.0
2022-06-08,grape tomatoes,1375.0,1320.0,0.0,55.0
2022-06-08,hard_boiled_egg,537.5,526.5,0.0,11.0
2022-06-08,blue_cheese,716.0,657.0,0.0,59.0
2022-06-08,apples,716.0,657.0,0.0,59.0
2022-06-08,strawberries,716.0,657.0,0.0,59.0
2022-06-08,blueberries,716.0,657.0,0.0,59.0
2022-06-08,harvest_nut_granola,716.0,657.0,0.0,59.0
2022-06-08,zesty_apple_vinagrette,716.0,657.0,0.0,59.0
2022-06-08,chicken_tenders,4208.0,4190.0,0.0,18.0
2022-06-08,biscuit,627.0,588.0,0.0,39.0
2022-06-08,chicken_mini_bread,3454.0,3430.0,0.0,24.0
2022-06-08,butter,178.5,176.25,0.0,2.25
2022-06-08,bacon,1017.0,1012.0,0.0,5.0
2022-06-08,tortilla,400.0,400.0,0.0,0.0
2022-06-08,eggs,320.0,293.0,0.0,27.0
2022-06-08,sausage,237.0,228.0,0.0,9.0
2022-06-08,bagel,141.0,105.0,0.0,36.0
2022-06-08,oatmeal,97.0,87.0,0.0,10.0
2022-06-08,fruit,277.0,258.0,0.0,19.0
2022-06-08,cream_cheese,157.0,144.0,0.0,13.0
2022-06-08,hash_brown,692.0,682.0,0.0,10.0
2022-06-08,yogurt_parfait,151.0,144.0,0.0,7.0
2022-06-08,cinamon_cluster,119.0,112.0,0.0,7.0
2022-06-08,lemonade,6772.399999999999,6705.999999999999,0.0,66.4
2022-06-08,straw,9134.0,8932.0,0.0,202.0
2022-06-08,small_drink_cup,3766.0,3746.0,0.0,20.0
2022-06-08,medium_drink_cup,1806.0,1666.0,0.0,140.0
2022-06-08,large_drink_cup,3562.0,3520.0,0.0,42.0
2022-06-08,lemonade_diet,714.9999999999982,692.5999999999982,0.0,22.400000000000002
2022-06-08,ice_tea_unsweet,5904.999999999993,5893.799999999993,0.0,11.200000000000001
2022-06-08,ice_tea_sweet,1094.0000000000018,1035.900000000002,0.0,58.1
2022-06-08,soft_drink,4586.200000000021,4454.900000000021,0.0,131.3
2022-06-08,dasani_water_bottle,347.0,339.0,0.0,8.0
2022-06-08,orange_juice_bottle,215.0,200.0,0.0,15.0
2022-06-08,apple_juice,201.0,199.0,0.0,2.0
2022-06-08,ice_coffee,780.0,769.0,0.0,11.0
2022-06-08,coffee,1531.0,1506.5,0.0,24.5
2022-06-08,Coffee_box,203.0,195.0,0.0,8.0
2022-06-08,milk_chocolate,308.0,296.0,0.0,12.0
2022-06-08,milk,744.0,711.0,0.0,33.0
2022-06-08,icecream,360.0,295.0,0.0,65.0
2022-06-08,vanilla_flavor,184.0,175.0,0.0,9.0
2022-06-08,cream_flavor,324.0,317.0,0.0,7.0
2022-06-08,chunk_cookie,465.0,393.5,0.0,71.5
2022-06-08,chocolate_flavor,412.0,406.0,0.0,6.0
2022-06-08,strawberry_flavor,366.0,358.0,0.0,8.0
2022-06-08,frosted_extract,374.0,373.0,0.0,1.0
2022-06-08,icecream_cone,452.0,451.0,0.0,1.0
2022-06-08,icecream_come,486.0,482.0,0.0,4.0
2022-06-08,icecream_topping,440.0,437.0,0.0,3.0
2022-06-08,to_go_bag,10528.0,10416.0,0.0,112.0
2022-06-08,napkins,10640.0,10080.0,0.0,560.0
2022-06-08,ketchup,8948.0,8943.0,0.0,5.0
2022-06-08,ranch,8878.0,8872.0,0.0,6.0
2022-06-08,buffalo_sauce,9162.0,9157.0,0.0,5.0
2022-06-08,bbq_sauce,9196.0,9187.0,0.0,9.0
2022-06-08,polyneasian,9090.0,9082.0,0.0,8.0
2022-06-08,chickfala,8908.0,8899.0,0.0,9.0
2022-06-08,silverware,2140.0,2138.0,0.0,2.0
2022-06-09,fried_batter,1025.3999999999999,894.7999999999998,0.0,130.6
2022-06-09,bun,451.0,404.0,0.0,47.0
2022-06-09,chicken_patty,758.0,664.5,0.0,93.5
2022-06-09,pickle_chips,828.0,687.0,0.0,141.0
2022-06-09,lettuce,118.0,418.0,350.0,50.0
2022-06-09,tomato,118.0,418.0,350.0,50.0
2022-06-09,cheese,537.5,489.5,0.0,48.0
2022-06-09,spice,1720.0,1690.0,0.0,30.0
2022-06-09,chicken_nuggets,6833.0,6496.5,0.0,336.5
2022-06-09,chicken_strips,5296.0,5239.0,0.0,57.0
2022-06-09,flat_bread,447.5,442.5,0.0,5.0
2022-06-09,mixed_greens,331.0,270.5,0.0,60.5
2022-06-09,shredded_monterey_jack,1188.0,1166.0,0.0,22.0
2022-06-09,waffle_fries,4453.9200000000155,4301.280000000015,0.0,152.64
2022-06-09,roasted_corn_kernels,428.0,413.0,0.0,15.0
2022-06-09,crumbled_bacon,428.0,413.0,0.0,15.0
2022-06-09,avacado_lime_dressing,778.0,763.0,0.0,15.0
2022-06-09,red_bell_pepers,253.0,238.0,0.0,15.0
2022-06-09,grape tomatoes,1265.0,1190.0,0.0,75.0
2022-06-09,hard_boiled_egg,515.5,500.5,0.0,15.0
2022-06-09,blue_cheese,598.0,555.0,0.0,43.0
2022-06-09,apples,598.0,555.0,0.0,43.0
2022-06-09,strawberries,598.0,555.0,0.0,43.0
2022-06-09,blueberries,598.0,555.0,0.0,43.0
2022-06-09,harvest_nut_granola,598.0,555.0,0.0,43.0
2022-06-09,zesty_apple_vinagrette,598.0,555.0,0.0,43.0
2022-06-09,chicken_tenders,4172.0,4146.0,0.0,26.0
2022-06-09,biscuit,549.0,498.0,0.0,51.0
2022-06-09,chicken_mini_bread,3406.0,3355.0,0.0,51.0
2022-06-09,butter,174.0,168.5,0.0,5.5
2022-06-09,bacon,1007.0,1005.0,0.0,2.0
2022-06-09,tortilla,400.0,398.0,0.0,2.0
2022-06-09,eggs,266.0,241.0,0.0,25.0
2022-06-09,sausage,219.0,215.0,0.0,4.0
2022-06-09,bagel,69.0,218.0,175.0,26.0
2022-06-09,oatmeal,77.0,61.0,0.0,16.0
2022-06-09,fruit,239.0,214.5,0.0,24.5
2022-06-09,cream_cheese,131.0,127.0,0.0,4.0
2022-06-09,hash_brown,672.0,655.0,0.0,17.0
2022-06-09,yogurt_parfait,137.0,137.0,0.0,0.0
2022-06-09,cinamon_cluster,105.0,97.0,0.0,8.0
2022-06-09,lemonade,6639.599999999999,6603.099999999999,0.0,36.5
2022-06-09,straw,8730.0,8477.0,0.0,253.0
2022-06-09,small_drink_cup,3726.0,3676.0,0.0,50.0
2022-06-09,medium_drink_cup,1526.0,1360.0,0.0,166.0
2022-06-09,large_drink_cup,3478.0,3441.0,0.0,37.0
2022-06-09,lemonade_diet,670.1999999999982,636.7999999999982,0.0,33.4
2022-06-09,ice_tea_unsweet,5882.599999999993,5859.799999999993,0.0,22.800000000000004
2022-06-09,ice_tea_sweet,977.8000000000019,4405.100000000002,3500.0,72.69999999999999
2022-06-09,soft_drink,4323.60000000002,4174.80000000002,0.0,148.8
2022-06-09,dasani_water_bottle,331.0,327.0,0.0,4.0
2022-06-09,orange_juice_bottle,185.0,180.0,0.0,5.0
2022-06-09,apple_juice,197.0,192.0,0.0,5.0
2022-06-09,ice_coffee,758.0,739.0,0.0,19.0
2022-06-09,coffee,1482.0,1450.75,0.0,31.25
2022-06-09,Coffee_box,187.0,180.0,0.0,7.0
2022-06-09,milk_chocolate,284.0,264.0,0.0,20.0
2022-06-09,milk,678.0,641.0,0.0,37.0
2022-06-09,icecream,230.0,162.0,0.0,68.0
2022-06-09,vanilla_flavor,166.0,159.0,0.0,7.0
2022-06-09,cream_flavor,310.0,304.0,0.0,6.0
2022-06-09,chunk_cookie,322.0,290.0,0.0,32.0
2022-06-09,chocolate_flavor,400.0,395.0,0.0,5.0
2022-06-09,strawberry_flavor,350.0,341.0,0.0,9.0
2022-06-09,frosted_extract,372.0,366.0,0.0,6.0
2022-06-09,icecream_cone,450.0,448.0,0.0,2.0
2022-06-09,icecream_come,478.0,466.0,0.0,12.0
2022-06-09,icecream_topping,434.0,430.0,0.0,4.0
2022-06-09,to_go_bag,10304.0,10182.0,0.0,122.0
2022-06-09,napkins,9520.0,8910.0,0.0,610.0
2022-06-09,ketchup,8938.0,8925.0,0.0,13.0
2022-06-09,ranch,8866.0,8865.0,0.0,1.0
2022-06-09,buffalo_sauce,9152.0,9146.0,0.0,6.0
2022-06-09,bbq_sauce,9178.0,9173.0,0.0,5.0
2022-06-09,polyneasian,9074.0,9064.0,0.0,10.0
2022-06-09,chickfala,8890.0,8887.0,0.0,3.0
2022-06-09,silverware,2136.0,2129.0,0.0,7.0
2022-06-10,fried_batter,764.1999999999998,644.3999999999999,0.0,119.8
2022-06-10,bun,357.0,329.0,0.0,28.0
2022-06-10,chicken_patty,571.0,510.0,0.0,61.0
2022-06-10,pickle_chips,546.0,2212.0,1750.0,84.0
2022-06-10,lettuce,718.0,694.0,0.0,24.0
2022-06-10,tomato,718.0,694.0,0.0,24.0
2022-06-10,cheese,441.5,394.5,0.0,47.0
2022-06-10,spice,1660.0,1630.0,0.0,30.0
2022-06-10,chicken_nuggets,6160.0,5743.5,0.0,416.5
2022-06-10,chicken_strips,5182.0,5148.0,0.0,34.0
2022-06-10,flat_bread,437.5,430.5,0.0,7.0
2022-06-10,mixed_greens,210.0,856.5,700.0,53.5
2022-06-10,shredded_monterey_jack,1144.0,1123.0,0.0,21.0
2022-06-10,waffle_fries,4148.640000000015,4004.8000000000147,0.0,143.84
2022-06-10,roasted_corn_kernels,398.0,393.0,0.0,5.0
2022-06-10,crumbled_bacon,398.0,393.0,0.0,5.0
2022-06-10,avacado_lime_dressing,748.0,743.0,0.0,5.0
2022-06-10,red_bell_pepers,223.0,218.0,0.0,5.0
2022-06-10,grape tomatoes,1115.0,1090.0,0.0,25.0
2022-06-10,hard_boiled_egg,485.5,480.5,0.0,5.0
2022-06-10,blue_cheese,512.0,467.0,0.0,45.0
2022-06-10,apples,512.0,467.0,0.0,45.0
2022-06-10,strawberries,512.0,467.0,0.0,45.0
2022-06-10,blueberries,512.0,467.0,0.0,45.0
2022-06-10,harvest_nut_granola,512.0,467.0,0.0,45.0
2022-06-10,zesty_apple_vinagrette,512.0,467.0,0.0,45.0
2022-06-10,chicken_tenders,4120.0,4104.0,0.0,16.0
2022-06-10,biscuit,447.0,384.0,0.0,63.0
2022-06-10,chicken_mini_bread,3304.0,3238.0,0.0,66.0
2022-06-10,butter,163.0,159.25,0.0,3.75
2022-06-10,bacon,1003.0,980.0,0.0,23.0
2022-06-10,tortilla,396.0,387.0,0.0,9.0
2022-06-10,eggs,216.0,172.0,0.0,44.0
2022-06-10,sausage,211.0,204.0,0.0,7.0
2022-06-10,bagel,367.0,346.0,0.0,21.0
2022-06-10,oatmeal,45.0,205.0,175.0,15.0
2022-06-10,fruit,190.0,162.0,0.0,28.0
2022-06-10,cream_cheese,123.0,118.0,0.0,5.0
2022-06-10,hash_brown,638.0,636.0,0.0,2.0
2022-06-10,yogurt_parfait,137.0,129.0,0.0,8.0
2022-06-10,cinamon_cluster,89.0,80.0,0.0,9.0
2022-06-10,lemonade,6566.599999999999,6485.299999999999,0.0,81.30000000000001
2022-06-10,straw,8224.0,7979.0,0.0,245.0
2022-06-10,small_drink_cup,3626.0,3581.0,0.0,45.0
2022-06-10,medium_drink_cup,1194.0,1023.0,0.0,171.0
2022-06-10,large_drink_cup,3404.0,3375.0,0.0,29.0
2022-06-10,lemonade_diet,603.3999999999983,585.2999999999982,0.0,18.099999999999998
2022-06-10,ice_tea_unsweet,5836.999999999993,5816.299999999993,0.0,20.700000000000003
2022-06-10,ice_tea_sweet,7832.400000000002,7804.700000000003,0.0,27.700000000000003
2022-06-10,soft_drink,4026.00000000002,3868.30000000002,0.0,157.70000000000002
2022-06-10,dasani_water_bottle,323.0,323.0,0.0,0.0
2022-06-10,orange_juice_bottle,175.0,172.0,0.0,3.0
2022-06-10,apple_juice,187.0,178.0,0.0,9.0
2022-06-10,ice_coffee,720.0,711.0,0.0,9.0
2022-06-10,coffee,1419.5,1391.5,0.0,28.0
2022-06-10,Coffee_box,173.0,162.0,0.0,11.0
2022-06-10,milk_chocolate,244.0,234.0,0.0,10.0
2022-06-10,milk,604.0,571.0,0.0,33.0
2022-06-10,icecream,94.0,384.0,350.0,60.0
2022-06-10,vanilla_flavor,152.0,145.0,0.0,7.0
2022-06-10,cream_flavor,298.0,298.0,0.0,0.0
2022-06-10,chunk_cookie,258.0,227.0,0.0,31.0
2022-06-10,chocolate_flavor,390.0,382.0,0.0,8.0
2022-06-10,strawberry_flavor,332.0,326.0,0.0,6.0
2022-06-10,frosted_extract,360.0,345.0,0.0,15.0
2022-06-10,icecream_cone,446.0,433.0,0.0,13.0
2022-06-10,icecream_come,454.0,449.0,0.0,5.0
2022-06-10,icecream_topping,426.0,421.0,0.0,5.0
2022-06-10,to_go_bag,10060.0,9940.0,0.0,120.0
2022-06-10,napkins,8300.0,7700.0,0.0,600.0
2022-06-10,ketchup,8912.0,8909.0,0.0,3.0
2022-06-10,ranch,8864.0,8856.0,0.0,8.0
2022-06-10,buffalo_sauce,9140.0,9127.0,0.0,13.0
2022-06-10,bbq_sauce,9168.0,9160.0,0.0,8.0
2022-06-10,polyneasian,9054.0,9030.0,0.0,24.0
2022-06-10,chickfala,8884.0,8871.0,0.0,13.0
2022-06-10,silverware,2122.0,2112.0,0.0,10.0
2022-06-11,fried_batter,524.5999999999999,370.79999999999995,0.0,153.79999999999998
2022-06-11,bun,301.0,252.0,0.0,49.0
2022-06-11,chicken_patty,449.0,356.0,0.0,93.0
2022-06-11,pickle_chips,3878.0,3731.0,0.0,147.0
2022-06-11,lettuce,670.0,626.0,0.0,44.0
2022-06-11,tomato,670.0,626.0,0.0,44.0
2022-06-11,cheese,347.5,302.5,0.0,45.0
2022-06-11,spice,1600.0,1569.0,0.0,31.0
2022-06-11,chicken_nuggets,5327.0,4789.0,0.0,538.0
2022-06-11,chicken_strips,5114.0,5066.0,0.0,48.0
2022-06-11,flat_bread,423.5,407.5,0.0,16.0
2022-06-11,mixed_greens,1503.0,1446.0,0.0,57.0
2022-06-11,shredded_monterey_jack,1102.0,1065.0,0.0,37.0
2022-06-11,waffle_fries,3860.9600000000146,3739.4200000000146,0.0,121.54
2022-06-11,roasted_corn_kernels,388.0,381.0,0.0,7.0
2022-06-11,crumbled_bacon,388.0,381.0,0.0,7.0
2022-06-11,avacado_lime_dressing,738.0,731.0,0.0,7.0
2022-06-11,red_bell_pepers,213.0,206.0,0.0,7.0
2022-06-11,grape tomatoes,1065.0,1030.0,0.0,35.0
2022-06-11,hard_boiled_egg,475.5,468.5,0.0,7.0
2022-06-11,blue_cheese,422.0,380.0,0.0,42.0
2022-06-11,apples,422.0,380.0,0.0,42.0
2022-06-11,strawberries,422.0,380.0,0.0,42.0
2022-06-11,blueberries,422.0,380.0,0.0,42.0
2022-06-11,harvest_nut_granola,422.0,380.0,0.0,42.0
2022-06-11,zesty_apple_vinagrette,422.0,380.0,0.0,42.0
2022-06-11,chicken_tenders,4088.0,4074.0,0.0,14.0
2022-06-11,biscuit,321.0,297.0,0.0,24.0
2022-06-11,chicken_mini_bread,3172.0,3109.0,0.0,63.0
2022-06-11,butter,155.5,154.0,0.0,1.5
2022-06-11,bacon,957.0,951.0,0.0,6.0
2022-06-11,tortilla,378.0,364.0,0.0,14.0
2022-06-11,eggs,128.0,441.0,350.0,37.0
2022-06-11,sausage,197.0,197.0,0.0,0.0
2022-06-11,bagel,325.0,289.0,0.0,36.0
2022-06-11,oatmeal,365.0,343.0,0.0,22.0
2022-06-11,fruit,134.0,449.5,350.0,34.5
2022-06-11,cream_cheese,113.0,100.0,0.0,13.0
2022-06-11,hash_brown,634.0,628.0,0.0,6.0
2022-06-11,yogurt_parfait,121.0,109.0,0.0,12.0
2022-06-11,cinamon_cluster,71.0,60.0,0.0,11.0
2022-06-11,lemonade,6403.999999999999,6359.499999999999,0.0,44.5
2022-06-11,straw,7734.0,7517.0,0.0,217.0
2022-06-11,small_drink_cup,3536.0,3508.0,0.0,28.0
2022-06-11,medium_drink_cup,852.0,4205.0,3500.0,147.0
2022-06-11,large_drink_cup,3346.0,3304.0,0.0,42.0
2022-06-11,lemonade_diet,567.1999999999982,543.1999999999982,0.0,24.0
2022-06-11,ice_tea_unsweet,5795.599999999993,5773.099999999993,0.0,22.5
2022-06-11,ice_tea_sweet,7777.000000000003,7728.500000000003,0.0,48.50000000000001
2022-06-11,soft_drink,3710.6000000000204,3569.7000000000203,0.0,140.9
2022-06-11,dasani_water_bottle,323.0,317.0,0.0,6.0
2022-06-11,orange_juice_bottle,169.0,157.0,0.0,12.0
2022-06-11,apple_juice,169.0,166.0,0.0,3.0
2022-06-11,ice_coffee,702.0,691.0,0.0,11.0
2022-06-11,coffee,1363.5,1346.75,0.0,16.75
2022-06-11,Coffee_box,151.0,145.0,0.0,6.0
2022-06-11,milk_chocolate,224.0,213.0,0.0,11.0
2022-06-11,milk,538.0,490.0,0.0,48.0
2022-06-11,icecream,674.0,582.0,0.0,92.0
2022-06-11,vanilla_flavor,138.0,125.0,0.0,13.0
2022-06-11,cream_flavor,298.0,287.0,0.0,11.0
2022-06-11,chunk_cookie,196.0,113.5,0.0,82.5
2022-06-11,chocolate_flavor,374.0,365.0,0.0,9.0
2022-06-11,strawberry_flavor,320.0,311.0,0.0,9.0
2022-06-11,frosted_extract,330.0,325.0,0.0,5.0
2022-06-11,icecream_cone,420.0,412.0,0.0,8.0
2022-06-11,icecream_come,444.0,444.0,0.0,0.0
2022-06-11,icecream_topping,416.0,408.0,0.0,8.0
2022-06-11,to_go_bag,9820.0,9699.0,0.0,121.0
2022-06-11,napkins,7100.0,6495.0,0.0,605.0
2022-06-11,ketchup,8906.0,8893.0,0.0,13.0
2022-06-11,ranch,8848.0,8827.0,0.0,21.0
2022-06-11,buffalo_sauce,9114.0,9100.0,0.0,14.0
2022-06-11,bbq_sauce,9152.0,9147.0,0.0,5.0
2022-06-11,polyneasian,9006.0,8993.0,0.0,13.0
2022-06-11,chickfala,8858.0,8845.0,0.0,13.0
2022-06-11,silverware,2102.0,2101.0,0.0,1.0
2022-06-13,fried_batter,216.99999999999997,621.2,525.0,120.8
2022-06-13,bun,203.0,168.0,0.0,35.0
2022-06-13,chicken_patty,263.0,201.0,0.0,62.0
2022-06-13,pickle_chips,3584.0,3479.0,0.0,105.0
2022-06-13,lettuce,582.0,560.0,0.0,22.0
2022-06-13,tomato,582.0,560.0,0.0,22.0
2022-06-13,cheese,257.5,241.5,0.0,16.0
2022-06-13,spice,1538.0,1516.0,0.0,22.0
2022-06-13,chicken_nuggets,4251.0,3654.5,0.0,596.5
2022-06-13,chicken_strips,5018.0,4980.0,0.0,38.0
2022-06-13,flat_bread,391.5,386.5,0.0,5.0
2022-06-13,mixed_greens,1389.0,1316.5,0.0,72.5
2022-06-13,shredded_monterey_jack,1028.0,1015.0,0.0,13.0
2022-06-13,waffle_fries,3617.8800000000147,3471.9800000000146,0.0,145.90000000000003
2022-06-13,roasted_corn_kernels,374.0,374.0,0.0,0.0
2022-06-13,crumbled_bacon,374.0,374.0,0.0,0.0
2022-06-13,avacado_lime_dressing,724.0,724.0,0.0,0.0
2022-06-13,red_bell_pepers,199.0,199.0,0.0,0.0
2022-06-13,grape tomatoes,995.0,995.0,0.0,0.0
2022-06-13,hard_boiled_egg,461.5,461.5,0.0,0.0
2022-06-13,blue_cheese,338.0,268.0,0.0,70.0
2022-06-13,apples,338.0,268.0,0.0,70.0
2022-06-13,strawberries,338.0,268.0,0.0,70.0
2022-06-13,blueberries,338.0,268.0,0.0,70.0
2022-06-13,harvest_nut_granola,338.0,268.0,0.0,70.0
2022-06-13,zesty_apple_vinagrette,338.0,268.0,0.0,70.0
2022-06-13,chicken_tenders,4060.0,4052.0,0.0,8.0
2022-06-13,biscuit,273.0,265.0,0.0,8.0
2022-06-13,chicken_mini_bread,3046.0,2995.0,0.0,51.0
2022-06-13,butter,152.5,151.5,0.0,1.0
2022-06-13,bacon,945.0,944.0,0.0,1.0
2022-06-13,tortilla,350.0,342.0,0.0,8.0
2022-06-13,eggs,754.0,741.0,0.0,13.0
2022-06-13,sausage,197.0,196.0,0.0,1.0
2022-06-13,bagel,253.0,241.0,0.0,12.0
2022-06-13,oatmeal,321.0,305.0,0.0,16.0
2022-06-13,fruit,765.0,744.0,0.0,21.0
2022-06-13,cream_cheese,87.0,84.0,0.0,3.0
2022-06-13,hash_brown,622.0,615.0,0.0,7.0
2022-06-13,yogurt_parfait,97.0,91.0,0.0,6.0
2022-06-13,cinamon_cluster,49.0,218.0,175.0,6.0
2022-06-13,lemonade,6314.999999999999,6225.799999999999,0.0,89.2
2022-06-13,straw,7300.0,7065.0,0.0,235.0
2022-06-13,small_drink_cup,3480.0,3433.0,0.0,47.0
2022-06-13,medium_drink_cup,7558.0,7409.0,0.0,149.0
2022-06-13,large_drink_cup,3262.0,3223.0,0.0,39.0
2022-06-13,lemonade_diet,519.1999999999982,2246.099999999998,1750.0,23.1
2022-06-13,ice_tea_unsweet,5750.599999999993,5736.599999999993,0.0,14.0
2022-06-13,ice_tea_sweet,7680.000000000003,7655.000000000003,0.0,25.0
2022-06-13,soft_drink,3428.80000000002,3284.6000000000204,0.0,144.2
2022-06-13,dasani_water_bottle,311.0,302.0,0.0,9.0
2022-06-13,orange_juice_bottle,145.0,653.0,525.0,17.0
2022-06-13,apple_juice,163.0,161.0,0.0,2.0
2022-06-13,ice_coffee,680.0,665.5,0.0,14.5
2022-06-13,coffee,1330.0,1304.0,0.0,26.0
2022-06-13,Coffee_box,139.0,135.0,0.0,4.0
2022-06-13,milk_chocolate,202.0,194.0,0.0,8.0
2022-06-13,milk,442.0,411.0,0.0,31.0
2022-06-13,icecream,490.0,435.0,0.0,55.0
2022-06-13,vanilla_flavor,112.0,105.0,0.0,7.0
2022-06-13,cream_flavor,276.0,270.0,0.0,6.0
2022-06-13,chunk_cookie,31.0,318.0,350.0,63.0
2022-06-13,chocolate_flavor,356.0,351.0,0.0,5.0
2022-06-13,strawberry_flavor,302.0,300.0,0.0,2.0
2022-06-13,frosted_extract,320.0,320.0,0.0,0.0
2022-06-13,icecream_cone,404.0,392.0,0.0,12.0
2022-06-13,icecream_come,444.0,441.0,0.0,3.0
2022-06-13,icecream_topping,400.0,391.0,0.0,9.0
2022-06-13,to_go_bag,9578.0,9471.0,0.0,107.0
2022-06-13,napkins,5890.0,5355.0,0.0,535.0
2022-06-13,ketchup,8880.0,8870.0,0.0,10.0
2022-06-13,ranch,8806.0,8801.0,0.0,5.0
2022-06-13,buffalo_sauce,9086.0,9085.0,0.0,1.0
2022-06-13,bbq_sauce,9142.0,9133.0,0.0,9.0
2022-06-13,polyneasian,8980.0,8980.0,0.0,0.0
2022-06-13,chickfala,8832.0,8824.0,0.0,8.0
2022-06-13,silverware,2100.0,2089.0,0.0,11.0
2022-06-14,fried_batter,1025.4,863.2,0.0,162.2
2022-06-14,bun,133.0,592.0,525.0,66.0
2022-06-14,chicken_patty,139.0,738.0,700.0,101.0
2022-06-14,pickle_chips,3374.0,3176.0,0.0,198.0
2022-06-14,lettuce,538.0,458.0,0.0,80.0
2022-06-14,tomato,538.0,458.0,0.0,80.0
2022-06-14,cheese,225.5,161.5,0.0,64.0
2022-06-14,spice,1494.0,1469.0,0.0,25.0
2022-06-14,chicken_nuggets,3058.0,2709.5,0.0,348.5
2022-06-14,chicken_strips,4942.0,4901.0,0.0,41.0
2022-06-14,flat_bread,381.5,376.5,0.0,5.0
2022-06-14,mixed_greens,1244.0,1184.5,0.0,59.5
2022-06-14,shredded_monterey_jack,1002.0,982.0,0.0,20.0
2022-06-14,waffle_fries,3326.0800000000145,3193.4200000000146,0.0,132.66000000000003
2022-06-14,roasted_corn_kernels,374.0,370.0,0.0,4.0
2022-06-14,crumbled_bacon,374.0,370.0,0.0,4.0
2022-06-14,avacado_lime_dressing,724.0,720.0,0.0,4.0
2022-06-14,red_bell_pepers,199.0,195.0,0.0,4.0
2022-06-14,grape tomatoes,995.0,975.0,0.0,20.0
2022-06-14,hard_boiled_egg,461.5,457.5,0.0,4.0
2022-06-14,blue_cheese,198.0,145.0,0.0,53.0
2022-06-14,apples,198.0,145.0,0.0,53.0
2022-06-14,strawberries,198.0,145.0,0.0,53.0
2022-06-14,blueberries,198.0,145.0,0.0,53.0
2022-06-14,harvest_nut_granola,198.0,145.0,0.0,53.0
2022-06-14,zesty_apple_vinagrette,198.0,145.0,0.0,53.0
2022-06-14,chicken_tenders,4044.0,4028.0,0.0,16.0
2022-06-14,biscuit,257.0,236.0,0.0,21.0
2022-06-14,chicken_mini_bread,2944.0,2884.0,0.0,60.0
2022-06-14,butter,150.5,674.75,525.0,0.75
2022-06-14,bacon,943.0,934.0,0.0,9.0
2022-06-14,tortilla,334.0,323.0,0.0,11.0
2022-06-14,eggs,728.0,693.0,0.0,35.0
2022-06-14,sausage,195.0,194.0,0.0,1.0
2022-06-14,bagel,229.0,199.0,0.0,30.0
2022-06-14,oatmeal,289.0,275.0,0.0,14.0
2022-06-14,fruit,723.0,703.0,0.0,20.0
2022-06-14,cream_cheese,81.0,67.0,0.0,14.0
2022-06-14,hash_brown,608.0,607.0,0.0,1.0
2022-06-14,yogurt_parfait,85.0,72.0,0.0,13.0
2022-06-14,cinamon_cluster,387.0,377.0,0.0,10.0
2022-06-14,lemonade,6136.599999999999,6087.299999999999,0.0,49.300000000000004
2022-06-14,straw,6830.0,6566.0,0.0,264.0
2022-06-14,small_drink_cup,3386.0,3343.0,0.0,43.0
2022-06-14,medium_drink_cup,7260.0,7106.0,0.0,154.0
2022-06-14,large_drink_cup,3184.0,3117.0,0.0,67.0
2022-06-14,lemonade_diet,3972.999999999998,3933.7999999999984,0.0,39.2
2022-06-14,ice_tea_unsweet,5722.599999999993,5697.199999999993,0.0,25.4
2022-06-14,ice_tea_sweet,7630.000000000003,7566.200000000003,0.0,63.80000000000001
2022-06-14,soft_drink,3140.4000000000206,13469.80000000002,10500.0,170.6
2022-06-14,dasani_water_bottle,293.0,291.0,0.0,2.0
2022-06-14,orange_juice_bottle,1161.0,1145.0,0.0,16.0
2022-06-14,apple_juice,159.0,152.0,0.0,7.0
2022-06-14,ice_coffee,651.0,639.25,0.0,11.75
2022-06-14,coffee,1278.0,1260.0,0.0,18.0
2022-06-14,Coffee_box,131.0,123.0,0.0,8.0
2022-06-14,milk_chocolate,186.0,176.0,0.0,10.0
2022-06-14,milk,380.0,322.0,0.0,58.0
2022-06-14,icecream,380.0,244.0,0.0,136.0
2022-06-14,vanilla_flavor,98.0,430.0,350.0,18.0
2022-06-14,cream_flavor,264.0,255.0,0.0,9.0
2022-06-14,chunk_cookie,605.0,568.5,0.0,36.5
2022-06-14,chocolate_flavor,346.0,329.0,0.0,17.0
2022-06-14,strawberry_flavor,298.0,287.0,0.0,11.0
2022-06-14,frosted_extract,320.0,311.0,0.0,9.0
2022-06-14,icecream_cone,380.0,358.0,0.0,22.0
2022-06-14,icecream_come,438.0,434.0,0.0,4.0
2022-06-14,icecream_topping,382.0,377.0,0.0,5.0
2022-06-14,to_go_bag,9364.0,9244.0,0.0,120.0
2022-06-14,napkins,4820.0,4220.0,0.0,600.0
2022-06-14,ketchup,8860.0,8848.0,0.0,12.0
2022-06-14,ranch,8796.0,8787.0,0.0,9.0
2022-06-14,buffalo_sauce,9084.0,9073.0,0.0,11.0
2022-06-14,bbq_sauce,9124.0,9113.0,0.0,11.0
2022-06-14,polyneasian,8980.0,8969.0,0.0,11.0
2022-06-14,chickfala,8816.0,8810.0,0.0,6.0
2022-06-14,silverware,2078.0,2072.0,0.0,6.0
2022-06-15,fried_batter,701.0,550.4,0.0,150.6
2022-06-15,bun,1051.0,1014.0,0.0,37.0
2022-06-15,chicken_patty,1337.0,1255.5,0.0,81.5
2022-06-15,pickle_chips,2978.0,2867.0,0.0,111.0
2022-06-15,lettuce,378.0,338.0,0.0,40.0
2022-06-15,tomato,378.0,338.0,0.0,40.0
2022-06-15,cheese,97.5,305.0,262.5,55.0
2022-06-15,spice,1444.0,1421.0,0.0,23.0
2022-06-15,chicken_nuggets,2361.0,8846.0,7000.0,515.0
2022-06-15,chicken_strips,4860.0,4806.0,0.0,54.0
2022-06-15,flat_bread,371.5,371.5,0.0,0.0
2022-06-15,mixed_greens,1125.0,1060.0,0.0,65.0
2022-06-15,shredded_monterey_jack,962.0,934.0,0.0,28.0
2022-06-15,waffle_fries,3060.7600000000148,13427.400000000014,10500.0,133.36
2022-06-15,roasted_corn_kernels,366.0,352.0,0.0,14.0
2022-06-15,crumbled_bacon,366.0,352.0,0.0,14.0
2022-06-15,avacado_lime_dressing,716.0,702.0,0.0,14.0
2022-06-15,red_bell_pepers,191.0,177.0,0.0,14.0
2022-06-15,grape tomatoes,955.0,885.0,0.0,70.0
2022-06-15,hard_boiled_egg,453.5,439.5,0.0,14.0
2022-06-15,blue_cheese,92.0,391.0,350.0,51.0
2022-06-15,apples,92.0,391.0,350.0,51.0
2022-06-15,strawberries,92.0,391.0,350.0,51.0
2022-06-15,blueberries,92.0,391.0,350.0,51.0
2022-06-15,harvest_nut_granola,92.0,391.0,350.0,51.0
2022-06-15,zesty_apple_vinagrette,92.0,391.0,350.0,51.0
2022-06-15,chicken_tenders,4012.0,4006.0,0.0,6.0
2022-06-15,biscuit,215.0,150.0,0.0,65.0
2022-06-15,chicken_mini_bread,2824.0,2776.0,0.0,48.0
2022-06-15,butter,1199.0,1195.25,0.0,3.75
2022-06-15,bacon,925.0,909.0,0.0,16.0
2022-06-15,tortilla,312.0,298.0,0.0,14.0
2022-06-15,eggs,658.0,609.0,0.0,49.0
2022-06-15,sausage,193.0,182.0,0.0,11.0
2022-06-15,bagel,169.0,140.0,0.0,29.0
2022-06-15,oatmeal,261.0,254.0,0.0,7.0
2022-06-15,fruit,683.0,658.0,0.0,25.0
2022-06-15,cream_cheese,53.0,214.0,175.0,14.0
2022-06-15,hash_brown,606.0,597.0,0.0,9.0
2022-06-15,yogurt_parfait,59.0,56.0,0.0,3.0
2022-06-15,cinamon_cluster,367.0,356.0,0.0,11.0
2022-06-15,lemonade,6037.999999999999,5991.799999999999,0.0,46.2
2022-06-15,straw,6302.0,6088.0,0.0,214.0
2022-06-15,small_drink_cup,3300.0,3275.0,0.0,25.0
2022-06-15,medium_drink_cup,6952.0,6817.0,0.0,135.0
2022-06-15,large_drink_cup,3050.0,2996.0,0.0,54.0
2022-06-15,lemonade_diet,3894.5999999999985,3846.4999999999986,0.0,48.1
2022-06-15,ice_tea_unsweet,5671.799999999994,5642.699999999993,0.0,29.099999999999998
2022-06-15,ice_tea_sweet,7502.400000000002,7465.600000000002,0.0,36.800000000000004
2022-06-15,soft_drink,23799.20000000002,23670.300000000017,0.0,128.89999999999998
2022-06-15,dasani_water_bottle,289.0,277.0,0.0,12.0
2022-06-15,orange_juice_bottle,1129.0,1122.0,0.0,7.0
2022-06-15,apple_juice,145.0,668.0,525.0,2.0
2022-06-15,ice_coffee,627.5,609.5,0.0,18.0
2022-06-15,coffee,1242.0,1209.0,0.0,33.0
2022-06-15,Coffee_box,115.0,107.0,0.0,8.0
2022-06-15,milk_chocolate,166.0,162.0,0.0,4.0
2022-06-15,milk,264.0,236.0,0.0,28.0
2022-06-15,icecream,108.0,392.0,350.0,66.0
2022-06-15,vanilla_flavor,762.0,756.0,0.0,6.0
2022-06-15,cream_flavor,246.0,239.0,0.0,7.0
2022-06-15,chunk_cookie,532.0,512.5,0.0,19.5
2022-06-15,chocolate_flavor,312.0,308.0,0.0,4.0
2022-06-15,strawberry_flavor,276.0,272.0,0.0,4.0
2022-06-15,frosted_extract,302.0,287.0,0.0,15.0
2022-06-15,icecream_cone,336.0,327.0,0.0,9.0
2022-06-15,icecream_come,430.0,415.0,0.0,15.0
2022-06-15,icecream_topping,372.0,365.0,0.0,7.0
2022-06-15,to_go_bag,9124.0,9004.0,0.0,120.0
2022-06-15,napkins,3620.0,3020.0,0.0,600.0
2022-06-15,ketchup,8836.0,8827.0,0.0,9.0
2022-06-15,ranch,8778.0,8776.0,0.0,2.0
2022-06-15,buffalo_sauce,9062.0,9062.0,0.0,0.0
2022-06-15,bbq_sauce,9102.0,9096.0,0.0,6.0
2022-06-15,polyneasian,8958.0,8945.0,0.0,13.0
2022-06-15,chickfala,8804.0,8804.0,0.0,0.0
2022-06-15,silverware,2066.0,2061.0,0.0,5.0
2022-06-16,fried_batter,399.79999999999995,291.4,0.0,108.4
2022-06-16,bun,977.0,944.0,0.0,33.0
2022-06-16,chicken_patty,1174.0,1110.0,0.0,64.0
2022-06-16,pickle_chips,2756.0,2657.0,0.0,99.0
2022-06-16,lettuce,298.0,254.0,0.0,44.0
2022-06-16,tomato,298.0,254.0,0.0,44.0
2022-06-16,cheese,512.5,465.5,0.0,47.0
2022-06-16,spice,1398.0,1373.0,0.0,25.0
2022-06-16,chicken_nuggets,15331.0,15051.0,0.0,280.0
2022-06-16,chicken_strips,4752.0,4715.0,0.0,37.0
2022-06-16,flat_bread,371.5,371.5,0.0,0.0
2022-06-16,mixed_greens,995.0,923.0,0.0,72.0
2022-06-16,shredded_monterey_jack,906.0,882.0,0.0,24.0
2022-06-16,waffle_fries,23794.040000000015,23615.240000000016,0.0,178.8
2022-06-16,roasted_corn_kernels,338.0,324.0,0.0,14.0
2022-06-16,crumbled_bacon,338.0,324.0,0.0,14.0
2022-06-16,avacado_lime_dressing,688.0,674.0,0.0,14.0
2022-06-16,red_bell_pepers,163.0,674.0,525.0,14.0
2022-06-16,grape tomatoes,815.0,745.0,0.0,70.0
2022-06-16,hard_boiled_egg,425.5,411.5,0.0,14.0
2022-06-16,blue_cheese,690.0,632.0,0.0,58.0
2022-06-16,apples,690.0,632.0,0.0,58.0
2022-06-16,strawberries,690.0,632.0,0.0,58.0
2022-06-16,blueberries,690.0,632.0,0.0,58.0
2022-06-16,harvest_nut_granola,690.0,632.0,0.0,58.0
2022-06-16,zesty_apple_vinagrette,690.0,632.0,0.0,58.0
2022-06-16,chicken_tenders,4000.0,3980.0,0.0,20.0
2022-06-16,biscuit,85.0,576.0,525.0,34.0
2022-06-16,chicken_mini_bread,2728.0,2689.0,0.0,39.0
2022-06-16,butter,1191.5,1191.0,0.0,0.5
2022-06-16,bacon,893.0,888.0,0.0,5.0
2022-06-16,tortilla,284.0,274.0,0.0,10.0
2022-06-16,eggs,560.0,525.0,0.0,35.0
2022-06-16,sausage,171.0,158.0,0.0,13.0
2022-06-16,bagel,111.0,94.0,0.0,17.0
2022-06-16,oatmeal,247.0,234.0,0.0,13.0
2022-06-16,fruit,633.0,594.0,0.0,39.0
2022-06-16,cream_cheese,375.0,371.0,0.0,4.0
2022-06-16,hash_brown,588.0,584.0,0.0,4.0
2022-06-16,yogurt_parfait,53.0,221.0,175.0,7.0
2022-06-16,cinamon_cluster,345.0,340.0,0.0,5.0
2022-06-16,lemonade,5945.599999999999,5890.799999999999,0.0,54.8
2022-06-16,straw,5874.0,5612.0,0.0,262.0
2022-06-16,small_drink_cup,3250.0,3212.0,0.0,38.0
2022-06-16,medium_drink_cup,6682.0,6495.0,0.0,187.0
2022-06-16,large_drink_cup,2942.0,2905.0,0.0,37.0
2022-06-16,lemonade_diet,3798.3999999999987,3773.3999999999987,0.0,25.0
2022-06-16,ice_tea_unsweet,5613.599999999993,5597.599999999993,0.0,15.999999999999998
2022-06-16,ice_tea_sweet,7428.800000000002,7357.100000000002,0.0,71.7
2022-06-16,soft_drink,23541.400000000016,23375.100000000017,0.0,166.3
2022-06-16,dasani_water_bottle,265.0,258.0,0.0,7.0
2022-06-16,orange_juice_bottle,1115.0,1112.0,0.0,3.0
2022-06-16,apple_juice,1191.0,1186.0,0.0,5.0
2022-06-16,ice_coffee,591.5,583.5,0.0,8.0
2022-06-16,coffee,1176.0,1154.5,0.0,21.5
2022-06-16,Coffee_box,99.0,94.0,0.0,5.0
2022-06-16,milk_chocolate,158.0,149.0,0.0,9.0
2022-06-16,milk,208.0,179.0,0.0,29.0
2022-06-16,icecream,676.0,617.0,0.0,59.0
2022-06-16,vanilla_flavor,750.0,745.0,0.0,5.0
2022-06-16,cream_flavor,232.0,219.0,0.0,13.0
2022-06-16,chunk_cookie,493.0,409.5,0.0,83.5
2022-06-16,chocolate_flavor,304.0,302.0,0.0,2.0
2022-06-16,strawberry_flavor,268.0,263.0,0.0,5.0
2022-06-16,frosted_extract,272.0,259.0,0.0,13.0
2022-06-16,icecream_cone,318.0,311.0,0.0,7.0
2022-06-16,icecream_come,400.0,398.0,0.0,2.0
2022-06-16,icecream_topping,358.0,350.0,0.0,8.0
2022-06-16,to_go_bag,8884.0,8777.0,0.0,107.0
2022-06-16,napkins,2420.0,12385.0,10500.0,535.0
2022-06-16,ketchup,8818.0,8808.0,0.0,10.0
2022-06-16,ranch,8774.0,8766.0,0.0,8.0
2022-06-16,buffalo_sauce,9062.0,9055.0,0.0,7.0
2022-06-16,bbq_sauce,9090.0,9086.0,0.0,4.0
2022-06-16,polyneasian,8932.0,8926.0,0.0,6.0
2022-06-16,chickfala,8804.0,8799.0,0.0,5.0
2022-06-16,silverware,2056.0,2054.0,0.0,2.0
2022-06-17,fried_batter,182.99999999999997,610.8,525.0,97.2
2022-06-17,bun,911.0,863.0,0.0,48.0
2022-06-17,chicken_patty,1046.0,961.5,0.0,84.5
2022-06-17,pickle_chips,2558.0,2414.0,0.0,144.0
2022-06-17,lettuce,210.0,174.0,0.0,36.0
2022-06-17,tomato,210.0,174.0,0.0,36.0
2022-06-17,cheese,418.5,380.5,0.0,38.0
2022-06-17,spice,1348.0,1335.0,0.0,13.0
2022-06-17,chicken_nuggets,14771.0,14472.0,0.0,299.0
2022-06-17,chicken_strips,4678.0,4625.0,0.0,53.0
2022-06-17,flat_bread,371.5,367.5,0.0,4.0
2022-06-17,mixed_greens,851.0,785.0,0.0,66.0
2022-06-17,shredded_monterey_jack,858.0,846.0,0.0,12.0
2022-06-17,waffle_fries,23436.440000000017,23296.560000000016,0.0,139.88
2022-06-17,roasted_corn_kernels,310.0,309.0,0.0,1.0
2022-06-17,crumbled_bacon,310.0,309.0,0.0,1.0
2022-06-17,avacado_lime_dressing,660.0,659.0,0.0,1.0
2022-06-17,red_bell_pepers,1185.0,1184.0,0.0,1.0
2022-06-17,grape tomatoes,675.0,670.0,0.0,5.0
2022-06-17,hard_boiled_egg,397.5,396.5,0.0,1.0
2022-06-17,blue_cheese,574.0,511.0,0.0,63.0
2022-06-17,apples,574.0,511.0,0.0,63.0
2022-06-17,strawberries,574.0,511.0,0.0,63.0
2022-06-17,blueberries,574.0,511.0,0.0,63.0
2022-06-17,harvest_nut_granola,574.0,511.0,0.0,63.0
2022-06-17,zesty_apple_vinagrette,574.0,511.0,0.0,63.0
2022-06-17,chicken_tenders,3960.0,3952.0,0.0,8.0
2022-06-17,biscuit,1067.0,1030.0,0.0,37.0
2022-06-17,chicken_mini_bread,2650.0,2632.0,0.0,18.0
2022-06-17,butter,1190.5,1187.75,0.0,2.75
2022-06-17,bacon,883.0,873.0,0.0,10.0
2022-06-17,tortilla,264.0,257.0,0.0,7.0
2022-06-17,eggs,490.0,463.0,0.0,27.0
2022-06-17,sausage,145.0,136.0,0.0,9.0
2022-06-17,bagel,77.0,63.0,0.0,14.0
2022-06-17,oatmeal,221.0,191.0,0.0,30.0
2022-06-17,fruit,555.0,517.5,0.0,37.5
2022-06-17,cream_cheese,367.0,363.0,0.0,4.0
2022-06-17,hash_brown,580.0,566.0,0.0,14.0
2022-06-17,yogurt_parfait,389.0,373.0,0.0,16.0
2022-06-17,cinamon_cluster,335.0,325.0,0.0,10.0
2022-06-17,lemonade,5835.999999999999,5779.199999999999,0.0,56.800000000000004
2022-06-17,straw,5350.0,5122.0,0.0,228.0
2022-06-17,small_drink_cup,3174.0,3138.0,0.0,36.0
2022-06-17,medium_drink_cup,6308.0,6153.0,0.0,155.0
2022-06-17,large_drink_cup,2868.0,2831.0,0.0,37.0
2022-06-17,lemonade_diet,3748.3999999999987,3732.5999999999985,0.0,15.8
2022-06-17,ice_tea_unsweet,5581.599999999993,5553.299999999993,0.0,28.300000000000004
2022-06-17,ice_tea_sweet,7285.400000000002,7235.800000000002,0.0,49.60000000000001
2022-06-17,soft_drink,23208.800000000017,23070.900000000016,0.0,137.9
2022-06-17,dasani_water_bottle,251.0,246.0,0.0,5.0
2022-06-17,orange_juice_bottle,1109.0,1100.0,0.0,9.0
2022-06-17,apple_juice,1181.0,1173.0,0.0,8.0
2022-06-17,ice_coffee,575.5,570.5,0.0,5.0
2022-06-17,coffee,1133.0,1111.25,0.0,21.75
2022-06-17,Coffee_box,89.0,78.0,0.0,11.0
2022-06-17,milk_chocolate,140.0,131.0,0.0,9.0
2022-06-17,milk,150.0,107.0,0.0,43.0
2022-06-17,icecream,558.0,483.0,0.0,75.0
2022-06-17,vanilla_flavor,740.0,737.0,0.0,3.0
2022-06-17,cream_flavor,206.0,193.0,0.0,13.0
2022-06-17,chunk_cookie,326.0,262.5,0.0,63.5
2022-06-17,chocolate_flavor,300.0,288.0,0.0,12.0
2022-06-17,strawberry_flavor,258.0,255.0,0.0,3.0
2022-06-17,frosted_extract,246.0,245.0,0.0,1.0
2022-06-17,icecream_cone,304.0,296.0,0.0,8.0
2022-06-17,icecream_come,396.0,391.0,0.0,5.0
2022-06-17,icecream_topping,342.0,332.0,0.0,10.0
2022-06-17,to_go_bag,8670.0,8562.0,0.0,108.0
2022-06-17,napkins,22350.0,21810.0,0.0,540.0
2022-06-17,ketchup,8798.0,8796.0,0.0,2.0
2022-06-17,ranch,8758.0,8747.0,0.0,11.0
2022-06-17,buffalo_sauce,9048.0,9044.0,0.0,4.0
2022-06-17,bbq_sauce,9082.0,9077.0,0.0,5.0
2022-06-17,polyneasian,8920.0,8901.0,0.0,19.0
2022-06-17,chickfala,8794.0,8788.0,0.0,6.0
2022-06-17,silverware,2052.0,2042.0,0.0,10.0
2022-06-18,fried_batter,1038.6,915.8,0.0,122.8
2022-06-18,bun,815.0,787.0,0.0,28.0
2022-06-18,chicken_patty,877.0,813.5,0.0,63.5
2022-06-18,pickle_chips,2270.0,2186.0,0.0,84.0
2022-06-18,lettuce,138.0,102.0,0.0,36.0
2022-06-18,tomato,138.0,102.0,0.0,36.0
2022-06-18,cheese,342.5,293.5,0.0,49.0
2022-06-18,spice,1322.0,1296.0,0.0,26.0
2022-06-18,chicken_nuggets,14173.0,13731.5,0.0,441.5
2022-06-18,chicken_strips,4572.0,4554.0,0.0,18.0
2022-06-18,flat_bread,363.5,350.5,0.0,13.0
2022-06-18,mixed_greens,719.0,649.5,0.0,69.5
2022-06-18,shredded_monterey_jack,834.0,809.0,0.0,25.0
2022-06-18,waffle_fries,23156.680000000015,22999.040000000015,0.0,157.64000000000001
2022-06-18,roasted_corn_kernels,308.0,300.0,0.0,8.0
2022-06-18,crumbled_bacon,308.0,300.0,0.0,8.0
2022-06-18,avacado_lime_dressing,658.0,650.0,0.0,8.0
2022-06-18,red_bell_pepers,1183.0,1175.0,0.0,8.0
2022-06-18,grape tomatoes,665.0,625.0,0.0,40.0
2022-06-18,hard_boiled_egg,395.5,387.5,0.0,8.0
2022-06-18,blue_cheese,448.0,393.0,0.0,55.0
2022-06-18,apples,448.0,393.0,0.0,55.0
2022-06-18,strawberries,448.0,393.0,0.0,55.0
2022-06-18,blueberries,448.0,393.0,0.0,55.0
2022-06-18,harvest_nut_granola,448.0,393.0,0.0,55.0
2022-06-18,zesty_apple_vinagrette,448.0,393.0,0.0,55.0
2022-06-18,chicken_tenders,3944.0,3924.0,0.0,20.0
2022-06-18,biscuit,993.0,951.0,0.0,42.0
2022-06-18,chicken_mini_bread,2614.0,2563.0,0.0,51.0
2022-06-18,butter,1185.0,1182.25,0.0,2.75
2022-06-18,bacon,863.0,859.0,0.0,4.0
2022-06-18,tortilla,250.0,246.0,0.0,4.0
2022-06-18,eggs,436.0,401.0,0.0,35.0
2022-06-18,sausage,127.0,113.0,0.0,14.0
2022-06-18,bagel,49.0,199.0,175.0,25.0
2022-06-18,oatmeal,161.0,150.0,0.0,11.0
2022-06-18,fruit,480.0,448.0,0.0,32.0
2022-06-18,cream_cheese,359.0,352.0,0.0,7.0
2022-06-18,hash_brown,552.0,549.0,0.0,3.0
2022-06-18,yogurt_parfait,357.0,351.0,0.0,6.0
2022-06-18,cinamon_cluster,315.0,299.0,0.0,16.0
2022-06-18,lemonade,5722.399999999999,5632.899999999999,0.0,89.50000000000003
2022-06-18,straw,4894.0,4700.0,0.0,194.0
2022-06-18,small_drink_cup,3102.0,3079.0,0.0,23.0
2022-06-18,medium_drink_cup,5998.0,5857.0,0.0,141.0
2022-06-18,large_drink_cup,2794.0,2764.0,0.0,30.0
2022-06-18,lemonade_diet,3716.7999999999984,3699.5999999999985,0.0,17.2
2022-06-18,ice_tea_unsweet,5524.999999999993,5513.399999999992,0.0,11.600000000000001
2022-06-18,ice_tea_sweet,7186.200000000002,7135.4000000000015,0.0,50.800000000000004
2022-06-18,soft_drink,22933.000000000015,22794.200000000015,0.0,138.8
2022-06-18,dasani_water_bottle,241.0,220.0,0.0,21.0
2022-06-18,orange_juice_bottle,1091.0,1077.0,0.0,14.0
2022-06-18,apple_juice,1165.0,1158.0,0.0,7.0
2022-06-18,ice_coffee,565.5,547.75,0.0,17.75
2022-06-18,coffee,1089.5,1069.5,0.0,20.0
2022-06-18,Coffee_box,67.0,62.0,0.0,5.0
2022-06-18,milk_chocolate,122.0,106.0,0.0,16.0
2022-06-18,milk,64.0,374.0,350.0,40.0
2022-06-18,icecream,408.0,312.0,0.0,96.0
2022-06-18,vanilla_flavor,734.0,721.0,0.0,13.0
2022-06-18,cream_flavor,180.0,171.0,0.0,9.0
2022-06-18,chunk_cookie,199.0,107.5,0.0,91.5
2022-06-18,chocolate_flavor,276.0,271.0,0.0,5.0
2022-06-18,strawberry_flavor,252.0,243.0,0.0,9.0
2022-06-18,frosted_extract,244.0,234.0,0.0,10.0
2022-06-18,icecream_cone,288.0,276.0,0.0,12.0
2022-06-18,icecream_come,386.0,374.0,0.0,12.0
2022-06-18,icecream_topping,322.0,305.0,0.0,17.0
2022-06-18,to_go_bag,8454.0,8336.0,0.0,118.0
2022-06-18,napkins,21270.0,20680.0,0.0,590.0
2022-06-18,ketchup,8794.0,8789.0,0.0,5.0
2022-06-18,ranch,8736.0,8723.0,0.0,13.0
2022-06-18,buffalo_sauce,9040.0,9032.0,0.0,8.0
2022-06-18,bbq_sauce,9072.0,9067.0,0.0,5.0
2022-06-18,polyneasian,8882.0,8880.0,0.0,2.0
2022-06-18,chickfala,8782.0,8777.0,0.0,5.0
2022-06-18,silverware,2032.0,2021.0,0.0,11.0
2022-06-20,fried_batter,793.0,670.2,0.0,122.80000000000001
2022-06-20,bun,759.0,726.0,0.0,33.0
2022-06-20,chicken_patty,750.0,696.0,0.0,54.0
2022-06-20,pickle_chips,2102.0,2003.0,0.0,99.0
2022-06-20,lettuce,66.0,386.0,350.0,30.0
2022-06-20,tomato,66.0,386.0,350.0,30.0
2022-06-20,cheese,244.5,196.5,0.0,48.0
2022-06-20,spice,1270.0,1246.0,0.0,24.0
2022-06-20,chicken_nuggets,13290.0,12733.0,0.0,557.0
2022-06-20,chicken_strips,4536.0,4465.0,0.0,71.0
2022-06-20,flat_bread,337.5,331.5,0.0,6.0
2022-06-20,mixed_greens,580.0,539.0,0.0,41.0
2022-06-20,shredded_monterey_jack,784.0,768.0,0.0,16.0
2022-06-20,waffle_fries,22841.400000000016,22685.820000000014,0.0,155.57999999999998
2022-06-20,roasted_corn_kernels,292.0,288.0,0.0,4.0
2022-06-20,crumbled_bacon,292.0,288.0,0.0,4.0
2022-06-20,avacado_lime_dressing,642.0,638.0,0.0,4.0
2022-06-20,red_bell_pepers,1167.0,1163.0,0.0,4.0
2022-06-20,grape tomatoes,585.0,565.0,0.0,20.0
2022-06-20,hard_boiled_egg,379.5,375.5,0.0,4.0
2022-06-20,blue_cheese,338.0,304.0,0.0,34.0
2022-06-20,apples,338.0,304.0,0.0,34.0
2022-06-20,strawberries,338.0,304.0,0.0,34.0
2022-06-20,blueberries,338.0,304.0,0.0,34.0
2022-06-20,harvest_nut_granola,338.0,304.0,0.0,34.0
2022-06-20,zesty_apple_vinagrette,338.0,304.0,0.0,34.0
2022-06-20,chicken_tenders,3904.0,3904.0,0.0,0.0
2022-06-20,biscuit,909.0,864.0,0.0,45.0
2022-06-20,chicken_mini_bread,2512.0,2461.0,0.0,51.0
2022-06-20,butter,1179.5,1177.75,0.0,1.75
2022-06-20,bacon,855.0,839.0,0.0,16.0
2022-06-20,tortilla,242.0,236.0,0.0,6.0
2022-06-20,eggs,366.0,327.0,0.0,39.0
2022-06-20,sausage,99.0,91.0,0.0,8.0
2022-06-20,bagel,349.0,322.0,0.0,27.0
2022-06-20,oatmeal,139.0,129.0,0.0,10.0
2022-06-20,fruit,416.0,381.5,0.0,34.5
2022-06-20,cream_cheese,345.0,338.0,0.0,7.0
2022-06-20,hash_brown,546.0,540.0,0.0,6.0
2022-06-20,yogurt_parfait,345.0,340.0,0.0,5.0
2022-06-20,cinamon_cluster,283.0,283.0,0.0,0.0
2022-06-20,lemonade,5543.399999999999,5457.199999999999,0.0,86.20000000000002
2022-06-20,straw,4506.0,4240.0,0.0,266.0
2022-06-20,small_drink_cup,3056.0,3016.0,0.0,40.0
2022-06-20,medium_drink_cup,5716.0,5537.0,0.0,179.0
2022-06-20,large_drink_cup,2734.0,2687.0,0.0,47.0
2022-06-20,lemonade_diet,3682.3999999999987,3657.799999999999,0.0,24.599999999999998
2022-06-20,ice_tea_unsweet,5501.799999999992,5483.899999999992,0.0,17.9
2022-06-20,ice_tea_sweet,7084.600000000001,7018.4000000000015,0.0,66.20000000000002
2022-06-20,soft_drink,22655.400000000016,22500.500000000015,0.0,154.9
2022-06-20,dasani_water_bottle,199.0,176.0,0.0,23.0
2022-06-20,orange_juice_bottle,1063.0,1058.0,0.0,5.0
2022-06-20,apple_juice,1151.0,1145.0,0.0,6.0
2022-06-20,ice_coffee,530.0,510.0,0.0,20.0
2022-06-20,coffee,1049.5,1038.25,0.0,11.25
2022-06-20,Coffee_box,57.0,52.0,0.0,5.0
2022-06-20,milk_chocolate,90.0,439.0,350.0,1.0
2022-06-20,milk,684.0,653.0,0.0,31.0
2022-06-20,icecream,216.0,160.0,0.0,56.0
2022-06-20,vanilla_flavor,708.0,699.0,0.0,9.0
2022-06-20,cream_flavor,162.0,157.0,0.0,5.0
2022-06-20,chunk_cookie,16.0,287.5,350.0,78.5
2022-06-20,chocolate_flavor,266.0,262.0,0.0,4.0
2022-06-20,strawberry_flavor,234.0,232.0,0.0,2.0
2022-06-20,frosted_extract,224.0,214.0,0.0,10.0
2022-06-20,icecream_cone,264.0,258.0,0.0,6.0
2022-06-20,icecream_come,362.0,352.0,0.0,10.0
2022-06-20,icecream_topping,288.0,282.0,0.0,6.0
2022-06-20,to_go_bag,8218.0,8111.0,0.0,107.0
2022-06-20,napkins,20090.0,19555.0,0.0,535.0
2022-06-20,ketchup,8784.0,8777.0,0.0,7.0
2022-06-20,ranch,8710.0,8710.0,0.0,0.0
2022-06-20,buffalo_sauce,9024.0,9024.0,0.0,0.0
2022-06-20,bbq_sauce,9062.0,9059.0,0.0,3.0
2022-06-20,polyneasian,8878.0,8872.0,0.0,6.0
2022-06-20,chickfala,8772.0,8767.0,0.0,5.0
2022-06-20,silverware,2010.0,2006.0,0.0,4.0
2022-06-21,fried_batter,547.4000000000001,381.80000000000007,0.0,165.60000000000002
2022-06-21,bun,693.0,634.0,0.0,59.0
2022-06-21,chicken_patty,642.0,545.5,0.0,96.5
2022-06-21,pickle_chips,1904.0,1727.0,0.0,177.0
2022-06-21,lettuce,706.0,650.0,0.0,56.0
2022-06-21,tomato,706.0,650.0,0.0,56.0
2022-06-21,cheese,148.5,102.5,0.0,46.0
2022-06-21,spice,1222.0,1192.0,0.0,30.0
2022-06-21,chicken_nuggets,12176.0,11501.0,0.0,675.0
2022-06-21,chicken_strips,4394.0,4330.0,0.0,64.0
2022-06-21,flat_bread,325.5,309.5,0.0,16.0
2022-06-21,mixed_greens,498.0,431.0,0.0,67.0
2022-06-21,shredded_monterey_jack,752.0,721.0,0.0,31.0
2022-06-21,waffle_fries,22530.240000000013,22375.70000000001,0.0,154.54
2022-06-21,roasted_corn_kernels,284.0,279.0,0.0,5.0
2022-06-21,crumbled_bacon,284.0,279.0,0.0,5.0
2022-06-21,avacado_lime_dressing,634.0,629.0,0.0,5.0
2022-06-21,red_bell_pepers,1159.0,1154.0,0.0,5.0
2022-06-21,grape tomatoes,545.0,520.0,0.0,25.0
2022-06-21,hard_boiled_egg,371.5,366.5,0.0,5.0
2022-06-21,blue_cheese,270.0,216.0,0.0,54.0
2022-06-21,apples,270.0,216.0,0.0,54.0
2022-06-21,strawberries,270.0,216.0,0.0,54.0
2022-06-21,blueberries,270.0,216.0,0.0,54.0
2022-06-21,harvest_nut_granola,270.0,216.0,0.0,54.0
2022-06-21,zesty_apple_vinagrette,270.0,216.0,0.0,54.0
2022-06-21,chicken_tenders,3904.0,3898.0,0.0,6.0
2022-06-21,biscuit,819.0,787.0,0.0,32.0
2022-06-21,chicken_mini_bread,2410.0,2359.0,0.0,51.0
2022-06-21,butter,1176.0,1174.75,0.0,1.25
2022-06-21,bacon,823.0,815.0,0.0,8.0
2022-06-21,tortilla,230.0,220.0,0.0,10.0
2022-06-21,eggs,288.0,260.0,0.0,28.0
2022-06-21,sausage,83.0,79.0,0.0,4.0
2022-06-21,bagel,295.0,282.0,0.0,13.0
2022-06-21,oatmeal,119.0,112.0,0.0,7.0
2022-06-21,fruit,347.0,339.0,0.0,8.0
2022-06-21,cream_cheese,331.0,329.0,0.0,2.0
2022-06-21,hash_brown,534.0,515.0,0.0,19.0
2022-06-21,yogurt_parfait,335.0,326.0,0.0,9.0
2022-06-21,cinamon_cluster,283.0,263.0,0.0,20.0
2022-06-21,lemonade,5370.999999999999,5329.699999999999,0.0,41.3
2022-06-21,straw,3974.0,3720.0,0.0,254.0
2022-06-21,small_drink_cup,2976.0,2923.0,0.0,53.0
2022-06-21,medium_drink_cup,5358.0,5181.0,0.0,177.0
2022-06-21,large_drink_cup,2640.0,2616.0,0.0,24.0
2022-06-21,lemonade_diet,3633.199999999999,3614.8999999999987,0.0,18.3
2022-06-21,ice_tea_unsweet,5465.999999999993,5447.899999999992,0.0,18.1
2022-06-21,ice_tea_sweet,6952.200000000002,6888.300000000002,0.0,63.9
2022-06-21,soft_drink,22345.600000000013,22180.900000000012,0.0,164.7
2022-06-21,dasani_water_bottle,153.0,669.0,525.0,9.0
2022-06-21,orange_juice_bottle,1053.0,1044.0,0.0,9.0
2022-06-21,apple_juice,1139.0,1124.0,0.0,15.0
2022-06-21,ice_coffee,490.0,466.5,0.0,23.5
2022-06-21,coffee,1027.0,1004.75,0.0,22.25
2022-06-21,Coffee_box,47.0,215.0,175.0,7.0
2022-06-21,milk_chocolate,788.0,783.0,0.0,5.0
2022-06-21,milk,622.0,584.0,0.0,38.0
2022-06-21,icecream,104.0,389.0,350.0,65.0
2022-06-21,vanilla_flavor,690.0,685.0,0.0,5.0
2022-06-21,cream_flavor,152.0,147.0,0.0,5.0
2022-06-21,chunk_cookie,559.0,544.5,0.0,14.5
2022-06-21,chocolate_flavor,258.0,248.0,0.0,10.0
2022-06-21,strawberry_flavor,230.0,221.0,0.0,9.0
2022-06-21,frosted_extract,204.0,195.0,0.0,9.0
2022-06-21,icecream_cone,252.0,252.0,0.0,0.0
2022-06-21,icecream_come,342.0,335.0,0.0,7.0
2022-06-21,icecream_topping,276.0,270.0,0.0,6.0
2022-06-21,to_go_bag,8004.0,7884.0,0.0,120.0
2022-06-21,napkins,19020.0,18420.0,0.0,600.0
2022-06-21,ketchup,8770.0,8762.0,0.0,8.0
2022-06-21,ranch,8710.0,8704.0,0.0,6.0
2022-06-21,buffalo_sauce,9024.0,9018.0,0.0,6.0
2022-06-21,bbq_sauce,9056.0,9049.0,0.0,7.0
2022-06-21,polyneasian,8866.0,8861.0,0.0,5.0
2022-06-21,chickfala,8762.0,8761.0,0.0,1.0
2022-06-21,silverware,2002.0,1995.0,0.0,7.0
2022-06-22,fried_batter,216.20000000000005,603.8000000000001,525.0,137.39999999999998
2022-06-22,bun,575.0,530.0,0.0,45.0
2022-06-22,chicken_patty,449.0,371.5,0.0,77.5
2022-06-22,pickle_chips,1550.0,1415.0,0.0,135.0
2022-06-22,lettuce,594.0,542.0,0.0,52.0
2022-06-22,tomato,594.0,542.0,0.0,52.0
2022-06-22,cheese,56.5,270.0,262.5,49.0
2022-06-22,spice,1162.0,1124.0,0.0,38.0
2022-06-22,chicken_nuggets,10826.0,10479.5,0.0,346.5
2022-06-22,chicken_strips,4266.0,4150.0,0.0,116.0
2022-06-22,flat_bread,293.5,280.5,0.0,13.0
2022-06-22,mixed_greens,364.0,296.5,0.0,67.5
2022-06-22,shredded_monterey_jack,690.0,663.0,0.0,27.0
2022-06-22,waffle_fries,22221.16000000001,22090.68000000001,0.0,130.48000000000002
2022-06-22,roasted_corn_kernels,274.0,267.0,0.0,7.0
2022-06-22,crumbled_bacon,274.0,267.0,0.0,7.0
2022-06-22,avacado_lime_dressing,624.0,617.0,0.0,7.0
2022-06-22,red_bell_pepers,1149.0,1142.0,0.0,7.0
2022-06-22,grape tomatoes,495.0,460.0,0.0,35.0
2022-06-22,hard_boiled_egg,361.5,354.5,0.0,7.0
2022-06-22,blue_cheese,162.0,108.0,0.0,54.0
2022-06-22,apples,162.0,108.0,0.0,54.0
2022-06-22,strawberries,162.0,108.0,0.0,54.0
2022-06-22,blueberries,162.0,108.0,0.0,54.0
2022-06-22,harvest_nut_granola,162.0,108.0,0.0,54.0
2022-06-22,zesty_apple_vinagrette,162.0,108.0,0.0,54.0
2022-06-22,chicken_tenders,3892.0,3876.0,0.0,16.0
2022-06-22,biscuit,755.0,716.0,0.0,39.0
2022-06-22,chicken_mini_bread,2308.0,2290.0,0.0,18.0
2022-06-22,butter,1173.5,1171.25,0.0,2.25
2022-06-22,bacon,807.0,804.0,0.0,3.0
2022-06-22,tortilla,210.0,203.0,0.0,7.0
2022-06-22,eggs,232.0,202.0,0.0,30.0
2022-06-22,sausage,75.0,61.0,0.0,14.0
2022-06-22,bagel,269.0,245.0,0.0,24.0
2022-06-22,oatmeal,105.0,99.0,0.0,6.0
2022-06-22,fruit,331.0,315.0,0.0,16.0
2022-06-22,cream_cheese,327.0,320.0,0.0,7.0
2022-06-22,hash_brown,496.0,492.0,0.0,4.0
2022-06-22,yogurt_parfait,317.0,312.0,0.0,5.0
2022-06-22,cinamon_cluster,243.0,227.0,0.0,16.0
2022-06-22,lemonade,5288.399999999999,5210.499999999999,0.0,77.9
2022-06-22,straw,3466.0,3226.0,0.0,240.0
2022-06-22,small_drink_cup,2870.0,2816.0,0.0,54.0
2022-06-22,medium_drink_cup,5004.0,4856.0,0.0,148.0
2022-06-22,large_drink_cup,2592.0,2554.0,0.0,38.0
2022-06-22,lemonade_diet,3596.5999999999985,3577.0999999999985,0.0,19.5
2022-06-22,ice_tea_unsweet,5429.799999999992,5407.999999999992,0.0,21.799999999999997
2022-06-22,ice_tea_sweet,6824.400000000002,6776.600000000002,0.0,47.80000000000001
2022-06-22,soft_drink,22016.20000000001,21899.400000000012,0.0,116.8
2022-06-22,dasani_water_bottle,1185.0,1175.0,0.0,10.0
2022-06-22,orange_juice_bottle,1035.0,1028.0,0.0,7.0
2022-06-22,apple_juice,1109.0,1097.0,0.0,12.0
2022-06-22,ice_coffee,443.0,426.25,0.0,16.75
2022-06-22,coffee,982.5,960.5,0.0,22.0
2022-06-22,Coffee_box,383.0,379.0,0.0,4.0
2022-06-22,milk_chocolate,778.0,767.0,0.0,11.0
2022-06-22,milk,546.0,506.0,0.0,40.0
2022-06-22,icecream,674.0,592.0,0.0,82.0
2022-06-22,vanilla_flavor,680.0,676.0,0.0,4.0
2022-06-22,cream_flavor,142.0,133.0,0.0,9.0
2022-06-22,chunk_cookie,530.0,480.5,0.0,49.5
2022-06-22,chocolate_flavor,238.0,224.0,0.0,14.0
2022-06-22,strawberry_flavor,212.0,202.0,0.0,10.0
2022-06-22,frosted_extract,186.0,184.0,0.0,2.0
2022-06-22,icecream_cone,252.0,252.0,0.0,0.0
2022-06-22,icecream_come,328.0,320.0,0.0,8.0
2022-06-22,icecream_topping,264.0,258.0,0.0,6.0
2022-06-22,to_go_bag,7764.0,7648.0,0.0,116.0
2022-06-22,napkins,17820.0,17240.0,0.0,580.0
2022-06-22,ketchup,8754.0,8746.0,0.0,8.0
2022-06-22,ranch,8698.0,8680.0,0.0,18.0
2022-06-22,buffalo_sauce,9012.0,9011.0,0.0,1.0
2022-06-22,bbq_sauce,9042.0,9040.0,0.0,2.0
2022-06-22,polyneasian,8856.0,8853.0,0.0,3.0
2022-06-22,chickfala,8760.0,8745.0,0.0,15.0
2022-06-22,silverware,1988.0,1986.0,0.0,2.0
2022-06-23,fried_batter,991.4000000000002,862.2000000000003,0.0,129.2
2022-06-23,bun,485.0,444.0,0.0,41.0
2022-06-23,chicken_patty,294.0,219.0,0.0,75.0
2022-06-23,pickle_chips,1280.0,1157.0,0.0,123.0
2022-06-23,lettuce,490.0,482.0,0.0,8.0
2022-06-23,tomato,490.0,482.0,0.0,8.0
2022-06-23,cheese,483.5,450.5,0.0,33.0
2022-06-23,spice,1086.0,1058.0,0.0,28.0
2022-06-23,chicken_nuggets,10133.0,9465.0,0.0,668.0
2022-06-23,chicken_strips,4034.0,3988.0,0.0,46.0
2022-06-23,flat_bread,267.5,259.5,0.0,8.0
2022-06-23,mixed_greens,229.0,863.0,700.0,66.0
2022-06-23,shredded_monterey_jack,636.0,613.0,0.0,23.0
2022-06-23,waffle_fries,21960.20000000001,21811.52000000001,0.0,148.68
2022-06-23,roasted_corn_kernels,260.0,249.0,0.0,11.0
2022-06-23,crumbled_bacon,260.0,249.0,0.0,11.0
2022-06-23,avacado_lime_dressing,610.0,599.0,0.0,11.0
2022-06-23,red_bell_pepers,1135.0,1124.0,0.0,11.0
2022-06-23,grape tomatoes,425.0,370.0,0.0,55.0
2022-06-23,hard_boiled_egg,347.5,336.5,0.0,11.0
2022-06-23,blue_cheese,54.0,353.0,350.0,51.0
2022-06-23,apples,54.0,353.0,350.0,51.0
2022-06-23,strawberries,54.0,353.0,350.0,51.0
2022-06-23,blueberries,54.0,353.0,350.0,51.0
2022-06-23,harvest_nut_granola,54.0,353.0,350.0,51.0
2022-06-23,zesty_apple_vinagrette,54.0,353.0,350.0,51.0
2022-06-23,chicken_tenders,3860.0,3852.0,0.0,8.0
2022-06-23,biscuit,677.0,627.0,0.0,50.0
2022-06-23,chicken_mini_bread,2272.0,2236.0,0.0,36.0
2022-06-23,butter,1169.0,1166.5,0.0,2.5
2022-06-23,bacon,801.0,792.0,0.0,9.0
2022-06-23,tortilla,196.0,192.0,0.0,4.0
2022-06-23,eggs,172.0,139.0,0.0,33.0
2022-06-23,sausage,47.0,209.0,175.0,13.0
2022-06-23,bagel,221.0,197.0,0.0,24.0
2022-06-23,oatmeal,93.0,76.0,0.0,17.0
2022-06-23,fruit,299.0,275.5,0.0,23.5
2022-06-23,cream_cheese,313.0,305.0,0.0,8.0
2022-06-23,hash_brown,488.0,487.0,0.0,1.0
2022-06-23,yogurt_parfait,307.0,294.0,0.0,13.0
2022-06-23,cinamon_cluster,211.0,209.0,0.0,2.0
2022-06-23,lemonade,5132.599999999999,5050.7,0.0,81.9
2022-06-23,straw,2986.0,13259.0,10500.0,227.0
2022-06-23,small_drink_cup,2762.0,2722.0,0.0,40.0
2022-06-23,medium_drink_cup,4708.0,4559.0,0.0,149.0
2022-06-23,large_drink_cup,2516.0,2478.0,0.0,38.0
2022-06-23,lemonade_diet,3557.5999999999985,3551.1999999999985,0.0,6.4
2022-06-23,ice_tea_unsweet,5386.199999999992,5358.099999999991,0.0,28.099999999999998
2022-06-23,ice_tea_sweet,6728.800000000002,6689.400000000002,0.0,39.400000000000006
2022-06-23,soft_drink,21782.600000000013,21635.400000000012,0.0,147.20000000000002
2022-06-23,dasani_water_bottle,1165.0,1154.0,0.0,11.0
2022-06-23,orange_juice_bottle,1021.0,1012.0,0.0,9.0
2022-06-23,apple_juice,1085.0,1077.0,0.0,8.0
2022-06-23,ice_coffee,409.5,403.5,0.0,6.0
2022-06-23,coffee,938.5,914.0,0.0,24.5
2022-06-23,Coffee_box,375.0,369.0,0.0,6.0
2022-06-23,milk_chocolate,756.0,753.0,0.0,3.0
2022-06-23,milk,466.0,439.0,0.0,27.0
2022-06-23,icecream,510.0,467.0,0.0,43.0
2022-06-23,vanilla_flavor,672.0,669.0,0.0,3.0
2022-06-23,cream_flavor,124.0,120.0,0.0,4.0
2022-06-23,chunk_cookie,431.0,372.0,0.0,59.0
2022-06-23,chocolate_flavor,210.0,207.0,0.0,3.0
2022-06-23,strawberry_flavor,192.0,189.0,0.0,3.0
2022-06-23,frosted_extract,182.0,168.0,0.0,14.0
2022-06-23,icecream_cone,252.0,242.0,0.0,10.0
2022-06-23,icecream_come,312.0,305.0,0.0,7.0
2022-06-23,icecream_topping,252.0,239.0,0.0,13.0
2022-06-23,to_go_bag,7532.0,7420.0,0.0,112.0
2022-06-23,napkins,16660.0,16100.0,0.0,560.0
2022-06-23,ketchup,8738.0,8726.0,0.0,12.0
2022-06-23,ranch,8662.0,8662.0,0.0,0.0
2022-06-23,buffalo_sauce,9010.0,9001.0,0.0,9.0
2022-06-23,bbq_sauce,9038.0,9032.0,0.0,6.0
2022-06-23,polyneasian,8850.0,8848.0,0.0,2.0
2022-06-23,chickfala,8730.0,8727.0,0.0,3.0
2022-06-23,silverware,1984.0,1973.0,0.0,11.0
2022-06-24,fried_batter,733.0000000000002,614.0000000000002,0.0,119.0
2022-06-24,bun,403.0,358.0,0.0,45.0
2022-06-24,chicken_patty,144.0,773.5,700.0,70.5
2022-06-24,pickle_chips,1034.0,899.0,0.0,135.0
2022-06-24,lettuce,474.0,418.0,0.0,56.0
2022-06-24,tomato,474.0,418.0,0.0,56.0
2022-06-24,cheese,417.5,368.5,0.0,49.0
2022-06-24,spice,1030.0,995.0,0.0,35.0
2022-06-24,chicken_nuggets,8797.0,8518.5,0.0,278.5
2022-06-24,chicken_strips,3942.0,3882.0,0.0,60.0
2022-06-24,flat_bread,251.5,242.5,0.0,9.0
2022-06-24,mixed_greens,1497.0,1437.5,0.0,59.5
2022-06-24,shredded_monterey_jack,590.0,577.0,0.0,13.0
2022-06-24,waffle_fries,21662.84000000001,21520.32000000001,0.0,142.52
2022-06-24,roasted_corn_kernels,238.0,234.0,0.0,4.0
2022-06-24,crumbled_bacon,238.0,234.0,0.0,4.0
2022-06-24,avacado_lime_dressing,588.0,584.0,0.0,4.0
2022-06-24,red_bell_pepers,1113.0,1109.0,0.0,4.0
2022-06-24,grape tomatoes,315.0,295.0,0.0,20.0
2022-06-24,hard_boiled_egg,325.5,321.5,0.0,4.0
2022-06-24,blue_cheese,652.0,601.0,0.0,51.0
2022-06-24,apples,652.0,601.0,0.0,51.0
2022-06-24,strawberries,652.0,601.0,0.0,51.0
2022-06-24,blueberries,652.0,601.0,0.0,51.0
2022-06-24,harvest_nut_granola,652.0,601.0,0.0,51.0
2022-06-24,zesty_apple_vinagrette,652.0,601.0,0.0,51.0
2022-06-24,chicken_tenders,3844.0,3830.0,0.0,14.0
2022-06-24,biscuit,577.0,534.0,0.0,43.0
2022-06-24,chicken_mini_bread,2200.0,2179.0,0.0,21.0
2022-06-24,butter,1164.0,1162.5,0.0,1.5
2022-06-24,bacon,783.0,777.0,0.0,6.0
2022-06-24,tortilla,188.0,188.0,0.0,0.0
2022-06-24,eggs,106.0,435.0,350.0,21.0
2022-06-24,sausage,371.0,359.0,0.0,12.0
2022-06-24,bagel,173.0,149.0,0.0,24.0
2022-06-24,oatmeal,59.0,221.0,175.0,13.0
2022-06-24,fruit,252.0,223.5,0.0,28.5
2022-06-24,cream_cheese,297.0,290.0,0.0,7.0
2022-06-24,hash_brown,486.0,483.0,0.0,3.0
2022-06-24,yogurt_parfait,281.0,281.0,0.0,0.0
2022-06-24,cinamon_cluster,207.0,199.0,0.0,8.0
2022-06-24,lemonade,4968.8,4908.400000000001,0.0,60.4
2022-06-24,straw,23532.0,23316.0,0.0,216.0
2022-06-24,small_drink_cup,2682.0,2648.0,0.0,34.0
2022-06-24,medium_drink_cup,4410.0,4258.0,0.0,152.0
2022-06-24,large_drink_cup,2440.0,2410.0,0.0,30.0
2022-06-24,lemonade_diet,3544.7999999999984,3532.999999999998,0.0,11.8
2022-06-24,ice_tea_unsweet,5329.999999999991,5316.199999999991,0.0,13.799999999999999
2022-06-24,ice_tea_sweet,6650.000000000003,6573.100000000003,0.0,76.9
2022-06-24,soft_drink,21488.20000000001,21354.50000000001,0.0,133.7
2022-06-24,dasani_water_bottle,1143.0,1130.0,0.0,13.0
2022-06-24,orange_juice_bottle,1003.0,1003.0,0.0,0.0
2022-06-24,apple_juice,1069.0,1057.0,0.0,12.0
2022-06-24,ice_coffee,397.5,378.5,0.0,19.0
2022-06-24,coffee,889.5,855.25,0.0,34.25
2022-06-24,Coffee_box,363.0,350.0,0.0,13.0
2022-06-24,milk_chocolate,750.0,740.0,0.0,10.0
2022-06-24,milk,412.0,370.0,0.0,42.0
2022-06-24,icecream,424.0,337.0,0.0,87.0
2022-06-24,vanilla_flavor,666.0,652.0,0.0,14.0
2022-06-24,cream_flavor,116.0,105.0,0.0,11.0
2022-06-24,chunk_cookie,313.0,284.5,0.0,28.5
2022-06-24,chocolate_flavor,204.0,196.0,0.0,8.0
2022-06-24,strawberry_flavor,186.0,182.0,0.0,4.0
2022-06-24,frosted_extract,154.0,142.0,0.0,12.0
2022-06-24,icecream_cone,232.0,226.0,0.0,6.0
2022-06-24,icecream_come,298.0,291.0,0.0,7.0
2022-06-24,icecream_topping,226.0,220.0,0.0,6.0
2022-06-24,to_go_bag,7308.0,7197.0,0.0,111.0
2022-06-24,napkins,15540.0,14985.0,0.0,555.0
2022-06-24,ketchup,8714.0,8705.0,0.0,9.0
2022-06-24,ranch,8662.0,8652.0,0.0,10.0
2022-06-24,buffalo_sauce,8992.0,8978.0,0.0,14.0
2022-06-24,bbq_sauce,9026.0,9018.0,0.0,8.0
2022-06-24,polyneasian,8846.0,8843.0,0.0,3.0
2022-06-24,chickfala,8724.0,8718.0,0.0,6.0
2022-06-24,silverware,1962.0,1957.0,0.0,5.0
2022-06-25,fried_batter,495.0000000000002,367.0000000000002,0.0,128.0
2022-06-25,bun,313.0,263.0,0.0,50.0
2022-06-25,chicken_patty,1403.0,1310.5,0.0,92.5
2022-06-25,pickle_chips,764.0,614.0,0.0,150.0
2022-06-25,lettuce,362.0,302.0,0.0,60.0
2022-06-25,tomato,362.0,302.0,0.0,60.0
2022-06-25,cheese,319.5,254.5,0.0,65.0
2022-06-25,spice,960.0,939.0,0.0,21.0
2022-06-25,chicken_nuggets,8240.0,7733.0,0.0,507.0
2022-06-25,chicken_strips,3822.0,3756.0,0.0,66.0
2022-06-25,flat_bread,233.5,233.5,0.0,0.0
2022-06-25,mixed_greens,1378.0,1328.0,0.0,50.0
2022-06-25,shredded_monterey_jack,564.0,537.0,0.0,27.0
2022-06-25,waffle_fries,21377.80000000001,21220.24000000001,0.0,157.56
2022-06-25,roasted_corn_kernels,230.0,215.0,0.0,15.0
2022-06-25,crumbled_bacon,230.0,215.0,0.0,15.0
2022-06-25,avacado_lime_dressing,580.0,565.0,0.0,15.0
2022-06-25,red_bell_pepers,1105.0,1090.0,0.0,15.0
2022-06-25,grape tomatoes,275.0,1075.0,875.0,75.0
2022-06-25,hard_boiled_egg,317.5,302.5,0.0,15.0
2022-06-25,blue_cheese,550.0,515.0,0.0,35.0
2022-06-25,apples,550.0,515.0,0.0,35.0
2022-06-25,strawberries,550.0,515.0,0.0,35.0
2022-06-25,blueberries,550.0,515.0,0.0,35.0
2022-06-25,harvest_nut_granola,550.0,515.0,0.0,35.0
2022-06-25,zesty_apple_vinagrette,550.0,515.0,0.0,35.0
2022-06-25,chicken_tenders,3816.0,3808.0,0.0,8.0
2022-06-25,biscuit,491.0,475.0,0.0,16.0
2022-06-25,chicken_mini_bread,2158.0,2146.0,0.0,12.0
2022-06-25,butter,1161.0,1161.0,0.0,0.0
2022-06-25,bacon,771.0,765.0,0.0,6.0
2022-06-25,tortilla,188.0,176.0,0.0,12.0
2022-06-25,eggs,764.0,717.0,0.0,47.0
2022-06-25,sausage,347.0,342.0,0.0,5.0
2022-06-25,bagel,125.0,90.0,0.0,35.0
2022-06-25,oatmeal,383.0,364.0,0.0,19.0
2022-06-25,fruit,195.0,179.5,0.0,15.5
2022-06-25,cream_cheese,283.0,281.0,0.0,2.0
2022-06-25,hash_brown,480.0,474.0,0.0,6.0
2022-06-25,yogurt_parfait,281.0,278.0,0.0,3.0
2022-06-25,cinamon_cluster,191.0,181.0,0.0,10.0
2022-06-25,lemonade,4848.000000000001,4799.500000000001,0.0,48.50000000000001
2022-06-25,straw,23100.0,22871.0,0.0,229.0
2022-06-25,small_drink_cup,2614.0,2584.0,0.0,30.0
2022-06-25,medium_drink_cup,4106.0,3939.0,0.0,167.0
2022-06-25,large_drink_cup,2380.0,2348.0,0.0,32.0
2022-06-25,lemonade_diet,3521.199999999998,3485.899999999998,0.0,35.300000000000004
2022-06-25,ice_tea_unsweet,5302.3999999999905,5274.79999999999,0.0,27.6
2022-06-25,ice_tea_sweet,6496.2000000000035,6427.600000000003,0.0,68.60000000000001
2022-06-25,soft_drink,21220.80000000001,21083.20000000001,0.0,137.60000000000002
2022-06-25,dasani_water_bottle,1117.0,1115.0,0.0,2.0
2022-06-25,orange_juice_bottle,1003.0,996.0,0.0,7.0
2022-06-25,apple_juice,1045.0,1036.0,0.0,9.0
2022-06-25,ice_coffee,359.5,330.75,0.0,28.75
2022-06-25,coffee,821.0,801.0,0.0,20.0
2022-06-25,Coffee_box,337.0,324.0,0.0,13.0
2022-06-25,milk_chocolate,730.0,725.0,0.0,5.0
2022-06-25,milk,328.0,286.0,0.0,42.0
2022-06-25,icecream,250.0,170.0,0.0,80.0
2022-06-25,vanilla_flavor,638.0,634.0,0.0,4.0
2022-06-25,cream_flavor,94.0,438.0,350.0,6.0
2022-06-25,chunk_cookie,256.0,209.0,0.0,47.0
2022-06-25,chocolate_flavor,188.0,185.0,0.0,3.0
2022-06-25,strawberry_flavor,178.0,163.0,0.0,15.0
2022-06-25,frosted_extract,130.0,122.0,0.0,8.0
2022-06-25,icecream_cone,220.0,213.0,0.0,7.0
2022-06-25,icecream_come,284.0,267.0,0.0,17.0
2022-06-25,icecream_topping,214.0,210.0,0.0,4.0
2022-06-25,to_go_bag,7086.0,6978.0,0.0,108.0
2022-06-25,napkins,14430.0,13890.0,0.0,540.0
2022-06-25,ketchup,8696.0,8683.0,0.0,13.0
2022-06-25,ranch,8642.0,8637.0,0.0,5.0
2022-06-25,buffalo_sauce,8964.0,8956.0,0.0,8.0
2022-06-25,bbq_sauce,9010.0,9000.0,0.0,10.0
2022-06-25,polyneasian,8840.0,8831.0,0.0,9.0
2022-06-25,chickfala,8712.0,8705.0,0.0,7.0
2022-06-25,silverware,1952.0,1947.0,0.0,5.0
2022-06-27,fried_batter,239.00000000000023,631.8000000000002,525.0,132.2
2022-06-27,bun,213.0,172.0,0.0,41.0
2022-06-27,chicken_patty,1218.0,1153.5,0.0,64.5
2022-06-27,pickle_chips,464.0,2091.0,1750.0,123.0
2022-06-27,lettuce,242.0,224.0,0.0,18.0
2022-06-27,tomato,242.0,224.0,0.0,18.0
2022-06-27,cheese,189.5,157.5,0.0,32.0
2022-06-27,spice,918.0,896.0,0.0,22.0
2022-06-27,chicken_nuggets,7226.0,6660.0,0.0,566.0
2022-06-27,chicken_strips,3690.0,3642.0,0.0,48.0
2022-06-27,flat_bread,233.5,233.5,0.0,0.0
2022-06-27,mixed_greens,1278.0,1222.0,0.0,56.0
2022-06-27,shredded_monterey_jack,510.0,481.0,0.0,29.0
2022-06-27,waffle_fries,21062.680000000008,20916.160000000007,0.0,146.51999999999998
2022-06-27,roasted_corn_kernels,200.0,190.0,0.0,10.0
2022-06-27,crumbled_bacon,200.0,190.0,0.0,10.0
2022-06-27,avacado_lime_dressing,550.0,540.0,0.0,10.0
2022-06-27,red_bell_pepers,1075.0,1065.0,0.0,10.0
2022-06-27,grape tomatoes,1875.0,1825.0,0.0,50.0
2022-06-27,hard_boiled_egg,287.5,277.5,0.0,10.0
2022-06-27,blue_cheese,480.0,434.0,0.0,46.0
2022-06-27,apples,480.0,434.0,0.0,46.0
2022-06-27,strawberries,480.0,434.0,0.0,46.0
2022-06-27,blueberries,480.0,434.0,0.0,46.0
2022-06-27,harvest_nut_granola,480.0,434.0,0.0,46.0
2022-06-27,zesty_apple_vinagrette,480.0,434.0,0.0,46.0
2022-06-27,chicken_tenders,3800.0,3796.0,0.0,4.0
2022-06-27,biscuit,459.0,430.0,0.0,29.0
2022-06-27,chicken_mini_bread,2134.0,2059.0,0.0,75.0
2022-06-27,butter,1161.0,1159.5,0.0,1.5
2022-06-27,bacon,759.0,754.0,0.0,5.0
2022-06-27,tortilla,164.0,145.0,0.0,19.0
2022-06-27,eggs,670.0,628.0,0.0,42.0
2022-06-27,sausage,337.0,326.0,0.0,11.0
2022-06-27,bagel,55.0,211.0,175.0,19.0
2022-06-27,oatmeal,345.0,324.0,0.0,21.0
2022-06-27,fruit,164.0,139.5,0.0,24.5
2022-06-27,cream_cheese,279.0,270.0,0.0,9.0
2022-06-27,hash_brown,468.0,453.0,0.0,15.0
2022-06-27,yogurt_parfait,275.0,266.0,0.0,9.0
2022-06-27,cinamon_cluster,171.0,158.0,0.0,13.0
2022-06-27,lemonade,4751.000000000001,4687.900000000001,0.0,63.10000000000001
2022-06-27,straw,22642.0,22415.0,0.0,227.0
2022-06-27,small_drink_cup,2554.0,2521.0,0.0,33.0
2022-06-27,medium_drink_cup,3772.0,3601.0,0.0,171.0
2022-06-27,large_drink_cup,2316.0,2293.0,0.0,23.0
2022-06-27,lemonade_diet,3450.5999999999976,3434.899999999998,0.0,15.7
2022-06-27,ice_tea_unsweet,5247.19999999999,5229.599999999989,0.0,17.599999999999998
2022-06-27,ice_tea_sweet,6359.000000000003,6308.100000000003,0.0,50.900000000000006
2022-06-27,soft_drink,20945.600000000013,20803.600000000013,0.0,142.0
2022-06-27,dasani_water_bottle,1113.0,1101.0,0.0,12.0
2022-06-27,orange_juice_bottle,989.0,974.0,0.0,15.0
2022-06-27,apple_juice,1027.0,1023.0,0.0,4.0
2022-06-27,ice_coffee,302.0,294.0,0.0,8.0
2022-06-27,coffee,781.0,762.75,0.0,18.25
2022-06-27,Coffee_box,311.0,298.0,0.0,13.0
2022-06-27,milk_chocolate,720.0,714.0,0.0,6.0
2022-06-27,milk,244.0,211.0,0.0,33.0
2022-06-27,icecream,90.0,373.0,350.0,67.0
2022-06-27,vanilla_flavor,630.0,623.0,0.0,7.0
2022-06-27,cream_flavor,782.0,776.0,0.0,6.0
2022-06-27,chunk_cookie,162.0,113.0,0.0,49.0
2022-06-27,chocolate_flavor,182.0,173.0,0.0,9.0
2022-06-27,strawberry_flavor,148.0,145.0,0.0,3.0
2022-06-27,frosted_extract,114.0,110.0,0.0,4.0
2022-06-27,icecream_cone,206.0,198.0,0.0,8.0
2022-06-27,icecream_come,250.0,241.0,0.0,9.0
2022-06-27,icecream_topping,206.0,201.0,0.0,5.0
2022-06-27,to_go_bag,6870.0,6758.0,0.0,112.0
2022-06-27,napkins,13350.0,12790.0,0.0,560.0
2022-06-27,ketchup,8670.0,8657.0,0.0,13.0
2022-06-27,ranch,8632.0,8625.0,0.0,7.0
2022-06-27,buffalo_sauce,8948.0,8939.0,0.0,9.0
2022-06-27,bbq_sauce,8990.0,8990.0,0.0,0.0
2022-06-27,polyneasian,8822.0,8813.0,0.0,9.0
2022-06-27,chickfala,8698.0,8694.0,0.0,4.0
2022-06-27,silverware,1942.0,1934.0,0.0,8.0
2022-06-28,fried_batter,1024.6000000000001,874.8000000000002,0.0,149.8
2022-06-28,bun,131.0,613.0,525.0,43.0
2022-06-28,chicken_patty,1089.0,1020.0,0.0,69.0
2022-06-28,pickle_chips,3718.0,3589.0,0.0,129.0
2022-06-28,lettuce,206.0,144.0,0.0,62.0
2022-06-28,tomato,206.0,144.0,0.0,62.0
2022-06-28,cheese,125.5,335.0,262.5,53.0
2022-06-28,spice,874.0,836.0,0.0,38.0
2022-06-28,chicken_nuggets,6094.0,5726.5,0.0,367.5
2022-06-28,chicken_strips,3594.0,3554.0,0.0,40.0
2022-06-28,flat_bread,233.5,222.5,0.0,11.0
2022-06-28,mixed_greens,1166.0,1119.5,0.0,46.5
2022-06-28,shredded_monterey_jack,452.0,424.0,0.0,28.0
2022-06-28,waffle_fries,20769.640000000007,20618.020000000008,0.0,151.62
2022-06-28,roasted_corn_kernels,180.0,166.0,0.0,14.0
2022-06-28,crumbled_bacon,180.0,166.0,0.0,14.0
2022-06-28,avacado_lime_dressing,530.0,516.0,0.0,14.0
2022-06-28,red_bell_pepers,1055.0,1041.0,0.0,14.0
2022-06-28,grape tomatoes,1775.0,1705.0,0.0,70.0
2022-06-28,hard_boiled_egg,267.5,253.5,0.0,14.0
2022-06-28,blue_cheese,388.0,361.0,0.0,27.0
2022-06-28,apples,388.0,361.0,0.0,27.0
2022-06-28,strawberries,388.0,361.0,0.0,27.0
2022-06-28,blueberries,388.0,361.0,0.0,27.0
2022-06-28,harvest_nut_granola,388.0,361.0,0.0,27.0
2022-06-28,zesty_apple_vinagrette,388.0,361.0,0.0,27.0
2022-06-28,chicken_tenders,3792.0,3776.0,0.0,16.0
2022-06-28,biscuit,401.0,335.0,0.0,66.0
2022-06-28,chicken_mini_bread,1984.0,1870.0,0.0,114.0
2022-06-28,butter,1158.0,1153.25,0.0,4.75
2022-06-28,bacon,749.0,741.0,0.0,8.0
2022-06-28,tortilla,126.0,123.0,0.0,3.0
2022-06-28,eggs,586.0,561.0,0.0,25.0
2022-06-28,sausage,315.0,304.0,0.0,11.0
2022-06-28,bagel,367.0,342.0,0.0,25.0
2022-06-28,oatmeal,303.0,285.0,0.0,18.0
2022-06-28,fruit,115.0,447.5,350.0,17.5
2022-06-28,cream_cheese,261.0,253.0,0.0,8.0
2022-06-28,hash_brown,438.0,426.0,0.0,12.0
2022-06-28,yogurt_parfait,257.0,253.0,0.0,4.0
2022-06-28,cinamon_cluster,145.0,138.0,0.0,7.0
2022-06-28,lemonade,4624.8,4573.400000000001,0.0,51.4
2022-06-28,straw,22188.0,21960.0,0.0,228.0
2022-06-28,small_drink_cup,2488.0,2458.0,0.0,30.0
2022-06-28,medium_drink_cup,3430.0,3263.0,0.0,167.0
2022-06-28,large_drink_cup,2270.0,2239.0,0.0,31.0
2022-06-28,lemonade_diet,3419.199999999998,3402.599999999998,0.0,16.6
2022-06-28,ice_tea_unsweet,5211.999999999989,5195.699999999989,0.0,16.3
2022-06-28,ice_tea_sweet,6257.2000000000035,6191.500000000004,0.0,65.7
2022-06-28,soft_drink,20661.600000000013,20507.20000000001,0.0,154.4
2022-06-28,dasani_water_bottle,1089.0,1084.0,0.0,5.0
2022-06-28,orange_juice_bottle,959.0,955.0,0.0,4.0
2022-06-28,apple_juice,1019.0,1013.0,0.0,6.0
2022-06-28,ice_coffee,286.0,251.25,0.0,34.75
2022-06-28,coffee,744.5,713.75,0.0,30.75
2022-06-28,Coffee_box,285.0,281.0,0.0,4.0
2022-06-28,milk_chocolate,708.0,701.0,0.0,7.0
2022-06-28,milk,178.0,146.0,0.0,32.0
2022-06-28,icecream,656.0,586.0,0.0,70.0
2022-06-28,vanilla_flavor,616.0,611.0,0.0,5.0
2022-06-28,cream_flavor,770.0,770.0,0.0,0.0
2022-06-28,chunk_cookie,64.0,380.0,350.0,34.0
2022-06-28,chocolate_flavor,164.0,161.0,0.0,3.0
2022-06-28,strawberry_flavor,142.0,126.0,0.0,16.0
2022-06-28,frosted_extract,106.0,100.0,0.0,6.0
2022-06-28,icecream_cone,190.0,175.0,0.0,15.0
2022-06-28,icecream_come,232.0,225.0,0.0,7.0
2022-06-28,icecream_topping,196.0,195.0,0.0,1.0
2022-06-28,to_go_bag,6646.0,6525.0,0.0,121.0
2022-06-28,napkins,12230.0,11625.0,0.0,605.0
2022-06-28,ketchup,8644.0,8629.0,0.0,15.0
2022-06-28,ranch,8618.0,8613.0,0.0,5.0
2022-06-28,buffalo_sauce,8930.0,8908.0,0.0,22.0
2022-06-28,bbq_sauce,8990.0,8985.0,0.0,5.0
2022-06-28,polyneasian,8804.0,8804.0,0.0,0.0
2022-06-28,chickfala,8690.0,8686.0,0.0,4.0
2022-06-28,silverware,1926.0,1922.0,0.0,4.0
2022-06-29,fried_batter,725.0000000000002,588.2000000000003,0.0,136.79999999999998
2022-06-29,bun,1095.0,1041.0,0.0,54.0
2022-06-29,chicken_patty,951.0,851.0,0.0,100.0
2022-06-29,pickle_chips,3460.0,3298.0,0.0,162.0
2022-06-29,lettuce,82.0,352.0,350.0,80.0
2022-06-29,tomato,82.0,352.0,350.0,80.0
2022-06-29,cheese,544.5,478.5,0.0,66.0
2022-06-29,spice,798.0,779.0,0.0,19.0
2022-06-29,chicken_nuggets,5359.0,4891.5,0.0,467.5
2022-06-29,chicken_strips,3514.0,3483.0,0.0,31.0
2022-06-29,flat_bread,211.5,200.5,0.0,11.0
2022-06-29,mixed_greens,1073.0,1008.5,0.0,64.5
2022-06-29,shredded_monterey_jack,396.0,374.0,0.0,22.0
2022-06-29,waffle_fries,20466.40000000001,20327.22000000001,0.0,139.17999999999998
2022-06-29,roasted_corn_kernels,152.0,147.0,0.0,5.0
2022-06-29,crumbled_bacon,152.0,147.0,0.0,5.0
2022-06-29,avacado_lime_dressing,502.0,497.0,0.0,5.0
2022-06-29,red_bell_pepers,1027.0,1022.0,0.0,5.0
2022-06-29,grape tomatoes,1635.0,1610.0,0.0,25.0
2022-06-29,hard_boiled_egg,239.5,234.5,0.0,5.0
2022-06-29,blue_cheese,334.0,280.0,0.0,54.0
2022-06-29,apples,334.0,280.0,0.0,54.0
2022-06-29,strawberries,334.0,280.0,0.0,54.0
2022-06-29,blueberries,334.0,280.0,0.0,54.0
2022-06-29,harvest_nut_granola,334.0,280.0,0.0,54.0
2022-06-29,zesty_apple_vinagrette,334.0,280.0,0.0,54.0
2022-06-29,chicken_tenders,3760.0,3758.0,0.0,2.0
2022-06-29,biscuit,269.0,228.0,0.0,41.0
2022-06-29,chicken_mini_bread,1756.0,1720.0,0.0,36.0
2022-06-29,butter,1148.5,1145.25,0.0,3.25
2022-06-29,bacon,733.0,726.0,0.0,7.0
2022-06-29,tortilla,120.0,114.0,0.0,6.0
2022-06-29,eggs,536.0,504.0,0.0,32.0
2022-06-29,sausage,293.0,288.0,0.0,5.0
2022-06-29,bagel,317.0,286.0,0.0,31.0
2022-06-29,oatmeal,267.0,261.0,0.0,6.0
2022-06-29,fruit,780.0,759.5,0.0,20.5
2022-06-29,cream_cheese,245.0,241.0,0.0,4.0
2022-06-29,hash_brown,414.0,411.0,0.0,3.0
2022-06-29,yogurt_parfait,249.0,241.0,0.0,8.0
2022-06-29,cinamon_cluster,131.0,107.0,0.0,24.0
2022-06-29,lemonade,4522.000000000001,4489.200000000001,0.0,32.8
2022-06-29,straw,21732.0,21493.0,0.0,239.0
2022-06-29,small_drink_cup,2428.0,2385.0,0.0,43.0
2022-06-29,medium_drink_cup,3096.0,2927.0,0.0,169.0
2022-06-29,large_drink_cup,2208.0,2181.0,0.0,27.0
2022-06-29,lemonade_diet,3385.999999999998,3357.999999999998,0.0,28.0
2022-06-29,ice_tea_unsweet,5179.399999999989,5151.399999999989,0.0,28.0
2022-06-29,ice_tea_sweet,6125.800000000004,6047.000000000004,0.0,78.8
2022-06-29,soft_drink,20352.80000000001,20213.30000000001,0.0,139.5
2022-06-29,dasani_water_bottle,1079.0,1077.0,0.0,2.0
2022-06-29,orange_juice_bottle,951.0,941.0,0.0,10.0
2022-06-29,apple_juice,1007.0,992.0,0.0,15.0
2022-06-29,ice_coffee,216.5,194.75,0.0,21.75
2022-06-29,coffee,683.0,668.75,0.0,14.25
2022-06-29,Coffee_box,277.0,262.0,0.0,15.0
2022-06-29,milk_chocolate,694.0,692.0,0.0,2.0
2022-06-29,milk,114.0,419.0,350.0,45.0
2022-06-29,icecream,516.0,418.0,0.0,98.0
2022-06-29,vanilla_flavor,606.0,591.0,0.0,15.0
2022-06-29,cream_flavor,770.0,755.0,0.0,15.0
2022-06-29,chunk_cookie,696.0,642.5,0.0,53.5
2022-06-29,chocolate_flavor,158.0,158.0,0.0,0.0
2022-06-29,strawberry_flavor,110.0,448.0,350.0,12.0
2022-06-29,frosted_extract,94.0,440.0,350.0,4.0
2022-06-29,icecream_cone,160.0,156.0,0.0,4.0
2022-06-29,icecream_come,218.0,208.0,0.0,10.0
2022-06-29,icecream_topping,194.0,180.0,0.0,14.0
2022-06-29,to_go_bag,6404.0,6286.0,0.0,118.0
2022-06-29,napkins,11020.0,10430.0,0.0,590.0
2022-06-29,ketchup,8614.0,8612.0,0.0,2.0
2022-06-29,ranch,8608.0,8604.0,0.0,4.0
2022-06-29,buffalo_sauce,8886.0,8873.0,0.0,13.0
2022-06-29,bbq_sauce,8980.0,8977.0,0.0,3.0
2022-06-29,polyneasian,8804.0,8795.0,0.0,9.0
2022-06-29,chickfala,8682.0,8675.0,0.0,7.0
2022-06-29,silverware,1918.0,1902.0,0.0,16.0
2022-06-30,fried_batter,451.4000000000003,320.2000000000003,0.0,131.20000000000002
2022-06-30,bun,987.0,946.0,0.0,41.0
2022-06-30,chicken_patty,751.0,670.0,0.0,81.0
2022-06-30,pickle_chips,3136.0,3013.0,0.0,123.0
2022-06-30,lettuce,622.0,578.0,0.0,44.0
2022-06-30,tomato,622.0,578.0,0.0,44.0
2022-06-30,cheese,412.5,373.5,0.0,39.0
2022-06-30,spice,760.0,730.0,0.0,30.0
2022-06-30,chicken_nuggets,4424.0,4010.5,0.0,413.5
2022-06-30,chicken_strips,3452.0,3381.0,0.0,71.0
2022-06-30,flat_bread,189.5,186.5,0.0,3.0
2022-06-30,mixed_greens,944.0,884.5,0.0,59.5
2022-06-30,shredded_monterey_jack,352.0,335.0,0.0,17.0
2022-06-30,waffle_fries,20188.040000000008,20036.960000000006,0.0,151.08
2022-06-30,roasted_corn_kernels,142.0,131.0,0.0,11.0
2022-06-30,crumbled_bacon,142.0,131.0,0.0,11.0
2022-06-30,avacado_lime_dressing,492.0,481.0,0.0,11.0
2022-06-30,red_bell_pepers,1017.0,1006.0,0.0,11.0
2022-06-30,grape tomatoes,1585.0,1530.0,0.0,55.0
2022-06-30,hard_boiled_egg,229.5,218.5,0.0,11.0
2022-06-30,blue_cheese,226.0,179.0,0.0,47.0
2022-06-30,apples,226.0,179.0,0.0,47.0
2022-06-30,strawberries,226.0,179.0,0.0,47.0
2022-06-30,blueberries,226.0,179.0,0.0,47.0
2022-06-30,harvest_nut_granola,226.0,179.0,0.0,47.0
2022-06-30,zesty_apple_vinagrette,226.0,179.0,0.0,47.0
2022-06-30,chicken_tenders,3756.0,3748.0,0.0,8.0
2022-06-30,biscuit,187.0,160.0,0.0,27.0
2022-06-30,chicken_mini_bread,1684.0,1636.0,0.0,48.0
2022-06-30,butter,1142.0,1141.0,0.0,1.0
2022-06-30,bacon,719.0,712.0,0.0,7.0
2022-06-30,tortilla,108.0,105.0,0.0,3.0
2022-06-30,eggs,472.0,452.0,0.0,20.0
2022-06-30,sausage,283.0,281.0,0.0,2.0
2022-06-30,bagel,255.0,242.0,0.0,13.0
2022-06-30,oatmeal,255.0,244.0,0.0,11.0
2022-06-30,fruit,739.0,716.5,0.0,22.5
2022-06-30,cream_cheese,237.0,232.0,0.0,5.0
2022-06-30,hash_brown,408.0,401.0,0.0,7.0
2022-06-30,yogurt_parfait,233.0,231.0,0.0,2.0
2022-06-30,cinamon_cluster,83.0,82.0,0.0,1.0
2022-06-30,lemonade,4456.400000000001,4416.000000000001,0.0,40.400000000000006
2022-06-30,straw,21254.0,21039.0,0.0,215.0
2022-06-30,small_drink_cup,2342.0,2311.0,0.0,31.0
2022-06-30,medium_drink_cup,2758.0,2615.0,0.0,143.0
2022-06-30,large_drink_cup,2154.0,2113.0,0.0,41.0
2022-06-30,lemonade_diet,3329.999999999998,3312.2999999999984,0.0,17.7
2022-06-30,ice_tea_unsweet,5123.399999999989,5095.0999999999885,0.0,28.3
2022-06-30,ice_tea_sweet,5968.2000000000035,5924.500000000004,0.0,43.7
2022-06-30,soft_drink,20073.80000000001,19939.20000000001,0.0,134.60000000000002
2022-06-30,dasani_water_bottle,1075.0,1062.0,0.0,13.0
2022-06-30,orange_juice_bottle,931.0,922.0,0.0,9.0
2022-06-30,apple_juice,977.0,961.0,0.0,16.0
2022-06-30,ice_coffee,173.0,154.75,0.0,18.25
2022-06-30,coffee,654.5,629.75,0.0,24.75
2022-06-30,Coffee_box,247.0,245.0,0.0,2.0
2022-06-30,milk_chocolate,690.0,683.0,0.0,7.0
2022-06-30,milk,724.0,694.0,0.0,30.0
2022-06-30,icecream,320.0,267.0,0.0,53.0
2022-06-30,vanilla_flavor,576.0,567.0,0.0,9.0
2022-06-30,cream_flavor,740.0,733.0,0.0,7.0
2022-06-30,chunk_cookie,589.0,482.5,0.0,106.5
2022-06-30,chocolate_flavor,158.0,155.0,0.0,3.0
2022-06-30,strawberry_flavor,786.0,784.0,0.0,2.0
2022-06-30,frosted_extract,786.0,774.0,0.0,12.0
2022-06-30,icecream_cone,152.0,149.0,0.0,3.0
2022-06-30,icecream_come,198.0,190.0,0.0,8.0
2022-06-30,icecream_topping,166.0,154.0,0.0,12.0
2022-06-30,to_go_bag,6168.0,6059.0,0.0,109.0
2022-06-30,napkins,9840.0,9295.0,0.0,545.0
2022-06-30,ketchup,8610.0,8601.0,0.0,9.0
2022-06-30,ranch,8600.0,8594.0,0.0,6.0
2022-06-30,buffalo_sauce,8860.0,8857.0,0.0,3.0
2022-06-30,bbq_sauce,8974.0,8969.0,0.0,5.0
2022-06-30,polyneasian,8786.0,8781.0,0.0,5.0
2022-06-30,chickfala,8668.0,8668.0,0.0,0.0
2022-06-30,silverware,1886.0,1882.0,0.0,4.0
2022-07-01,fried_batter,189.00000000000026,572.8000000000002,525.0,141.2
2022-07-01,bun,905.0,851.0,0.0,54.0
2022-07-01,chicken_patty,589.0,508.5,0.0,80.5
2022-07-01,pickle_chips,2890.0,2728.0,0.0,162.0
2022-07-01,lettuce,534.0,460.0,0.0,74.0
2022-07-01,tomato,534.0,460.0,0.0,74.0
2022-07-01,cheese,334.5,282.5,0.0,52.0
2022-07-01,spice,700.0,671.0,0.0,29.0
2022-07-01,chicken_nuggets,3597.0,3226.5,0.0,370.5
2022-07-01,chicken_strips,3310.0,3220.0,0.0,90.0
2022-07-01,flat_bread,183.5,172.5,0.0,11.0
2022-07-01,mixed_greens,825.0,769.5,0.0,55.5
2022-07-01,shredded_monterey_jack,318.0,303.0,0.0,15.0
2022-07-01,waffle_fries,19885.880000000005,19772.460000000006,0.0,113.42
2022-07-01,roasted_corn_kernels,120.0,118.0,0.0,2.0
2022-07-01,crumbled_bacon,120.0,118.0,0.0,2.0
2022-07-01,avacado_lime_dressing,470.0,468.0,0.0,2.0
2022-07-01,red_bell_pepers,995.0,993.0,0.0,2.0
2022-07-01,grape tomatoes,1475.0,1465.0,0.0,10.0
2022-07-01,hard_boiled_egg,207.5,205.5,0.0,2.0
2022-07-01,blue_cheese,132.0,434.0,350.0,48.0
2022-07-01,apples,132.0,434.0,350.0,48.0
2022-07-01,strawberries,132.0,434.0,350.0,48.0
2022-07-01,blueberries,132.0,434.0,350.0,48.0
2022-07-01,harvest_nut_granola,132.0,434.0,350.0,48.0
2022-07-01,zesty_apple_vinagrette,132.0,434.0,350.0,48.0
2022-07-01,chicken_tenders,3740.0,3720.0,0.0,20.0
2022-07-01,biscuit,133.0,640.0,525.0,18.0
2022-07-01,chicken_mini_bread,1588.0,1540.0,0.0,48.0
2022-07-01,butter,1140.0,1139.5,0.0,0.5
2022-07-01,bacon,705.0,701.0,0.0,4.0
2022-07-01,tortilla,102.0,100.0,0.0,2.0
2022-07-01,eggs,432.0,415.0,0.0,17.0
2022-07-01,sausage,279.0,274.0,0.0,5.0
2022-07-01,bagel,229.0,214.0,0.0,15.0
2022-07-01,oatmeal,233.0,228.0,0.0,5.0
2022-07-01,fruit,694.0,671.0,0.0,23.0
2022-07-01,cream_cheese,227.0,224.0,0.0,3.0
2022-07-01,hash_brown,394.0,393.0,0.0,1.0
2022-07-01,yogurt_parfait,229.0,224.0,0.0,5.0
2022-07-01,cinamon_cluster,81.0,78.0,0.0,3.0
2022-07-01,lemonade,4375.600000000001,4299.500000000001,0.0,76.10000000000001
2022-07-01,straw,20824.0,20612.0,0.0,212.0
2022-07-01,small_drink_cup,2280.0,2237.0,0.0,43.0
2022-07-01,medium_drink_cup,2472.0,2335.0,0.0,137.0
2022-07-01,large_drink_cup,2072.0,2040.0,0.0,32.0
2022-07-01,lemonade_diet,3294.5999999999985,3281.5999999999985,0.0,13.0
2022-07-01,ice_tea_unsweet,5066.799999999988,5046.199999999988,0.0,20.6
2022-07-01,ice_tea_sweet,5880.800000000004,5821.300000000004,0.0,59.5
2022-07-01,soft_drink,19804.600000000013,19673.70000000001,0.0,130.9
2022-07-01,dasani_water_bottle,1049.0,1049.0,0.0,0.0
2022-07-01,orange_juice_bottle,913.0,907.0,0.0,6.0
2022-07-01,apple_juice,945.0,933.0,0.0,12.0
2022-07-01,ice_coffee,136.5,111.75,0.0,24.75
2022-07-01,coffee,605.0,583.25,0.0,21.75
2022-07-01,Coffee_box,243.0,233.0,0.0,10.0
2022-07-01,milk_chocolate,676.0,675.0,0.0,1.0
2022-07-01,milk,664.0,635.0,0.0,29.0
2022-07-01,icecream,214.0,160.0,0.0,54.0
2022-07-01,vanilla_flavor,558.0,548.0,0.0,10.0
2022-07-01,cream_flavor,726.0,725.0,0.0,1.0
2022-07-01,chunk_cookie,376.0,335.5,0.0,40.5
2022-07-01,chocolate_flavor,152.0,145.0,0.0,7.0
2022-07-01,strawberry_flavor,782.0,778.0,0.0,4.0
2022-07-01,frosted_extract,762.0,757.0,0.0,5.0
2022-07-01,icecream_cone,146.0,137.0,0.0,9.0
2022-07-01,icecream_come,182.0,181.0,0.0,1.0
2022-07-01,icecream_topping,142.0,140.0,0.0,2.0
2022-07-01,to_go_bag,5950.0,5852.0,0.0,98.0
2022-07-01,napkins,8750.0,8260.0,0.0,490.0
2022-07-01,ketchup,8592.0,8589.0,0.0,3.0
2022-07-01,ranch,8588.0,8576.0,0.0,12.0
2022-07-01,buffalo_sauce,8854.0,8851.0,0.0,3.0
2022-07-01,bbq_sauce,8964.0,8951.0,0.0,13.0
2022-07-01,polyneasian,8776.0,8774.0,0.0,2.0
2022-07-01,chickfala,8668.0,8661.0,0.0,7.0
2022-07-01,silverware,1878.0,1878.0,0.0,0.0
2022-07-02,fried_batter,956.6000000000001,812.2000000000002,0.0,144.4
2022-07-02,bun,797.0,760.0,0.0,37.0
2022-07-02,chicken_patty,428.0,355.5,0.0,72.5
2022-07-02,pickle_chips,2566.0,2455.0,0.0,111.0
2022-07-02,lettuce,386.0,362.0,0.0,24.0
2022-07-02,tomato,386.0,362.0,0.0,24.0
2022-07-02,cheese,230.5,198.5,0.0,32.0
2022-07-02,spice,642.0,617.0,0.0,25.0
2022-07-02,chicken_nuggets,2856.0,2494.5,0.0,361.5
2022-07-02,chicken_strips,3130.0,3064.0,0.0,66.0
2022-07-02,flat_bread,161.5,150.5,0.0,11.0
2022-07-02,mixed_greens,714.0,649.5,0.0,64.5
2022-07-02,shredded_monterey_jack,288.0,1322.0,1050.0,16.0
2022-07-02,waffle_fries,19659.040000000008,19529.22000000001,0.0,129.82
2022-07-02,roasted_corn_kernels,116.0,116.0,0.0,0.0
2022-07-02,crumbled_bacon,116.0,116.0,0.0,0.0
2022-07-02,avacado_lime_dressing,466.0,466.0,0.0,0.0
2022-07-02,red_bell_pepers,991.0,991.0,0.0,0.0
2022-07-02,grape tomatoes,1455.0,1455.0,0.0,0.0
2022-07-02,hard_boiled_egg,203.5,203.5,0.0,0.0
2022-07-02,blue_cheese,736.0,677.0,0.0,59.0
2022-07-02,apples,736.0,677.0,0.0,59.0
2022-07-02,strawberries,736.0,677.0,0.0,59.0
2022-07-02,blueberries,736.0,677.0,0.0,59.0
2022-07-02,harvest_nut_granola,736.0,677.0,0.0,59.0
2022-07-02,zesty_apple_vinagrette,736.0,677.0,0.0,59.0
2022-07-02,chicken_tenders,3700.0,3686.0,0.0,14.0
2022-07-02,biscuit,1147.0,1108.0,0.0,39.0
2022-07-02,chicken_mini_bread,1492.0,1426.0,0.0,66.0
2022-07-02,butter,1139.0,1138.0,0.0,1.0
2022-07-02,bacon,697.0,688.0,0.0,9.0
2022-07-02,tortilla,98.0,443.0,350.0,5.0
2022-07-02,eggs,398.0,373.0,0.0,25.0
2022-07-02,sausage,269.0,262.0,0.0,7.0
2022-07-02,bagel,199.0,179.0,0.0,20.0
2022-07-02,oatmeal,223.0,202.0,0.0,21.0
2022-07-02,fruit,648.0,616.0,0.0,32.0
2022-07-02,cream_cheese,221.0,212.0,0.0,9.0
2022-07-02,hash_brown,392.0,392.0,0.0,0.0
2022-07-02,yogurt_parfait,219.0,211.0,0.0,8.0
2022-07-02,cinamon_cluster,75.0,66.0,0.0,9.0
2022-07-02,lemonade,4223.400000000001,4184.500000000001,0.0,38.900000000000006
2022-07-02,straw,20400.0,20156.0,0.0,244.0
2022-07-02,small_drink_cup,2194.0,2135.0,0.0,59.0
2022-07-02,medium_drink_cup,2198.0,2049.0,0.0,149.0
2022-07-02,large_drink_cup,2008.0,1972.0,0.0,36.0
2022-07-02,lemonade_diet,3268.5999999999985,3234.1999999999985,0.0,34.39999999999999
2022-07-02,ice_tea_unsweet,5025.599999999988,4997.199999999988,0.0,28.4
2022-07-02,ice_tea_sweet,5761.800000000004,5713.500000000004,0.0,48.300000000000004
2022-07-02,soft_drink,19542.80000000001,19402.90000000001,0.0,139.89999999999998
2022-07-02,dasani_water_bottle,1049.0,1037.0,0.0,12.0
2022-07-02,orange_juice_bottle,901.0,901.0,0.0,0.0
2022-07-02,apple_juice,921.0,912.0,0.0,9.0
2022-07-02,ice_coffee,87.0,406.25,350.0,30.75
2022-07-02,coffee,561.5,546.0,0.0,15.5
2022-07-02,Coffee_box,223.0,212.0,0.0,11.0
2022-07-02,milk_chocolate,674.0,671.0,0.0,3.0
2022-07-02,milk,606.0,561.0,0.0,45.0
2022-07-02,icecream,106.0,370.0,350.0,86.0
2022-07-02,vanilla_flavor,538.0,533.0,0.0,5.0
2022-07-02,cream_flavor,724.0,721.0,0.0,3.0
2022-07-02,chunk_cookie,295.0,264.5,0.0,30.5
2022-07-02,chocolate_flavor,138.0,129.0,0.0,9.0
2022-07-02,strawberry_flavor,774.0,759.0,0.0,15.0
2022-07-02,frosted_extract,752.0,742.0,0.0,10.0
2022-07-02,icecream_cone,128.0,120.0,0.0,8.0
2022-07-02,icecream_come,180.0,166.0,0.0,14.0
2022-07-02,icecream_topping,138.0,132.0,0.0,6.0
2022-07-02,to_go_bag,5754.0,5625.0,0.0,129.0
2022-07-02,napkins,7770.0,7125.0,0.0,645.0
2022-07-02,ketchup,8586.0,8579.0,0.0,7.0
2022-07-02,ranch,8564.0,8554.0,0.0,10.0
2022-07-02,buffalo_sauce,8848.0,8844.0,0.0,4.0
2022-07-02,bbq_sauce,8938.0,8935.0,0.0,3.0
2022-07-02,polyneasian,8772.0,8767.0,0.0,5.0
2022-07-02,chickfala,8654.0,8643.0,0.0,11.0
2022-07-02,silverware,1878.0,1864.0,0.0,14.0
2022-07-04,fried_batter,667.8000000000002,543.0000000000002,0.0,124.8
2022-07-04,bun,723.0,670.0,0.0,53.0
2022-07-04,chicken_patty,283.0,201.5,0.0,81.5
2022-07-04,pickle_chips,2344.0,2185.0,0.0,159.0
2022-07-04,lettuce,338.0,256.0,0.0,82.0
2022-07-04,tomato,338.0,256.0,0.0,82.0
2022-07-04,cheese,166.5,120.5,0.0,46.0
2022-07-04,spice,592.0,556.0,0.0,36.0
2022-07-04,chicken_nuggets,2133.0,8774.0,7000.0,359.0
2022-07-04,chicken_strips,2998.0,2945.0,0.0,53.0
2022-07-04,flat_bread,139.5,129.5,0.0,10.0
2022-07-04,mixed_greens,585.0,528.0,0.0,57.0
2022-07-04,shredded_monterey_jack,2356.0,2334.0,0.0,22.0
2022-07-04,waffle_fries,19399.40000000001,19240.64000000001,0.0,158.76
2022-07-04,roasted_corn_kernels,116.0,109.0,0.0,7.0
2022-07-04,crumbled_bacon,116.0,109.0,0.0,7.0
2022-07-04,avacado_lime_dressing,466.0,459.0,0.0,7.0
2022-07-04,red_bell_pepers,991.0,984.0,0.0,7.0
2022-07-04,grape tomatoes,1455.0,1420.0,0.0,35.0
2022-07-04,hard_boiled_egg,203.5,196.5,0.0,7.0
2022-07-04,blue_cheese,618.0,573.0,0.0,45.0
2022-07-04,apples,618.0,573.0,0.0,45.0
2022-07-04,strawberries,618.0,573.0,0.0,45.0
2022-07-04,blueberries,618.0,573.0,0.0,45.0
2022-07-04,harvest_nut_granola,618.0,573.0,0.0,45.0
2022-07-04,zesty_apple_vinagrette,618.0,573.0,0.0,45.0
2022-07-04,chicken_tenders,3672.0,3656.0,0.0,16.0
2022-07-04,biscuit,1069.0,1040.0,0.0,29.0
2022-07-04,chicken_mini_bread,1360.0,1321.0,0.0,39.0
2022-07-04,butter,1137.0,1135.75,0.0,1.25
2022-07-04,bacon,679.0,677.0,0.0,2.0
2022-07-04,tortilla,788.0,783.0,0.0,5.0
2022-07-04,eggs,348.0,338.0,0.0,10.0
2022-07-04,sausage,255.0,254.0,0.0,1.0
2022-07-04,bagel,159.0,136.0,0.0,23.0
2022-07-04,oatmeal,181.0,169.0,0.0,12.0
2022-07-04,fruit,584.0,552.0,0.0,32.0
2022-07-04,cream_cheese,203.0,193.0,0.0,10.0
2022-07-04,hash_brown,392.0,392.0,0.0,0.0
2022-07-04,yogurt_parfait,203.0,195.0,0.0,8.0
2022-07-04,cinamon_cluster,57.0,224.0,175.0,8.0
2022-07-04,lemonade,4145.600000000001,4049.6000000000013,0.0,96.00000000000001
2022-07-04,straw,19912.0,19658.0,0.0,254.0
2022-07-04,small_drink_cup,2076.0,2052.0,0.0,24.0
2022-07-04,medium_drink_cup,1900.0,1722.0,0.0,178.0
2022-07-04,large_drink_cup,1936.0,1884.0,0.0,52.0
2022-07-04,lemonade_diet,3199.7999999999984,3159.5999999999985,0.0,40.199999999999996
2022-07-04,ice_tea_unsweet,4968.799999999988,4943.5999999999885,0.0,25.200000000000003
2022-07-04,ice_tea_sweet,5665.2000000000035,5644.600000000003,0.0,20.6
2022-07-04,soft_drink,19263.000000000007,19108.800000000007,0.0,154.20000000000002
2022-07-04,dasani_water_bottle,1025.0,1014.0,0.0,11.0
2022-07-04,orange_juice_bottle,901.0,896.0,0.0,5.0
2022-07-04,apple_juice,903.0,898.0,0.0,5.0
2022-07-04,ice_coffee,725.5,703.0,0.0,22.5
2022-07-04,coffee,530.5,505.5,0.0,25.0
2022-07-04,Coffee_box,201.0,195.0,0.0,6.0
2022-07-04,milk_chocolate,668.0,662.0,0.0,6.0
2022-07-04,milk,516.0,476.0,0.0,40.0
2022-07-04,icecream,634.0,552.0,0.0,82.0
2022-07-04,vanilla_flavor,528.0,511.0,0.0,17.0
2022-07-04,cream_flavor,718.0,717.0,0.0,1.0
2022-07-04,chunk_cookie,234.0,141.5,0.0,92.5
2022-07-04,chocolate_flavor,120.0,110.0,0.0,10.0
2022-07-04,strawberry_flavor,744.0,737.0,0.0,7.0
2022-07-04,frosted_extract,732.0,725.0,0.0,7.0
2022-07-04,icecream_cone,112.0,105.0,0.0,7.0
2022-07-04,icecream_come,152.0,147.0,0.0,5.0
2022-07-04,icecream_topping,126.0,125.0,0.0,1.0
2022-07-04,to_go_bag,5496.0,5379.0,0.0,117.0
2022-07-04,napkins,6480.0,5895.0,0.0,585.0
2022-07-04,ketchup,8572.0,8566.0,0.0,6.0
2022-07-04,ranch,8544.0,8541.0,0.0,3.0
2022-07-04,buffalo_sauce,8840.0,8835.0,0.0,5.0
2022-07-04,bbq_sauce,8932.0,8920.0,0.0,12.0
2022-07-04,polyneasian,8762.0,8753.0,0.0,9.0
2022-07-04,chickfala,8632.0,8622.0,0.0,10.0
2022-07-04,silverware,1850.0,1850.0,0.0,0.0
2022-07-05,fried_batter,418.2000000000002,326.60000000000025,0.0,91.6
2022-07-05,bun,617.0,569.0,0.0,48.0
2022-07-05,chicken_patty,120.0,744.0,700.0,76.0
2022-07-05,pickle_chips,2026.0,1882.0,0.0,144.0
2022-07-05,lettuce,174.0,136.0,0.0,38.0
2022-07-05,tomato,174.0,136.0,0.0,38.0
2022-07-05,cheese,74.5,290.0,262.5,47.0
2022-07-05,spice,520.0,496.0,0.0,24.0
2022-07-05,chicken_nuggets,15415.0,15136.5,0.0,278.5
2022-07-05,chicken_strips,2892.0,2880.0,0.0,12.0
2022-07-05,flat_bread,119.5,110.5,0.0,9.0
2022-07-05,mixed_greens,471.0,438.5,0.0,32.5
2022-07-05,shredded_monterey_jack,2312.0,2294.0,0.0,18.0
2022-07-05,waffle_fries,19081.880000000012,18921.240000000013,0.0,160.64000000000001
2022-07-05,roasted_corn_kernels,102.0,100.0,0.0,2.0
2022-07-05,crumbled_bacon,102.0,100.0,0.0,2.0
2022-07-05,avacado_lime_dressing,452.0,450.0,0.0,2.0
2022-07-05,red_bell_pepers,977.0,975.0,0.0,2.0
2022-07-05,grape tomatoes,1385.0,1375.0,0.0,10.0
2022-07-05,hard_boiled_egg,189.5,187.5,0.0,2.0
2022-07-05,blue_cheese,528.0,502.0,0.0,26.0
2022-07-05,apples,528.0,502.0,0.0,26.0
2022-07-05,strawberries,528.0,502.0,0.0,26.0
2022-07-05,blueberries,528.0,502.0,0.0,26.0
2022-07-05,harvest_nut_granola,528.0,502.0,0.0,26.0
2022-07-05,zesty_apple_vinagrette,528.0,502.0,0.0,26.0
2022-07-05,chicken_tenders,3640.0,3640.0,0.0,0.0
2022-07-05,biscuit,1011.0,980.0,0.0,31.0
2022-07-05,chicken_mini_bread,1282.0,1240.0,0.0,42.0
2022-07-05,butter,1134.5,1133.0,0.0,1.5
2022-07-05,bacon,675.0,665.0,0.0,10.0
2022-07-05,tortilla,778.0,771.0,0.0,7.0
2022-07-05,eggs,328.0,293.0,0.0,35.0
2022-07-05,sausage,253.0,242.0,0.0,11.0
2022-07-05,bagel,113.0,91.0,0.0,22.0
2022-07-05,oatmeal,157.0,125.0,0.0,32.0
2022-07-05,fruit,520.0,501.0,0.0,19.0
2022-07-05,cream_cheese,183.0,174.0,0.0,9.0
2022-07-05,hash_brown,392.0,392.0,0.0,0.0
2022-07-05,yogurt_parfait,187.0,171.0,0.0,16.0
2022-07-05,cinamon_cluster,391.0,388.0,0.0,3.0
2022-07-05,lemonade,3953.6000000000013,3900.700000000001,0.0,52.89999999999999
2022-07-05,straw,19404.0,19133.0,0.0,271.0
2022-07-05,small_drink_cup,2028.0,1986.0,0.0,42.0
2022-07-05,medium_drink_cup,1544.0,1363.0,0.0,181.0
2022-07-05,large_drink_cup,1832.0,1784.0,0.0,48.0
2022-07-05,lemonade_diet,3119.3999999999987,3099.3999999999987,0.0,20.0
2022-07-05,ice_tea_unsweet,4918.399999999989,4880.299999999988,0.0,38.1
2022-07-05,ice_tea_sweet,5624.000000000003,5574.400000000002,0.0,49.6
2022-07-05,soft_drink,18954.600000000006,18782.400000000005,0.0,172.20000000000002
2022-07-05,dasani_water_bottle,1003.0,1000.0,0.0,3.0
2022-07-05,orange_juice_bottle,891.0,889.0,0.0,2.0
2022-07-05,apple_juice,893.0,876.0,0.0,17.0
2022-07-05,ice_coffee,680.5,665.25,0.0,15.25
2022-07-05,coffee,480.5,461.5,0.0,19.0
2022-07-05,Coffee_box,189.0,179.0,0.0,10.0
2022-07-05,milk_chocolate,656.0,645.0,0.0,11.0
2022-07-05,milk,436.0,403.0,0.0,33.0
2022-07-05,icecream,470.0,402.0,0.0,68.0
2022-07-05,vanilla_flavor,494.0,491.0,0.0,3.0
2022-07-05,cream_flavor,716.0,702.0,0.0,14.0
2022-07-05,chunk_cookie,49.0,346.0,350.0,53.0
2022-07-05,chocolate_flavor,100.0,440.0,350.0,10.0
2022-07-05,strawberry_flavor,730.0,730.0,0.0,0.0
2022-07-05,frosted_extract,718.0,714.0,0.0,4.0
2022-07-05,icecream_cone,98.0,441.0,350.0,7.0
2022-07-05,icecream_come,142.0,135.0,0.0,7.0
2022-07-05,icecream_topping,124.0,114.0,0.0,10.0
2022-07-05,to_go_bag,5262.0,5156.0,0.0,106.0
2022-07-05,napkins,5310.0,4780.0,0.0,530.0
2022-07-05,ketchup,8560.0,8552.0,0.0,8.0
2022-07-05,ranch,8538.0,8530.0,0.0,8.0
2022-07-05,buffalo_sauce,8830.0,8828.0,0.0,2.0
2022-07-05,bbq_sauce,8908.0,8906.0,0.0,2.0
2022-07-05,polyneasian,8744.0,8738.0,0.0,6.0
2022-07-05,chickfala,8612.0,8606.0,0.0,6.0
2022-07-05,silverware,1850.0,1848.0,0.0,2.0
2022-07-06,fried_batter,235.00000000000026,603.8000000000002,525.0,156.2
2022-07-06,bun,521.0,475.0,0.0,46.0
2022-07-06,chicken_patty,1368.0,1293.5,0.0,74.5
2022-07-06,pickle_chips,1738.0,1600.0,0.0,138.0
2022-07-06,lettuce,98.0,402.0,350.0,46.0
2022-07-06,tomato,98.0,402.0,350.0,46.0
2022-07-06,cheese,505.5,454.5,0.0,51.0
2022-07-06,spice,472.0,447.0,0.0,25.0
2022-07-06,chicken_nuggets,14858.0,14227.5,0.0,630.5
2022-07-06,chicken_strips,2868.0,2802.0,0.0,66.0
2022-07-06,flat_bread,101.5,92.5,0.0,9.0
2022-07-06,mixed_greens,406.0,343.5,0.0,62.5
2022-07-06,shredded_monterey_jack,2276.0,2248.0,0.0,28.0
2022-07-06,waffle_fries,18760.600000000013,18632.560000000012,0.0,128.04000000000002
2022-07-06,roasted_corn_kernels,98.0,437.0,350.0,11.0
2022-07-06,crumbled_bacon,98.0,437.0,350.0,11.0
2022-07-06,avacado_lime_dressing,448.0,437.0,0.0,11.0
2022-07-06,red_bell_pepers,973.0,962.0,0.0,11.0
2022-07-06,grape tomatoes,1365.0,1310.0,0.0,55.0
2022-07-06,hard_boiled_egg,185.5,174.5,0.0,11.0
2022-07-06,blue_cheese,476.0,429.0,0.0,47.0
2022-07-06,apples,476.0,429.0,0.0,47.0
2022-07-06,strawberries,476.0,429.0,0.0,47.0
2022-07-06,blueberries,476.0,429.0,0.0,47.0
2022-07-06,harvest_nut_granola,476.0,429.0,0.0,47.0
2022-07-06,zesty_apple_vinagrette,476.0,429.0,0.0,47.0
2022-07-06,chicken_tenders,3640.0,3632.0,0.0,8.0
2022-07-06,biscuit,949.0,910.0,0.0,39.0
2022-07-06,chicken_mini_bread,1198.0,1117.0,0.0,81.0
2022-07-06,butter,1131.5,1130.75,0.0,0.75
2022-07-06,bacon,655.0,641.0,0.0,14.0
2022-07-06,tortilla,764.0,756.0,0.0,8.0
2022-07-06,eggs,258.0,222.0,0.0,36.0
2022-07-06,sausage,231.0,224.0,0.0,7.0
2022-07-06,bagel,69.0,219.0,175.0,25.0
2022-07-06,oatmeal,93.0,82.0,0.0,11.0
2022-07-06,fruit,482.0,472.0,0.0,10.0
2022-07-06,cream_cheese,165.0,157.0,0.0,8.0
2022-07-06,hash_brown,392.0,384.0,0.0,8.0
2022-07-06,yogurt_parfait,155.0,143.0,0.0,12.0
2022-07-06,cinamon_cluster,385.0,379.0,0.0,6.0
2022-07-06,lemonade,3847.800000000001,3809.6000000000013,0.0,38.199999999999996
2022-07-06,straw,18862.0,18652.0,0.0,210.0
2022-07-06,small_drink_cup,1944.0,1899.0,0.0,45.0
2022-07-06,medium_drink_cup,1182.0,1056.0,0.0,126.0
2022-07-06,large_drink_cup,1736.0,1697.0,0.0,39.0
2022-07-06,lemonade_diet,3079.3999999999987,3045.9999999999986,0.0,33.400000000000006
2022-07-06,ice_tea_unsweet,4842.199999999988,4807.399999999988,0.0,34.8
2022-07-06,ice_tea_sweet,5524.800000000002,5466.800000000002,0.0,58.0
2022-07-06,soft_drink,18610.200000000004,18487.700000000004,0.0,122.5
2022-07-06,dasani_water_bottle,997.0,990.0,0.0,7.0
2022-07-06,orange_juice_bottle,887.0,884.0,0.0,3.0
2022-07-06,apple_juice,859.0,858.0,0.0,1.0
2022-07-06,ice_coffee,650.0,626.25,0.0,23.75
2022-07-06,coffee,442.5,428.5,0.0,14.0
2022-07-06,Coffee_box,169.0,159.0,0.0,10.0
2022-07-06,milk_chocolate,634.0,629.0,0.0,5.0
2022-07-06,milk,370.0,323.0,0.0,47.0
2022-07-06,icecream,334.0,251.0,0.0,83.0
2022-07-06,vanilla_flavor,488.0,481.0,0.0,7.0
2022-07-06,cream_flavor,688.0,677.0,0.0,11.0
2022-07-06,chunk_cookie,643.0,624.5,0.0,18.5
2022-07-06,chocolate_flavor,780.0,778.0,0.0,2.0
2022-07-06,strawberry_flavor,730.0,716.0,0.0,14.0
2022-07-06,frosted_extract,710.0,707.0,0.0,3.0
2022-07-06,icecream_cone,784.0,772.0,0.0,12.0
2022-07-06,icecream_come,128.0,125.0,0.0,3.0
2022-07-06,icecream_topping,104.0,447.0,350.0,7.0
2022-07-06,to_go_bag,5050.0,4940.0,0.0,110.0
2022-07-06,napkins,4250.0,3700.0,0.0,550.0
2022-07-06,ketchup,8544.0,8541.0,0.0,3.0
2022-07-06,ranch,8522.0,8517.0,0.0,5.0
2022-07-06,buffalo_sauce,8826.0,8826.0,0.0,0.0
2022-07-06,bbq_sauce,8904.0,8898.0,0.0,6.0
2022-07-06,polyneasian,8732.0,8719.0,0.0,13.0
2022-07-06,chickfala,8600.0,8590.0,0.0,10.0
2022-07-06,silverware,1846.0,1838.0,0.0,8.0
2022-07-07,fried_batter,972.6000000000001,867.2000000000002,0.0,105.39999999999999
2022-07-07,bun,429.0,389.0,0.0,40.0
2022-07-07,chicken_patty,1219.0,1146.0,0.0,73.0
2022-07-07,pickle_chips,1462.0,1342.0,0.0,120.0
2022-07-07,lettuce,706.0,686.0,0.0,20.0
2022-07-07,tomato,706.0,686.0,0.0,20.0
2022-07-07,cheese,403.5,380.5,0.0,23.0
2022-07-07,spice,422.0,400.0,0.0,22.0
2022-07-07,chicken_nuggets,13597.0,13098.0,0.0,499.0
2022-07-07,chicken_strips,2736.0,2688.0,0.0,48.0
2022-07-07,flat_bread,83.5,79.5,0.0,4.0
2022-07-07,mixed_greens,281.0,215.0,0.0,66.0
2022-07-07,shredded_monterey_jack,2220.0,2214.0,0.0,6.0
2022-07-07,waffle_fries,18504.52000000001,18363.70000000001,0.0,140.82
2022-07-07,roasted_corn_kernels,776.0,776.0,0.0,0.0
2022-07-07,crumbled_bacon,776.0,776.0,0.0,0.0
2022-07-07,avacado_lime_dressing,426.0,426.0,0.0,0.0
2022-07-07,red_bell_pepers,951.0,951.0,0.0,0.0
2022-07-07,grape tomatoes,1255.0,1255.0,0.0,0.0
2022-07-07,hard_boiled_egg,163.5,163.5,0.0,0.0
2022-07-07,blue_cheese,382.0,318.0,0.0,64.0
2022-07-07,apples,382.0,318.0,0.0,64.0
2022-07-07,strawberries,382.0,318.0,0.0,64.0
2022-07-07,blueberries,382.0,318.0,0.0,64.0
2022-07-07,harvest_nut_granola,382.0,318.0,0.0,64.0
2022-07-07,zesty_apple_vinagrette,382.0,318.0,0.0,64.0
2022-07-07,chicken_tenders,3624.0,3604.0,0.0,20.0
2022-07-07,biscuit,871.0,848.0,0.0,23.0
2022-07-07,chicken_mini_bread,1036.0,994.0,0.0,42.0
2022-07-07,butter,1130.0,1127.5,0.0,2.5
2022-07-07,bacon,627.0,621.0,0.0,6.0
2022-07-07,tortilla,748.0,746.0,0.0,2.0
2022-07-07,eggs,186.0,171.0,0.0,15.0
2022-07-07,sausage,217.0,214.0,0.0,3.0
2022-07-07,bagel,369.0,348.0,0.0,21.0
2022-07-07,oatmeal,71.0,63.0,0.0,8.0
2022-07-07,fruit,462.0,434.5,0.0,27.5
2022-07-07,cream_cheese,149.0,139.0,0.0,10.0
2022-07-07,hash_brown,376.0,368.0,0.0,8.0
2022-07-07,yogurt_parfait,131.0,129.0,0.0,2.0
2022-07-07,cinamon_cluster,373.0,365.0,0.0,8.0
2022-07-07,lemonade,3771.4000000000015,3699.6000000000013,0.0,71.80000000000001
2022-07-07,straw,18442.0,18248.0,0.0,194.0
2022-07-07,small_drink_cup,1854.0,1831.0,0.0,23.0
2022-07-07,medium_drink_cup,930.0,4297.0,3500.0,133.0
2022-07-07,large_drink_cup,1658.0,1620.0,0.0,38.0
2022-07-07,lemonade_diet,3012.5999999999985,2999.7999999999984,0.0,12.799999999999999
2022-07-07,ice_tea_unsweet,4772.599999999988,4747.699999999988,0.0,24.9
2022-07-07,ice_tea_sweet,5408.800000000002,5359.700000000002,0.0,49.1
2022-07-07,soft_drink,18365.200000000004,18234.100000000006,0.0,131.1
2022-07-07,dasani_water_bottle,983.0,983.0,0.0,0.0
2022-07-07,orange_juice_bottle,881.0,870.0,0.0,11.0
2022-07-07,apple_juice,857.0,852.0,0.0,5.0
2022-07-07,ice_coffee,602.5,593.25,0.0,9.25
2022-07-07,coffee,414.5,396.75,0.0,17.75
2022-07-07,Coffee_box,149.0,141.0,0.0,8.0
2022-07-07,milk_chocolate,624.0,616.0,0.0,8.0
2022-07-07,milk,276.0,249.0,0.0,27.0
2022-07-07,icecream,168.0,114.0,0.0,54.0
2022-07-07,vanilla_flavor,474.0,462.0,0.0,12.0
2022-07-07,cream_flavor,666.0,663.0,0.0,3.0
2022-07-07,chunk_cookie,606.0,557.5,0.0,48.5
2022-07-07,chocolate_flavor,776.0,771.0,0.0,5.0
2022-07-07,strawberry_flavor,702.0,701.0,0.0,1.0
2022-07-07,frosted_extract,704.0,701.0,0.0,3.0
2022-07-07,icecream_cone,760.0,755.0,0.0,5.0
2022-07-07,icecream_come,122.0,115.0,0.0,7.0
2022-07-07,icecream_topping,790.0,785.0,0.0,5.0
2022-07-07,to_go_bag,4830.0,4731.0,0.0,99.0
2022-07-07,napkins,3150.0,13155.0,10500.0,495.0
2022-07-07,ketchup,8538.0,8535.0,0.0,3.0
2022-07-07,ranch,8512.0,8510.0,0.0,2.0
2022-07-07,buffalo_sauce,8826.0,8821.0,0.0,5.0
2022-07-07,bbq_sauce,8892.0,8886.0,0.0,6.0
2022-07-07,polyneasian,8706.0,8704.0,0.0,2.0
2022-07-07,chickfala,8580.0,8580.0,0.0,0.0
2022-07-07,silverware,1830.0,1824.0,0.0,6.0
2022-07-08,fried_batter,761.8000000000002,628.8000000000002,0.0,133.0
2022-07-08,bun,349.0,313.0,0.0,36.0
2022-07-08,chicken_patty,1073.0,1001.5,0.0,71.5
2022-07-08,pickle_chips,1222.0,1114.0,0.0,108.0
2022-07-08,lettuce,666.0,638.0,0.0,28.0
2022-07-08,tomato,666.0,638.0,0.0,28.0
2022-07-08,cheese,357.5,320.5,0.0,37.0
2022-07-08,spice,378.0,348.0,0.0,30.0
2022-07-08,chicken_nuggets,12599.0,12102.0,0.0,497.0
2022-07-08,chicken_strips,2640.0,2600.0,0.0,40.0
2022-07-08,flat_bread,75.5,330.0,262.5,8.0
2022-07-08,mixed_greens,149.0,805.0,700.0,44.0
2022-07-08,shredded_monterey_jack,2208.0,2195.0,0.0,13.0
2022-07-08,waffle_fries,18222.880000000012,18047.34000000001,0.0,175.54000000000002
2022-07-08,roasted_corn_kernels,776.0,773.0,0.0,3.0
2022-07-08,crumbled_bacon,776.0,773.0,0.0,3.0
2022-07-08,avacado_lime_dressing,426.0,423.0,0.0,3.0
2022-07-08,red_bell_pepers,951.0,948.0,0.0,3.0
2022-07-08,grape tomatoes,1255.0,1240.0,0.0,15.0
2022-07-08,hard_boiled_egg,163.5,160.5,0.0,3.0
2022-07-08,blue_cheese,254.0,217.0,0.0,37.0
2022-07-08,apples,254.0,217.0,0.0,37.0
2022-07-08,strawberries,254.0,217.0,0.0,37.0
2022-07-08,blueberries,254.0,217.0,0.0,37.0
2022-07-08,harvest_nut_granola,254.0,217.0,0.0,37.0
2022-07-08,zesty_apple_vinagrette,254.0,217.0,0.0,37.0
2022-07-08,chicken_tenders,3584.0,3580.0,0.0,4.0
2022-07-08,biscuit,825.0,790.0,0.0,35.0
2022-07-08,chicken_mini_bread,952.0,865.0,0.0,87.0
2022-07-08,butter,1125.0,1122.5,0.0,2.5
2022-07-08,bacon,615.0,609.0,0.0,6.0
2022-07-08,tortilla,744.0,742.0,0.0,2.0
2022-07-08,eggs,156.0,131.0,0.0,25.0
2022-07-08,sausage,211.0,203.0,0.0,8.0
2022-07-08,bagel,327.0,297.0,0.0,30.0
2022-07-08,oatmeal,55.0,216.0,175.0,14.0
2022-07-08,fruit,407.0,396.0,0.0,11.0
2022-07-08,cream_cheese,129.0,116.0,0.0,13.0
2022-07-08,hash_brown,360.0,349.0,0.0,11.0
2022-07-08,yogurt_parfait,127.0,118.0,0.0,9.0
2022-07-08,cinamon_cluster,357.0,343.0,0.0,14.0
2022-07-08,lemonade,3627.800000000001,3587.700000000001,0.0,40.1
2022-07-08,straw,18054.0,17749.0,0.0,305.0
2022-07-08,small_drink_cup,1808.0,1740.0,0.0,68.0
2022-07-08,medium_drink_cup,7664.0,7478.0,0.0,186.0
2022-07-08,large_drink_cup,1582.0,1531.0,0.0,51.0
2022-07-08,lemonade_diet,2986.999999999998,2959.599999999998,0.0,27.4
2022-07-08,ice_tea_unsweet,4722.799999999988,4682.399999999989,0.0,40.39999999999999
2022-07-08,ice_tea_sweet,5310.600000000001,5241.4000000000015,0.0,69.2
2022-07-08,soft_drink,18103.000000000007,17927.90000000001,0.0,175.09999999999997
2022-07-08,dasani_water_bottle,983.0,972.0,0.0,11.0
2022-07-08,orange_juice_bottle,859.0,847.0,0.0,12.0
2022-07-08,apple_juice,847.0,837.0,0.0,10.0
2022-07-08,ice_coffee,584.0,561.25,0.0,22.75
2022-07-08,coffee,379.0,353.25,0.0,25.75
2022-07-08,Coffee_box,133.0,133.0,0.0,0.0
2022-07-08,milk_chocolate,608.0,597.0,0.0,11.0
2022-07-08,milk,222.0,169.0,0.0,53.0
2022-07-08,icecream,60.0,310.0,350.0,100.0
2022-07-08,vanilla_flavor,450.0,430.0,0.0,20.0
2022-07-08,cream_flavor,660.0,652.0,0.0,8.0
2022-07-08,chunk_cookie,509.0,462.0,0.0,47.0
2022-07-08,chocolate_flavor,766.0,764.0,0.0,2.0
2022-07-08,strawberry_flavor,700.0,689.0,0.0,11.0
2022-07-08,frosted_extract,698.0,693.0,0.0,5.0
2022-07-08,icecream_cone,750.0,742.0,0.0,8.0
2022-07-08,icecream_come,108.0,448.0,350.0,10.0
2022-07-08,icecream_topping,780.0,773.0,0.0,7.0
2022-07-08,to_go_bag,4632.0,4501.0,0.0,131.0
2022-07-08,napkins,23160.0,22505.0,0.0,655.0
2022-07-08,ketchup,8532.0,8529.0,0.0,3.0
2022-07-08,ranch,8508.0,8490.0,0.0,18.0
2022-07-08,buffalo_sauce,8816.0,8813.0,0.0,3.0
2022-07-08,bbq_sauce,8880.0,8874.0,0.0,6.0
2022-07-08,polyneasian,8702.0,8699.0,0.0,3.0
2022-07-08,chickfala,8580.0,8575.0,0.0,5.0
2022-07-08,silverware,1818.0,1806.0,0.0,12.0
2022-07-09,fried_batter,495.8000000000002,376.00000000000017,0.0,119.80000000000001
2022-07-09,bun,277.0,224.0,0.0,53.0
2022-07-09,chicken_patty,930.0,843.0,0.0,87.0
2022-07-09,pickle_chips,1006.0,847.0,0.0,159.0
2022-07-09,lettuce,610.0,576.0,0.0,34.0
2022-07-09,tomato,610.0,576.0,0.0,34.0
2022-07-09,cheese,283.5,249.5,0.0,34.0
2022-07-09,spice,318.0,305.0,0.0,13.0
2022-07-09,chicken_nuggets,11605.0,11213.0,0.0,392.0
2022-07-09,chicken_strips,2560.0,2529.0,0.0,31.0
2022-07-09,flat_bread,584.5,572.5,0.0,12.0
2022-07-09,mixed_greens,1461.0,1396.0,0.0,65.0
2022-07-09,shredded_monterey_jack,2182.0,2154.0,0.0,28.0
2022-07-09,waffle_fries,17871.80000000001,17729.880000000012,0.0,141.92000000000002
2022-07-09,roasted_corn_kernels,770.0,767.0,0.0,3.0
2022-07-09,crumbled_bacon,770.0,767.0,0.0,3.0
2022-07-09,avacado_lime_dressing,420.0,417.0,0.0,3.0
2022-07-09,red_bell_pepers,945.0,942.0,0.0,3.0
2022-07-09,grape tomatoes,1225.0,1210.0,0.0,15.0
2022-07-09,hard_boiled_egg,157.5,154.5,0.0,3.0
2022-07-09,blue_cheese,180.0,124.0,0.0,56.0
2022-07-09,apples,180.0,124.0,0.0,56.0
2022-07-09,strawberries,180.0,124.0,0.0,56.0
2022-07-09,blueberries,180.0,124.0,0.0,56.0
2022-07-09,harvest_nut_granola,180.0,124.0,0.0,56.0
2022-07-09,zesty_apple_vinagrette,180.0,124.0,0.0,56.0
2022-07-09,chicken_tenders,3576.0,3538.0,0.0,38.0
2022-07-09,biscuit,755.0,736.0,0.0,19.0
2022-07-09,chicken_mini_bread,778.0,742.0,0.0,36.0
2022-07-09,butter,1120.0,1119.25,0.0,0.75
2022-07-09,bacon,603.0,599.0,0.0,4.0
2022-07-09,tortilla,740.0,727.0,0.0,13.0
2022-07-09,eggs,106.0,426.0,350.0,30.0
2022-07-09,sausage,195.0,195.0,0.0,0.0
2022-07-09,bagel,267.0,240.0,0.0,27.0
2022-07-09,oatmeal,377.0,364.0,0.0,13.0
2022-07-09,fruit,385.0,364.5,0.0,20.5
2022-07-09,cream_cheese,103.0,95.0,0.0,8.0
2022-07-09,hash_brown,338.0,320.0,0.0,18.0
2022-07-09,yogurt_parfait,109.0,99.0,0.0,10.0
2022-07-09,cinamon_cluster,329.0,324.0,0.0,5.0
2022-07-09,lemonade,3547.6000000000013,3515.800000000001,0.0,31.799999999999997
2022-07-09,straw,17444.0,17221.0,0.0,223.0
2022-07-09,small_drink_cup,1672.0,1642.0,0.0,30.0
2022-07-09,medium_drink_cup,7292.0,7149.0,0.0,143.0
2022-07-09,large_drink_cup,1480.0,1430.0,0.0,50.0
2022-07-09,lemonade_diet,2932.199999999998,2911.799999999998,0.0,20.4
2022-07-09,ice_tea_unsweet,4641.999999999989,4609.199999999989,0.0,32.8
2022-07-09,ice_tea_sweet,5172.200000000002,5102.800000000002,0.0,69.4
2022-07-09,soft_drink,17752.80000000001,17621.80000000001,0.0,131.0
2022-07-09,dasani_water_bottle,961.0,956.0,0.0,5.0
2022-07-09,orange_juice_bottle,835.0,828.0,0.0,7.0
2022-07-09,apple_juice,827.0,820.0,0.0,7.0
2022-07-09,ice_coffee,538.5,529.75,0.0,8.75
2022-07-09,coffee,327.5,309.25,0.0,18.25
2022-07-09,Coffee_box,133.0,126.0,0.0,7.0
2022-07-09,milk_chocolate,586.0,578.0,0.0,8.0
2022-07-09,milk,116.0,449.0,350.0,17.0
2022-07-09,icecream,560.0,508.0,0.0,52.0
2022-07-09,vanilla_flavor,410.0,410.0,0.0,0.0
2022-07-09,cream_flavor,644.0,635.0,0.0,9.0
2022-07-09,chunk_cookie,415.0,344.5,0.0,70.5
2022-07-09,chocolate_flavor,762.0,755.0,0.0,7.0
2022-07-09,strawberry_flavor,678.0,677.0,0.0,1.0
2022-07-09,frosted_extract,688.0,685.0,0.0,3.0
2022-07-09,icecream_cone,734.0,732.0,0.0,2.0
2022-07-09,icecream_come,788.0,772.0,0.0,16.0
2022-07-09,icecream_topping,766.0,760.0,0.0,6.0
2022-07-09,to_go_bag,4370.0,4264.0,0.0,106.0
2022-07-09,napkins,21850.0,21320.0,0.0,530.0
2022-07-09,ketchup,8526.0,8518.0,0.0,8.0
2022-07-09,ranch,8472.0,8465.0,0.0,7.0
2022-07-09,buffalo_sauce,8810.0,8806.0,0.0,4.0
2022-07-09,bbq_sauce,8868.0,8862.0,0.0,6.0
2022-07-09,polyneasian,8696.0,8687.0,0.0,9.0
2022-07-09,chickfala,8570.0,8560.0,0.0,10.0
2022-07-09,silverware,1794.0,1783.0,0.0,11.0
2022-07-11,fried_batter,256.20000000000016,627.0000000000001,525.0,154.20000000000002
2022-07-11,bun,171.0,650.0,525.0,46.0
2022-07-11,chicken_patty,756.0,677.5,0.0,78.5
2022-07-11,pickle_chips,688.0,550.0,0.0,138.0
2022-07-11,lettuce,542.0,496.0,0.0,46.0
2022-07-11,tomato,542.0,496.0,0.0,46.0
2022-07-11,cheese,215.5,168.5,0.0,47.0
2022-07-11,spice,292.0,1325.0,1050.0,17.0
2022-07-11,chicken_nuggets,10821.0,10349.5,0.0,471.5
2022-07-11,chicken_strips,2498.0,2437.0,0.0,61.0
2022-07-11,flat_bread,560.5,549.5,0.0,11.0
2022-07-11,mixed_greens,1331.0,1264.5,0.0,66.5
2022-07-11,shredded_monterey_jack,2126.0,2077.0,0.0,49.0
2022-07-11,waffle_fries,17587.960000000014,17445.560000000012,0.0,142.4
2022-07-11,roasted_corn_kernels,764.0,749.0,0.0,15.0
2022-07-11,crumbled_bacon,764.0,749.0,0.0,15.0
2022-07-11,avacado_lime_dressing,414.0,399.0,0.0,15.0
2022-07-11,red_bell_pepers,939.0,924.0,0.0,15.0
2022-07-11,grape tomatoes,1195.0,1120.0,0.0,75.0
2022-07-11,hard_boiled_egg,151.5,136.5,0.0,15.0
2022-07-11,blue_cheese,68.0,372.0,350.0,46.0
2022-07-11,apples,68.0,372.0,350.0,46.0
2022-07-11,strawberries,68.0,372.0,350.0,46.0
2022-07-11,blueberries,68.0,372.0,350.0,46.0
2022-07-11,harvest_nut_granola,68.0,372.0,350.0,46.0
2022-07-11,zesty_apple_vinagrette,68.0,372.0,350.0,46.0
2022-07-11,chicken_tenders,3500.0,3490.0,0.0,10.0
2022-07-11,biscuit,717.0,668.0,0.0,49.0
2022-07-11,chicken_mini_bread,706.0,652.0,0.0,54.0
2022-07-11,butter,1118.5,1114.75,0.0,3.75
2022-07-11,bacon,595.0,587.0,0.0,8.0
2022-07-11,tortilla,714.0,691.0,0.0,23.0
2022-07-11,eggs,746.0,699.0,0.0,47.0
2022-07-11,sausage,195.0,186.0,0.0,9.0
2022-07-11,bagel,213.0,190.0,0.0,23.0
2022-07-11,oatmeal,351.0,328.0,0.0,23.0
2022-07-11,fruit,344.0,316.0,0.0,28.0
2022-07-11,cream_cheese,87.0,80.0,0.0,7.0
2022-07-11,hash_brown,302.0,294.0,0.0,8.0
2022-07-11,yogurt_parfait,89.0,75.0,0.0,14.0
2022-07-11,cinamon_cluster,319.0,298.0,0.0,21.0
2022-07-11,lemonade,3484.000000000001,3430.7000000000007,0.0,53.3
2022-07-11,straw,16998.0,16773.0,0.0,225.0
2022-07-11,small_drink_cup,1612.0,1581.0,0.0,31.0
2022-07-11,medium_drink_cup,7006.0,6858.0,0.0,148.0
2022-07-11,large_drink_cup,1380.0,1334.0,0.0,46.0
2022-07-11,lemonade_diet,2891.399999999998,2864.399999999998,0.0,26.999999999999996
2022-07-11,ice_tea_unsweet,4576.399999999989,4544.999999999989,0.0,31.4
2022-07-11,ice_tea_sweet,5033.400000000002,5000.200000000003,0.0,33.2
2022-07-11,soft_drink,17490.80000000001,17347.20000000001,0.0,143.59999999999997
2022-07-11,dasani_water_bottle,951.0,949.0,0.0,2.0
2022-07-11,orange_juice_bottle,821.0,812.0,0.0,9.0
2022-07-11,apple_juice,813.0,800.0,0.0,13.0
2022-07-11,ice_coffee,521.0,511.0,0.0,10.0
2022-07-11,coffee,291.0,1312.25,1050.0,28.75
2022-07-11,Coffee_box,119.0,109.0,0.0,10.0
2022-07-11,milk_chocolate,570.0,557.0,0.0,13.0
2022-07-11,milk,782.0,741.0,0.0,41.0
2022-07-11,icecream,456.0,374.0,0.0,82.0
2022-07-11,vanilla_flavor,410.0,397.0,0.0,13.0
2022-07-11,cream_flavor,626.0,621.0,0.0,5.0
2022-07-11,chunk_cookie,274.0,239.5,0.0,34.5
2022-07-11,chocolate_flavor,748.0,733.0,0.0,15.0
2022-07-11,strawberry_flavor,676.0,673.0,0.0,3.0
2022-07-11,frosted_extract,682.0,672.0,0.0,10.0
2022-07-11,icecream_cone,730.0,722.0,0.0,8.0
2022-07-11,icecream_come,756.0,754.0,0.0,2.0
2022-07-11,icecream_topping,754.0,751.0,0.0,3.0
2022-07-11,to_go_bag,4158.0,4031.0,0.0,127.0
2022-07-11,napkins,20790.0,20155.0,0.0,635.0
2022-07-11,ketchup,8510.0,8508.0,0.0,2.0
2022-07-11,ranch,8458.0,8451.0,0.0,7.0
2022-07-11,buffalo_sauce,8802.0,8788.0,0.0,14.0
2022-07-11,bbq_sauce,8856.0,8845.0,0.0,11.0
2022-07-11,polyneasian,8678.0,8675.0,0.0,3.0
2022-07-11,chickfala,8550.0,8545.0,0.0,5.0
2022-07-11,silverware,1772.0,1761.0,0.0,11.0
2022-07-12,fried_batter,997.8,860.8,0.0,137.0
2022-07-12,bun,1129.0,1069.0,0.0,60.0
2022-07-12,chicken_patty,599.0,509.5,0.0,89.5
2022-07-12,pickle_chips,412.0,1982.0,1750.0,180.0
2022-07-12,lettuce,450.0,384.0,0.0,66.0
2022-07-12,tomato,450.0,384.0,0.0,66.0
2022-07-12,cheese,121.5,77.5,0.0,44.0
2022-07-12,spice,2358.0,2321.0,0.0,37.0
2022-07-12,chicken_nuggets,9878.0,9477.0,0.0,401.0
2022-07-12,chicken_strips,2376.0,2319.0,0.0,57.0
2022-07-12,flat_bread,538.5,534.5,0.0,4.0
2022-07-12,mixed_greens,1198.0,1123.0,0.0,75.0
2022-07-12,shredded_monterey_jack,2028.0,2017.0,0.0,11.0
2022-07-12,waffle_fries,17303.16000000001,17168.04000000001,0.0,135.12
2022-07-12,roasted_corn_kernels,734.0,732.0,0.0,2.0
2022-07-12,crumbled_bacon,734.0,732.0,0.0,2.0
2022-07-12,avacado_lime_dressing,384.0,382.0,0.0,2.0
2022-07-12,red_bell_pepers,909.0,907.0,0.0,2.0
2022-07-12,grape tomatoes,1045.0,1035.0,0.0,10.0
2022-07-12,hard_boiled_egg,121.5,119.5,0.0,2.0
2022-07-12,blue_cheese,676.0,605.0,0.0,71.0
2022-07-12,apples,676.0,605.0,0.0,71.0
2022-07-12,strawberries,676.0,605.0,0.0,71.0
2022-07-12,blueberries,676.0,605.0,0.0,71.0
2022-07-12,harvest_nut_granola,676.0,605.0,0.0,71.0
2022-07-12,zesty_apple_vinagrette,676.0,605.0,0.0,71.0
2022-07-12,chicken_tenders,3480.0,3468.0,0.0,12.0
2022-07-12,biscuit,619.0,576.0,0.0,43.0
2022-07-12,chicken_mini_bread,598.0,568.0,0.0,30.0
2022-07-12,butter,1111.0,1106.5,0.0,4.5
2022-07-12,bacon,579.0,575.0,0.0,4.0
2022-07-12,tortilla,668.0,663.0,0.0,5.0
2022-07-12,eggs,652.0,636.0,0.0,16.0
2022-07-12,sausage,177.0,173.0,0.0,4.0
2022-07-12,bagel,167.0,153.0,0.0,14.0
2022-07-12,oatmeal,305.0,293.0,0.0,12.0
2022-07-12,fruit,288.0,278.5,0.0,9.5
2022-07-12,cream_cheese,73.0,69.0,0.0,4.0
2022-07-12,hash_brown,286.0,283.0,0.0,3.0
2022-07-12,yogurt_parfait,61.0,57.0,0.0,4.0
2022-07-12,cinamon_cluster,277.0,269.0,0.0,8.0
2022-07-12,lemonade,3377.4000000000005,3331.5000000000005,0.0,45.9
2022-07-12,straw,16548.0,16342.0,0.0,206.0
2022-07-12,small_drink_cup,1550.0,1521.0,0.0,29.0
2022-07-12,medium_drink_cup,6710.0,6552.0,0.0,158.0
2022-07-12,large_drink_cup,1288.0,1269.0,0.0,19.0
2022-07-12,lemonade_diet,2837.399999999998,2806.9999999999977,0.0,30.4
2022-07-12,ice_tea_unsweet,4513.599999999989,4489.69999999999,0.0,23.9
2022-07-12,ice_tea_sweet,4967.000000000003,4933.900000000002,0.0,33.099999999999994
2022-07-12,soft_drink,17203.600000000013,17071.20000000001,0.0,132.4
2022-07-12,dasani_water_bottle,947.0,939.0,0.0,8.0
2022-07-12,orange_juice_bottle,803.0,794.0,0.0,9.0
2022-07-12,apple_juice,787.0,774.0,0.0,13.0
2022-07-12,ice_coffee,501.0,471.0,0.0,30.0
2022-07-12,coffee,2333.5,2312.75,0.0,20.75
2022-07-12,Coffee_box,99.0,96.0,0.0,3.0
2022-07-12,milk_chocolate,544.0,540.0,0.0,4.0
2022-07-12,milk,700.0,658.0,0.0,42.0
2022-07-12,icecream,292.0,209.0,0.0,83.0
2022-07-12,vanilla_flavor,384.0,383.0,0.0,1.0
2022-07-12,cream_flavor,616.0,607.0,0.0,9.0
2022-07-12,chunk_cookie,205.0,447.5,350.0,107.5
2022-07-12,chocolate_flavor,718.0,703.0,0.0,15.0
2022-07-12,strawberry_flavor,670.0,663.0,0.0,7.0
2022-07-12,frosted_extract,662.0,653.0,0.0,9.0
2022-07-12,icecream_cone,714.0,707.0,0.0,7.0
2022-07-12,icecream_come,752.0,740.0,0.0,12.0
2022-07-12,icecream_topping,748.0,743.0,0.0,5.0
2022-07-12,to_go_bag,3904.0,3779.0,0.0,125.0
2022-07-12,napkins,19520.0,18895.0,0.0,625.0
2022-07-12,ketchup,8506.0,8500.0,0.0,6.0
2022-07-12,ranch,8444.0,8435.0,0.0,9.0
2022-07-12,buffalo_sauce,8774.0,8765.0,0.0,9.0
2022-07-12,bbq_sauce,8834.0,8827.0,0.0,7.0
2022-07-12,polyneasian,8672.0,8662.0,0.0,10.0
2022-07-12,chickfala,8540.0,8530.0,0.0,10.0
2022-07-12,silverware,1750.0,1737.0,0.0,13.0
2022-07-13,fried_batter,723.8,602.5999999999999,0.0,121.19999999999999
2022-07-13,bun,1009.0,973.0,0.0,36.0
2022-07-13,chicken_patty,420.0,333.5,0.0,86.5
2022-07-13,pickle_chips,3552.0,3444.0,0.0,108.0
2022-07-13,lettuce,318.0,268.0,0.0,50.0
2022-07-13,tomato,318.0,268.0,0.0,50.0
2022-07-13,cheese,33.5,252.0,262.5,44.0
2022-07-13,spice,2284.0,2254.0,0.0,30.0
2022-07-13,chicken_nuggets,9076.0,8691.5,0.0,384.5
2022-07-13,chicken_strips,2262.0,2228.0,0.0,34.0
2022-07-13,flat_bread,530.5,527.5,0.0,3.0
2022-07-13,mixed_greens,1048.0,982.5,0.0,65.5
2022-07-13,shredded_monterey_jack,2006.0,1979.0,0.0,27.0
2022-07-13,waffle_fries,17032.920000000013,16891.02000000001,0.0,141.9
2022-07-13,roasted_corn_kernels,730.0,722.0,0.0,8.0
2022-07-13,crumbled_bacon,730.0,722.0,0.0,8.0
2022-07-13,avacado_lime_dressing,380.0,372.0,0.0,8.0
2022-07-13,red_bell_pepers,905.0,897.0,0.0,8.0
2022-07-13,grape tomatoes,1025.0,985.0,0.0,40.0
2022-07-13,hard_boiled_egg,117.5,109.5,0.0,8.0
2022-07-13,blue_cheese,534.0,478.0,0.0,56.0
2022-07-13,apples,534.0,478.0,0.0,56.0
2022-07-13,strawberries,534.0,478.0,0.0,56.0
2022-07-13,blueberries,534.0,478.0,0.0,56.0
2022-07-13,harvest_nut_granola,534.0,478.0,0.0,56.0
2022-07-13,zesty_apple_vinagrette,534.0,478.0,0.0,56.0
2022-07-13,chicken_tenders,3456.0,3448.0,0.0,8.0
2022-07-13,biscuit,533.0,512.0,0.0,21.0
2022-07-13,chicken_mini_bread,538.0,508.0,0.0,30.0
2022-07-13,butter,1102.0,1101.75,0.0,0.25
2022-07-13,bacon,571.0,571.0,0.0,0.0
2022-07-13,tortilla,658.0,642.0,0.0,16.0
2022-07-13,eggs,620.0,585.0,0.0,35.0
2022-07-13,sausage,169.0,164.0,0.0,5.0
2022-07-13,bagel,139.0,114.0,0.0,25.0
2022-07-13,oatmeal,281.0,261.0,0.0,20.0
2022-07-13,fruit,269.0,229.5,0.0,39.5
2022-07-13,cream_cheese,65.0,57.0,0.0,8.0
2022-07-13,hash_brown,280.0,276.0,0.0,4.0
2022-07-13,yogurt_parfait,53.0,222.0,175.0,6.0
2022-07-13,cinamon_cluster,261.0,255.0,0.0,6.0
2022-07-13,lemonade,3285.6000000000004,3263.4000000000005,0.0,22.200000000000003
2022-07-13,straw,16136.0,15911.0,0.0,225.0
2022-07-13,small_drink_cup,1492.0,1469.0,0.0,23.0
2022-07-13,medium_drink_cup,6394.0,6218.0,0.0,176.0
2022-07-13,large_drink_cup,1250.0,1224.0,0.0,26.0
2022-07-13,lemonade_diet,2776.5999999999976,2759.1999999999975,0.0,17.4
2022-07-13,ice_tea_unsweet,4465.79999999999,4444.99999999999,0.0,20.8
2022-07-13,ice_tea_sweet,4900.800000000002,4846.100000000002,0.0,54.70000000000002
2022-07-13,soft_drink,16938.80000000001,16781.20000000001,0.0,157.6
2022-07-13,dasani_water_bottle,931.0,910.0,0.0,21.0
2022-07-13,orange_juice_bottle,785.0,783.0,0.0,2.0
2022-07-13,apple_juice,761.0,755.0,0.0,6.0
2022-07-13,ice_coffee,441.0,416.75,0.0,24.25
2022-07-13,coffee,2292.0,2266.0,0.0,26.0
2022-07-13,Coffee_box,93.0,81.0,0.0,12.0
2022-07-13,milk_chocolate,536.0,534.0,0.0,2.0
2022-07-13,milk,616.0,582.0,0.0,34.0
2022-07-13,icecream,126.0,405.0,350.0,71.0
2022-07-13,vanilla_flavor,382.0,378.0,0.0,4.0
2022-07-13,cream_flavor,598.0,582.0,0.0,16.0
2022-07-13,chunk_cookie,690.0,636.0,0.0,54.0
2022-07-13,chocolate_flavor,688.0,686.0,0.0,2.0
2022-07-13,strawberry_flavor,656.0,652.0,0.0,4.0
2022-07-13,frosted_extract,644.0,637.0,0.0,7.0
2022-07-13,icecream_cone,700.0,685.0,0.0,15.0
2022-07-13,icecream_come,728.0,724.0,0.0,4.0
2022-07-13,icecream_topping,738.0,733.0,0.0,5.0
2022-07-13,to_go_bag,3654.0,3549.0,0.0,105.0
2022-07-13,napkins,18270.0,17745.0,0.0,525.0
2022-07-13,ketchup,8494.0,8487.0,0.0,7.0
2022-07-13,ranch,8426.0,8416.0,0.0,10.0
2022-07-13,buffalo_sauce,8756.0,8751.0,0.0,5.0
2022-07-13,bbq_sauce,8820.0,8814.0,0.0,6.0
2022-07-13,polyneasian,8652.0,8652.0,0.0,0.0
2022-07-13,chickfala,8520.0,8517.0,0.0,3.0
2022-07-13,silverware,1724.0,1719.0,0.0,5.0
2022-07-14,fried_batter,481.3999999999999,357.3999999999999,0.0,124.0
2022-07-14,bun,937.0,907.0,0.0,30.0
2022-07-14,chicken_patty,247.0,882.5,700.0,64.5
2022-07-14,pickle_chips,3336.0,3246.0,0.0,90.0
2022-07-14,lettuce,218.0,174.0,0.0,44.0
2022-07-14,tomato,218.0,174.0,0.0,44.0
2022-07-14,cheese,470.5,431.5,0.0,39.0
2022-07-14,spice,2224.0,2209.0,0.0,15.0
2022-07-14,chicken_nuggets,8307.0,8041.0,0.0,266.0
2022-07-14,chicken_strips,2194.0,2154.0,0.0,40.0
2022-07-14,flat_bread,524.5,518.5,0.0,6.0
2022-07-14,mixed_greens,917.0,848.0,0.0,69.0
2022-07-14,shredded_monterey_jack,1952.0,1932.0,0.0,20.0
2022-07-14,waffle_fries,16749.12000000001,16599.02000000001,0.0,150.10000000000002
2022-07-14,roasted_corn_kernels,714.0,708.0,0.0,6.0
2022-07-14,crumbled_bacon,714.0,708.0,0.0,6.0
2022-07-14,avacado_lime_dressing,364.0,358.0,0.0,6.0
2022-07-14,red_bell_pepers,889.0,883.0,0.0,6.0
2022-07-14,grape tomatoes,945.0,915.0,0.0,30.0
2022-07-14,hard_boiled_egg,101.5,95.5,0.0,6.0
2022-07-14,blue_cheese,422.0,362.0,0.0,60.0
2022-07-14,apples,422.0,362.0,0.0,60.0
2022-07-14,strawberries,422.0,362.0,0.0,60.0
2022-07-14,blueberries,422.0,362.0,0.0,60.0
2022-07-14,harvest_nut_granola,422.0,362.0,0.0,60.0
2022-07-14,zesty_apple_vinagrette,422.0,362.0,0.0,60.0
2022-07-14,chicken_tenders,3440.0,3414.0,0.0,26.0
2022-07-14,biscuit,491.0,453.0,0.0,38.0
2022-07-14,chicken_mini_bread,478.0,2174.0,1750.0,54.0
2022-07-14,butter,1101.5,1098.25,0.0,3.25
2022-07-14,bacon,571.0,566.0,0.0,5.0
2022-07-14,tortilla,626.0,618.0,0.0,8.0
2022-07-14,eggs,550.0,525.0,0.0,25.0
2022-07-14,sausage,159.0,156.0,0.0,3.0
2022-07-14,bagel,89.0,71.0,0.0,18.0
2022-07-14,oatmeal,241.0,231.0,0.0,10.0
2022-07-14,fruit,190.0,165.0,0.0,25.0
2022-07-14,cream_cheese,49.0,49.0,0.0,0.0
2022-07-14,hash_brown,272.0,268.0,0.0,4.0
2022-07-14,yogurt_parfait,391.0,384.0,0.0,7.0
2022-07-14,cinamon_cluster,249.0,244.0,0.0,5.0
2022-07-14,lemonade,3241.2000000000007,3146.7000000000007,0.0,94.5
2022-07-14,straw,15686.0,15448.0,0.0,238.0
2022-07-14,small_drink_cup,1446.0,1401.0,0.0,45.0
2022-07-14,medium_drink_cup,6042.0,5892.0,0.0,150.0
2022-07-14,large_drink_cup,1198.0,1155.0,0.0,43.0
2022-07-14,lemonade_diet,2741.7999999999975,2715.5999999999976,0.0,26.200000000000003
2022-07-14,ice_tea_unsweet,4424.19999999999,4404.29999999999,0.0,19.9
2022-07-14,ice_tea_sweet,4791.400000000002,4763.800000000002,0.0,27.6
2022-07-14,soft_drink,16623.600000000013,16462.100000000013,0.0,161.50000000000003
2022-07-14,dasani_water_bottle,889.0,889.0,0.0,0.0
2022-07-14,orange_juice_bottle,781.0,767.0,0.0,14.0
2022-07-14,apple_juice,749.0,745.0,0.0,4.0
2022-07-14,ice_coffee,392.5,374.0,0.0,18.5
2022-07-14,coffee,2240.0,2214.0,0.0,26.0
2022-07-14,Coffee_box,69.0,59.0,0.0,10.0
2022-07-14,milk_chocolate,532.0,519.0,0.0,13.0
2022-07-14,milk,548.0,524.0,0.0,24.0
2022-07-14,icecream,684.0,643.0,0.0,41.0
2022-07-14,vanilla_flavor,374.0,366.0,0.0,8.0
2022-07-14,cream_flavor,566.0,557.0,0.0,9.0
2022-07-14,chunk_cookie,582.0,477.5,0.0,104.5
2022-07-14,chocolate_flavor,684.0,681.0,0.0,3.0
2022-07-14,strawberry_flavor,648.0,648.0,0.0,0.0
2022-07-14,frosted_extract,630.0,621.0,0.0,9.0
2022-07-14,icecream_cone,670.0,670.0,0.0,0.0
2022-07-14,icecream_come,720.0,719.0,0.0,1.0
2022-07-14,icecream_topping,728.0,722.0,0.0,6.0
2022-07-14,to_go_bag,3444.0,3335.0,0.0,109.0
2022-07-14,napkins,17220.0,16675.0,0.0,545.0
2022-07-14,ketchup,8480.0,8479.0,0.0,1.0
2022-07-14,ranch,8406.0,8397.0,0.0,9.0
2022-07-14,buffalo_sauce,8746.0,8740.0,0.0,6.0
2022-07-14,bbq_sauce,8808.0,8798.0,0.0,10.0
2022-07-14,polyneasian,8652.0,8645.0,0.0,7.0
2022-07-14,chickfala,8514.0,8501.0,0.0,13.0
2022-07-14,silverware,1714.0,1703.0,0.0,11.0
2022-07-15,fried_batter,233.39999999999992,630.5999999999999,525.0,127.8
2022-07-15,bun,877.0,845.0,0.0,32.0
2022-07-15,chicken_patty,1518.0,1457.5,0.0,60.5
2022-07-15,pickle_chips,3156.0,3060.0,0.0,96.0
2022-07-15,lettuce,130.0,436.0,350.0,44.0
2022-07-15,tomato,130.0,436.0,350.0,44.0
2022-07-15,cheese,392.5,350.5,0.0,42.0
2022-07-15,spice,2194.0,2162.0,0.0,32.0
2022-07-15,chicken_nuggets,7775.0,7311.0,0.0,464.0
2022-07-15,chicken_strips,2114.0,2073.0,0.0,41.0
2022-07-15,flat_bread,512.5,508.5,0.0,4.0
2022-07-15,mixed_greens,779.0,727.0,0.0,52.0
2022-07-15,shredded_monterey_jack,1912.0,1889.0,0.0,23.0
2022-07-15,waffle_fries,16448.920000000013,16303.860000000013,0.0,145.06
2022-07-15,roasted_corn_kernels,702.0,698.0,0.0,4.0
2022-07-15,crumbled_bacon,702.0,698.0,0.0,4.0
2022-07-15,avacado_lime_dressing,352.0,348.0,0.0,4.0
2022-07-15,red_bell_pepers,877.0,873.0,0.0,4.0
2022-07-15,grape tomatoes,885.0,865.0,0.0,20.0
2022-07-15,hard_boiled_egg,89.5,85.5,0.0,4.0
2022-07-15,blue_cheese,302.0,256.0,0.0,46.0
2022-07-15,apples,302.0,256.0,0.0,46.0
2022-07-15,strawberries,302.0,256.0,0.0,46.0
2022-07-15,blueberries,302.0,256.0,0.0,46.0
2022-07-15,harvest_nut_granola,302.0,256.0,0.0,46.0
2022-07-15,zesty_apple_vinagrette,302.0,256.0,0.0,46.0
2022-07-15,chicken_tenders,3388.0,3366.0,0.0,22.0
2022-07-15,biscuit,415.0,380.0,0.0,35.0
2022-07-15,chicken_mini_bread,3870.0,3828.0,0.0,42.0
2022-07-15,butter,1095.0,1092.0,0.0,3.0
2022-07-15,bacon,561.0,555.0,0.0,6.0
2022-07-15,tortilla,610.0,595.0,0.0,15.0
2022-07-15,eggs,500.0,465.0,0.0,35.0
2022-07-15,sausage,153.0,149.0,0.0,4.0
2022-07-15,bagel,53.0,205.0,175.0,23.0
2022-07-15,oatmeal,221.0,212.0,0.0,9.0
2022-07-15,fruit,140.0,126.5,0.0,13.5
2022-07-15,cream_cheese,49.0,219.0,175.0,5.0
2022-07-15,hash_brown,264.0,252.0,0.0,12.0
2022-07-15,yogurt_parfait,377.0,366.0,0.0,11.0
2022-07-15,cinamon_cluster,239.0,236.0,0.0,3.0
2022-07-15,lemonade,3052.2000000000007,2952.8000000000006,0.0,99.4
2022-07-15,straw,15210.0,14912.0,0.0,298.0
2022-07-15,small_drink_cup,1356.0,1313.0,0.0,43.0
2022-07-15,medium_drink_cup,5742.0,5557.0,0.0,185.0
2022-07-15,large_drink_cup,1112.0,1042.0,0.0,70.0
2022-07-15,lemonade_diet,2689.399999999998,2646.9999999999977,0.0,42.4
2022-07-15,ice_tea_unsweet,4384.3999999999905,4358.29999999999,0.0,26.1
2022-07-15,ice_tea_sweet,4736.200000000002,4680.300000000002,0.0,55.9
2022-07-15,soft_drink,16300.600000000013,16115.100000000013,0.0,185.50000000000003
2022-07-15,dasani_water_bottle,889.0,884.0,0.0,5.0
2022-07-15,orange_juice_bottle,753.0,740.0,0.0,13.0
2022-07-15,apple_juice,741.0,724.0,0.0,17.0
2022-07-15,ice_coffee,355.5,331.0,0.0,24.5
2022-07-15,coffee,2188.0,2161.5,0.0,26.5
2022-07-15,Coffee_box,49.0,218.0,175.0,6.0
2022-07-15,milk_chocolate,506.0,504.0,0.0,2.0
2022-07-15,milk,500.0,456.0,0.0,44.0
2022-07-15,icecream,602.0,498.0,0.0,104.0
2022-07-15,vanilla_flavor,358.0,341.0,0.0,17.0
2022-07-15,cream_flavor,548.0,533.0,0.0,15.0
2022-07-15,chunk_cookie,373.0,301.5,0.0,71.5
2022-07-15,chocolate_flavor,678.0,672.0,0.0,6.0
2022-07-15,strawberry_flavor,648.0,645.0,0.0,3.0
2022-07-15,frosted_extract,612.0,597.0,0.0,15.0
2022-07-15,icecream_cone,670.0,662.0,0.0,8.0
2022-07-15,icecream_come,718.0,704.0,0.0,14.0
2022-07-15,icecream_topping,716.0,711.0,0.0,5.0
2022-07-15,to_go_bag,3226.0,3103.0,0.0,123.0
2022-07-15,napkins,16130.0,15515.0,0.0,615.0
2022-07-15,ketchup,8478.0,8476.0,0.0,2.0
2022-07-15,ranch,8388.0,8384.0,0.0,4.0
2022-07-15,buffalo_sauce,8734.0,8726.0,0.0,8.0
2022-07-15,bbq_sauce,8788.0,8783.0,0.0,5.0
2022-07-15,polyneasian,8638.0,8629.0,0.0,9.0
2022-07-15,chickfala,8488.0,8480.0,0.0,8.0
2022-07-15,silverware,1692.0,1684.0,0.0,8.0
2022-07-16,fried_batter,1027.8,907.5999999999999,0.0,120.2
2022-07-16,bun,813.0,785.0,0.0,28.0
2022-07-16,chicken_patty,1397.0,1338.0,0.0,59.0
2022-07-16,pickle_chips,2964.0,2880.0,0.0,84.0
2022-07-16,lettuce,742.0,708.0,0.0,34.0
2022-07-16,tomato,742.0,708.0,0.0,34.0
2022-07-16,cheese,308.5,270.5,0.0,38.0
2022-07-16,spice,2130.0,2102.0,0.0,28.0
2022-07-16,chicken_nuggets,6847.0,6444.5,0.0,402.5
2022-07-16,chicken_strips,2032.0,1947.0,0.0,85.0
2022-07-16,flat_bread,504.5,491.5,0.0,13.0
2022-07-16,mixed_greens,675.0,607.5,0.0,67.5
2022-07-16,shredded_monterey_jack,1866.0,1850.0,0.0,16.0
2022-07-16,waffle_fries,16158.800000000014,16020.980000000014,0.0,137.82
2022-07-16,roasted_corn_kernels,694.0,692.0,0.0,2.0
2022-07-16,crumbled_bacon,694.0,692.0,0.0,2.0
2022-07-16,avacado_lime_dressing,344.0,342.0,0.0,2.0
2022-07-16,red_bell_pepers,869.0,867.0,0.0,2.0
2022-07-16,grape tomatoes,845.0,835.0,0.0,10.0
2022-07-16,hard_boiled_egg,81.5,79.5,0.0,2.0
2022-07-16,blue_cheese,210.0,151.0,0.0,59.0
2022-07-16,apples,210.0,151.0,0.0,59.0
2022-07-16,strawberries,210.0,151.0,0.0,59.0
2022-07-16,blueberries,210.0,151.0,0.0,59.0
2022-07-16,harvest_nut_granola,210.0,151.0,0.0,59.0
2022-07-16,zesty_apple_vinagrette,210.0,151.0,0.0,59.0
2022-07-16,chicken_tenders,3344.0,3326.0,0.0,18.0
2022-07-16,biscuit,345.0,291.0,0.0,54.0
2022-07-16,chicken_mini_bread,3786.0,3753.0,0.0,33.0
2022-07-16,butter,1089.0,1084.75,0.0,4.25
2022-07-16,bacon,549.0,541.0,0.0,8.0
2022-07-16,tortilla,580.0,579.0,0.0,1.0
2022-07-16,eggs,430.0,408.0,0.0,22.0
2022-07-16,sausage,145.0,134.0,0.0,11.0
2022-07-16,bagel,357.0,345.0,0.0,12.0
2022-07-16,oatmeal,203.0,183.0,0.0,20.0
2022-07-16,fruit,113.0,446.0,350.0,17.0
2022-07-16,cream_cheese,389.0,379.0,0.0,10.0
2022-07-16,hash_brown,240.0,233.0,0.0,7.0
2022-07-16,yogurt_parfait,355.0,341.0,0.0,14.0
2022-07-16,cinamon_cluster,233.0,230.0,0.0,3.0
2022-07-16,lemonade,2853.4000000000005,2778.5000000000005,0.0,74.9
2022-07-16,straw,14614.0,14363.0,0.0,251.0
2022-07-16,small_drink_cup,1270.0,1233.0,0.0,37.0
2022-07-16,medium_drink_cup,5372.0,5200.0,0.0,172.0
2022-07-16,large_drink_cup,972.0,4430.0,3500.0,42.0
2022-07-16,lemonade_diet,2604.5999999999976,2573.6999999999975,0.0,30.9
2022-07-16,ice_tea_unsweet,4332.19999999999,4311.79999999999,0.0,20.4
2022-07-16,ice_tea_sweet,4624.400000000002,4589.800000000002,0.0,34.599999999999994
2022-07-16,soft_drink,15929.600000000013,15770.100000000013,0.0,159.5
2022-07-16,dasani_water_bottle,879.0,877.0,0.0,2.0
2022-07-16,orange_juice_bottle,727.0,723.0,0.0,4.0
2022-07-16,apple_juice,707.0,705.0,0.0,2.0
2022-07-16,ice_coffee,306.5,280.75,0.0,25.75
2022-07-16,coffee,2135.0,2098.75,0.0,36.25
2022-07-16,Coffee_box,387.0,378.0,0.0,9.0
2022-07-16,milk_chocolate,502.0,499.0,0.0,3.0
2022-07-16,milk,412.0,363.0,0.0,49.0
2022-07-16,icecream,394.0,288.0,0.0,106.0
2022-07-16,vanilla_flavor,324.0,311.0,0.0,13.0
2022-07-16,cream_flavor,518.0,510.0,0.0,8.0
2022-07-16,chunk_cookie,230.0,218.0,0.0,12.0
2022-07-16,chocolate_flavor,666.0,651.0,0.0,15.0
2022-07-16,strawberry_flavor,642.0,632.0,0.0,10.0
2022-07-16,frosted_extract,582.0,578.0,0.0,4.0
2022-07-16,icecream_cone,654.0,648.0,0.0,6.0
2022-07-16,icecream_come,690.0,682.0,0.0,8.0
2022-07-16,icecream_topping,706.0,692.0,0.0,14.0
2022-07-16,to_go_bag,2980.0,13360.0,10500.0,120.0
2022-07-16,napkins,14900.0,14300.0,0.0,600.0
2022-07-16,ketchup,8474.0,8460.0,0.0,14.0
2022-07-16,ranch,8380.0,8377.0,0.0,3.0
2022-07-16,buffalo_sauce,8718.0,8708.0,0.0,10.0
2022-07-16,bbq_sauce,8778.0,8766.0,0.0,12.0
2022-07-16,polyneasian,8620.0,8609.0,0.0,11.0
2022-07-16,chickfala,8472.0,8470.0,0.0,2.0
2022-07-16,silverware,1676.0,1655.0,0.0,21.0
2022-07-18,fried_batter,787.3999999999999,640.9999999999999,0.0,146.4
2022-07-18,bun,757.0,689.0,0.0,68.0
2022-07-18,chicken_patty,1279.0,1168.0,0.0,111.0
2022-07-18,pickle_chips,2796.0,2592.0,0.0,204.0
2022-07-18,lettuce,674.0,600.0,0.0,74.0
2022-07-18,tomato,674.0,600.0,0.0,74.0
2022-07-18,cheese,232.5,155.5,0.0,77.0
2022-07-18,spice,2074.0,2044.0,0.0,30.0
2022-07-18,chicken_nuggets,6042.0,5503.5,0.0,538.5
2022-07-18,chicken_strips,1862.0,1793.0,0.0,69.0
2022-07-18,flat_bread,478.5,477.5,0.0,1.0
2022-07-18,mixed_greens,540.0,481.5,0.0,58.5
2022-07-18,shredded_monterey_jack,1834.0,1819.0,0.0,15.0
2022-07-18,waffle_fries,15883.160000000014,15754.560000000014,0.0,128.60000000000002
2022-07-18,roasted_corn_kernels,690.0,681.0,0.0,9.0
2022-07-18,crumbled_bacon,690.0,681.0,0.0,9.0
2022-07-18,avacado_lime_dressing,340.0,331.0,0.0,9.0
2022-07-18,red_bell_pepers,865.0,856.0,0.0,9.0
2022-07-18,grape tomatoes,825.0,780.0,0.0,45.0
2022-07-18,hard_boiled_egg,77.5,331.0,262.5,9.0
2022-07-18,blue_cheese,92.0,393.0,350.0,49.0
2022-07-18,apples,92.0,393.0,350.0,49.0
2022-07-18,strawberries,92.0,393.0,350.0,49.0
2022-07-18,blueberries,92.0,393.0,350.0,49.0
2022-07-18,harvest_nut_granola,92.0,393.0,350.0,49.0
2022-07-18,zesty_apple_vinagrette,92.0,393.0,350.0,49.0
2022-07-18,chicken_tenders,3308.0,3294.0,0.0,14.0
2022-07-18,biscuit,237.0,202.0,0.0,35.0
2022-07-18,chicken_mini_bread,3720.0,3690.0,0.0,30.0
2022-07-18,butter,1080.5,1080.25,0.0,0.25
2022-07-18,bacon,533.0,519.0,0.0,14.0
2022-07-18,tortilla,578.0,573.0,0.0,5.0
2022-07-18,eggs,386.0,341.0,0.0,45.0
2022-07-18,sausage,123.0,117.0,0.0,6.0
2022-07-18,bagel,333.0,300.0,0.0,33.0
2022-07-18,oatmeal,163.0,154.0,0.0,9.0
2022-07-18,fruit,779.0,759.0,0.0,20.0
2022-07-18,cream_cheese,369.0,361.0,0.0,8.0
2022-07-18,hash_brown,226.0,213.0,0.0,13.0
2022-07-18,yogurt_parfait,327.0,320.0,0.0,7.0
2022-07-18,cinamon_cluster,227.0,214.0,0.0,13.0
2022-07-18,lemonade,2703.6000000000004,2667.8,0.0,35.8
2022-07-18,straw,14112.0,13935.0,0.0,177.0
2022-07-18,small_drink_cup,1196.0,1172.0,0.0,24.0
2022-07-18,medium_drink_cup,5028.0,4904.0,0.0,124.0
2022-07-18,large_drink_cup,7888.0,7859.0,0.0,29.0
2022-07-18,lemonade_diet,2542.7999999999975,2536.7999999999975,0.0,6.0
2022-07-18,ice_tea_unsweet,4291.3999999999905,4261.09999999999,0.0,30.299999999999997
2022-07-18,ice_tea_sweet,4555.200000000002,4487.100000000001,0.0,68.10000000000002
2022-07-18,soft_drink,15610.600000000013,15479.600000000013,0.0,131.0
2022-07-18,dasani_water_bottle,875.0,873.0,0.0,2.0
2022-07-18,orange_juice_bottle,719.0,712.0,0.0,7.0
2022-07-18,apple_juice,703.0,698.0,0.0,5.0
2022-07-18,ice_coffee,255.0,243.25,0.0,11.75
2022-07-18,coffee,2062.5,2041.75,0.0,20.75
2022-07-18,Coffee_box,369.0,361.0,0.0,8.0
2022-07-18,milk_chocolate,496.0,492.0,0.0,4.0
2022-07-18,milk,314.0,293.0,0.0,21.0
2022-07-18,icecream,182.0,137.0,0.0,45.0
2022-07-18,vanilla_flavor,298.0,297.0,0.0,1.0
2022-07-18,cream_flavor,502.0,500.0,0.0,2.0
2022-07-18,chunk_cookie,206.0,153.0,0.0,53.0
2022-07-18,chocolate_flavor,636.0,626.0,0.0,10.0
2022-07-18,strawberry_flavor,622.0,616.0,0.0,6.0
2022-07-18,frosted_extract,574.0,570.0,0.0,4.0
2022-07-18,icecream_cone,642.0,637.0,0.0,5.0
2022-07-18,icecream_come,674.0,672.0,0.0,2.0
2022-07-18,icecream_topping,678.0,670.0,0.0,8.0
2022-07-18,to_go_bag,23740.0,23632.0,0.0,108.0
2022-07-18,napkins,13700.0,13160.0,0.0,540.0
2022-07-18,ketchup,8446.0,8443.0,0.0,3.0
2022-07-18,ranch,8374.0,8365.0,0.0,9.0
2022-07-18,buffalo_sauce,8698.0,8689.0,0.0,9.0
2022-07-18,bbq_sauce,8754.0,8740.0,0.0,14.0
2022-07-18,polyneasian,8598.0,8596.0,0.0,2.0
2022-07-18,chickfala,8468.0,8464.0,0.0,4.0
2022-07-18,silverware,1634.0,1623.0,0.0,11.0
2022-07-19,fried_batter,494.5999999999999,340.7999999999999,0.0,153.8
2022-07-19,bun,621.0,603.0,0.0,18.0
2022-07-19,chicken_patty,1057.0,994.5,0.0,62.5
2022-07-19,pickle_chips,2388.0,2334.0,0.0,54.0
2022-07-19,lettuce,526.0,504.0,0.0,22.0
2022-07-19,tomato,526.0,504.0,0.0,22.0
2022-07-19,cheese,78.5,305.0,262.5,36.0
2022-07-19,spice,2014.0,1986.0,0.0,28.0
2022-07-19,chicken_nuggets,4965.0,4466.0,0.0,499.0
2022-07-19,chicken_strips,1724.0,1671.0,0.0,53.0
2022-07-19,flat_bread,476.5,476.5,0.0,0.0
2022-07-19,mixed_greens,423.0,346.0,0.0,77.0
2022-07-19,shredded_monterey_jack,1804.0,1782.0,0.0,22.0
2022-07-19,waffle_fries,15625.960000000014,15495.400000000014,0.0,130.56
2022-07-19,roasted_corn_kernels,672.0,665.0,0.0,7.0
2022-07-19,crumbled_bacon,672.0,665.0,0.0,7.0
2022-07-19,avacado_lime_dressing,322.0,315.0,0.0,7.0
2022-07-19,red_bell_pepers,847.0,840.0,0.0,7.0
2022-07-19,grape tomatoes,735.0,700.0,0.0,35.0
2022-07-19,hard_boiled_egg,584.5,577.5,0.0,7.0
2022-07-19,blue_cheese,694.0,624.0,0.0,70.0
2022-07-19,apples,694.0,624.0,0.0,70.0
2022-07-19,strawberries,694.0,624.0,0.0,70.0
2022-07-19,blueberries,694.0,624.0,0.0,70.0
2022-07-19,harvest_nut_granola,694.0,624.0,0.0,70.0
2022-07-19,zesty_apple_vinagrette,694.0,624.0,0.0,70.0
2022-07-19,chicken_tenders,3280.0,3250.0,0.0,30.0
2022-07-19,biscuit,167.0,654.0,525.0,38.0
2022-07-19,chicken_mini_bread,3660.0,3609.0,0.0,51.0
2022-07-19,butter,1080.0,1078.5,0.0,1.5
2022-07-19,bacon,505.0,498.0,0.0,7.0
2022-07-19,tortilla,568.0,553.0,0.0,15.0
2022-07-19,eggs,296.0,256.0,0.0,40.0
2022-07-19,sausage,111.0,103.0,0.0,8.0
2022-07-19,bagel,267.0,237.0,0.0,30.0
2022-07-19,oatmeal,145.0,133.0,0.0,12.0
2022-07-19,fruit,739.0,707.5,0.0,31.5
2022-07-19,cream_cheese,353.0,336.0,0.0,17.0
2022-07-19,hash_brown,200.0,895.0,700.0,5.0
2022-07-19,yogurt_parfait,313.0,305.0,0.0,8.0
2022-07-19,cinamon_cluster,201.0,200.0,0.0,1.0
2022-07-19,lemonade,2632.0,2604.9,0.0,27.1
2022-07-19,straw,13758.0,13545.0,0.0,213.0
2022-07-19,small_drink_cup,1148.0,1117.0,0.0,31.0
2022-07-19,medium_drink_cup,4780.0,4637.0,0.0,143.0
2022-07-19,large_drink_cup,7830.0,7791.0,0.0,39.0
2022-07-19,lemonade_diet,2530.7999999999975,2496.6999999999975,0.0,34.1
2022-07-19,ice_tea_unsweet,4230.79999999999,4219.09999999999,0.0,11.7
2022-07-19,ice_tea_sweet,4419.000000000001,4387.700000000001,0.0,31.300000000000004
2022-07-19,soft_drink,15348.600000000013,15187.900000000012,0.0,160.70000000000002
2022-07-19,dasani_water_bottle,871.0,867.0,0.0,4.0
2022-07-19,orange_juice_bottle,705.0,704.0,0.0,1.0
2022-07-19,apple_juice,693.0,689.0,0.0,4.0
2022-07-19,ice_coffee,231.5,202.75,0.0,28.75
2022-07-19,coffee,2021.0,2003.75,0.0,17.25
2022-07-19,Coffee_box,353.0,345.0,0.0,8.0
2022-07-19,milk_chocolate,488.0,488.0,0.0,0.0
2022-07-19,milk,272.0,247.0,0.0,25.0
2022-07-19,icecream,92.0,382.0,350.0,60.0
2022-07-19,vanilla_flavor,296.0,294.0,0.0,2.0
2022-07-19,cream_flavor,498.0,486.0,0.0,12.0
2022-07-19,chunk_cookie,100.0,433.0,350.0,17.0
2022-07-19,chocolate_flavor,616.0,609.0,0.0,7.0
2022-07-19,strawberry_flavor,610.0,606.0,0.0,4.0
2022-07-19,frosted_extract,566.0,557.0,0.0,9.0
2022-07-19,icecream_cone,632.0,627.0,0.0,5.0
2022-07-19,icecream_come,670.0,665.0,0.0,5.0
2022-07-19,icecream_topping,662.0,644.0,0.0,18.0
2022-07-19,to_go_bag,23524.0,23414.0,0.0,110.0
2022-07-19,napkins,12620.0,12070.0,0.0,550.0
2022-07-19,ketchup,8440.0,8435.0,0.0,5.0
2022-07-19,ranch,8356.0,8347.0,0.0,9.0
2022-07-19,buffalo_sauce,8680.0,8676.0,0.0,4.0
2022-07-19,bbq_sauce,8726.0,8726.0,0.0,0.0
2022-07-19,polyneasian,8594.0,8592.0,0.0,2.0
2022-07-19,chickfala,8460.0,8445.0,0.0,15.0
2022-07-19,silverware,1612.0,1608.0,0.0,4.0
2022-07-20,fried_batter,186.9999999999999,557.5999999999999,525.0,154.4
2022-07-20,bun,585.0,516.0,0.0,69.0
2022-07-20,chicken_patty,932.0,840.5,0.0,91.5
2022-07-20,pickle_chips,2280.0,2073.0,0.0,207.0
2022-07-20,lettuce,482.0,448.0,0.0,34.0
2022-07-20,tomato,482.0,448.0,0.0,34.0
2022-07-20,cheese,531.5,498.5,0.0,33.0
2022-07-20,spice,1958.0,1937.0,0.0,21.0
2022-07-20,chicken_nuggets,3967.0,3491.0,0.0,476.0
2022-07-20,chicken_strips,1618.0,1566.0,0.0,52.0
2022-07-20,flat_bread,476.5,464.5,0.0,12.0
2022-07-20,mixed_greens,269.0,891.0,700.0,78.0
2022-07-20,shredded_monterey_jack,1760.0,1745.0,0.0,15.0
2022-07-20,waffle_fries,15364.840000000015,15262.140000000014,0.0,102.7
2022-07-20,roasted_corn_kernels,658.0,655.0,0.0,3.0
2022-07-20,crumbled_bacon,658.0,655.0,0.0,3.0
2022-07-20,avacado_lime_dressing,308.0,305.0,0.0,3.0
2022-07-20,red_bell_pepers,833.0,830.0,0.0,3.0
2022-07-20,grape tomatoes,665.0,650.0,0.0,15.0
2022-07-20,hard_boiled_egg,570.5,567.5,0.0,3.0
2022-07-20,blue_cheese,554.0,485.0,0.0,69.0
2022-07-20,apples,554.0,485.0,0.0,69.0
2022-07-20,strawberries,554.0,485.0,0.0,69.0
2022-07-20,blueberries,554.0,485.0,0.0,69.0
2022-07-20,harvest_nut_granola,554.0,485.0,0.0,69.0
2022-07-20,zesty_apple_vinagrette,554.0,485.0,0.0,69.0
2022-07-20,chicken_tenders,3220.0,3180.0,0.0,40.0
2022-07-20,biscuit,1141.0,1109.0,0.0,32.0
2022-07-20,chicken_mini_bread,3558.0,3507.0,0.0,51.0
2022-07-20,butter,1077.0,1075.75,0.0,1.25
2022-07-20,bacon,491.0,486.0,0.0,5.0
2022-07-20,tortilla,538.0,538.0,0.0,0.0
2022-07-20,eggs,216.0,200.0,0.0,16.0
2022-07-20,sausage,95.0,86.0,0.0,9.0
2022-07-20,bagel,207.0,197.0,0.0,10.0
2022-07-20,oatmeal,121.0,101.0,0.0,20.0
2022-07-20,fruit,676.0,645.5,0.0,30.5
2022-07-20,cream_cheese,319.0,317.0,0.0,2.0
2022-07-20,hash_brown,1590.0,1581.0,0.0,9.0
2022-07-20,yogurt_parfait,297.0,297.0,0.0,0.0
2022-07-20,cinamon_cluster,199.0,197.0,0.0,2.0
2022-07-20,lemonade,2577.8,2537.5,0.0,40.300000000000004
2022-07-20,straw,13332.0,13128.0,0.0,204.0
2022-07-20,small_drink_cup,1086.0,1029.0,0.0,57.0
2022-07-20,medium_drink_cup,4494.0,4371.0,0.0,123.0
2022-07-20,large_drink_cup,7752.0,7728.0,0.0,24.0
2022-07-20,lemonade_diet,2462.5999999999976,2432.399999999998,0.0,30.2
2022-07-20,ice_tea_unsweet,4207.3999999999905,4186.3999999999905,0.0,20.999999999999996
2022-07-20,ice_tea_sweet,4356.400000000001,4317.500000000001,0.0,38.9
2022-07-20,soft_drink,15027.200000000012,14908.700000000012,0.0,118.5
2022-07-20,dasani_water_bottle,863.0,851.0,0.0,12.0
2022-07-20,orange_juice_bottle,703.0,693.0,0.0,10.0
2022-07-20,apple_juice,685.0,679.0,0.0,6.0
2022-07-20,ice_coffee,174.0,156.75,0.0,17.25
2022-07-20,coffee,1986.5,1962.25,0.0,24.25
2022-07-20,Coffee_box,337.0,330.0,0.0,7.0
2022-07-20,milk_chocolate,488.0,478.0,0.0,10.0
2022-07-20,milk,222.0,169.0,0.0,53.0
2022-07-20,icecream,672.0,554.0,0.0,118.0
2022-07-20,vanilla_flavor,292.0,283.0,0.0,9.0
2022-07-20,cream_flavor,474.0,471.0,0.0,3.0
2022-07-20,chunk_cookie,766.0,702.5,0.0,63.5
2022-07-20,chocolate_flavor,602.0,593.0,0.0,9.0
2022-07-20,strawberry_flavor,602.0,577.0,0.0,25.0
2022-07-20,frosted_extract,548.0,542.0,0.0,6.0
2022-07-20,icecream_cone,622.0,616.0,0.0,6.0
2022-07-20,icecream_come,660.0,640.0,0.0,20.0
2022-07-20,icecream_topping,626.0,617.0,0.0,9.0
2022-07-20,to_go_bag,23304.0,23188.0,0.0,116.0
2022-07-20,napkins,11520.0,10940.0,0.0,580.0
2022-07-20,ketchup,8430.0,8429.0,0.0,1.0
2022-07-20,ranch,8338.0,8333.0,0.0,5.0
2022-07-20,buffalo_sauce,8672.0,8661.0,0.0,11.0
2022-07-20,bbq_sauce,8726.0,8713.0,0.0,13.0
2022-07-20,polyneasian,8590.0,8572.0,0.0,18.0
2022-07-20,chickfala,8430.0,8418.0,0.0,12.0
2022-07-20,silverware,1604.0,1598.0,0.0,6.0
2022-07-21,fried_batter,928.1999999999999,800.5999999999999,0.0,127.6
2022-07-21,bun,447.0,401.0,0.0,46.0
2022-07-21,chicken_patty,749.0,673.0,0.0,76.0
2022-07-21,pickle_chips,1866.0,1728.0,0.0,138.0
2022-07-21,lettuce,414.0,382.0,0.0,32.0
2022-07-21,tomato,414.0,382.0,0.0,32.0
2022-07-21,cheese,465.5,425.5,0.0,40.0
2022-07-21,spice,1916.0,1890.0,0.0,26.0
2022-07-21,chicken_nuggets,3015.0,2425.5,0.0,589.5
2022-07-21,chicken_strips,1514.0,1507.0,0.0,7.0
2022-07-21,flat_bread,452.5,449.5,0.0,3.0
2022-07-21,mixed_greens,1513.0,1478.5,0.0,34.5
2022-07-21,shredded_monterey_jack,1730.0,1712.0,0.0,18.0
2022-07-21,waffle_fries,15159.440000000013,14991.340000000013,0.0,168.10000000000002
2022-07-21,roasted_corn_kernels,652.0,650.0,0.0,2.0
2022-07-21,crumbled_bacon,652.0,650.0,0.0,2.0
2022-07-21,avacado_lime_dressing,302.0,300.0,0.0,2.0
2022-07-21,red_bell_pepers,827.0,825.0,0.0,2.0
2022-07-21,grape tomatoes,635.0,625.0,0.0,10.0
2022-07-21,hard_boiled_egg,564.5,562.5,0.0,2.0
2022-07-21,blue_cheese,416.0,385.0,0.0,31.0
2022-07-21,apples,416.0,385.0,0.0,31.0
2022-07-21,strawberries,416.0,385.0,0.0,31.0
2022-07-21,blueberries,416.0,385.0,0.0,31.0
2022-07-21,harvest_nut_granola,416.0,385.0,0.0,31.0
2022-07-21,zesty_apple_vinagrette,416.0,385.0,0.0,31.0
2022-07-21,chicken_tenders,3140.0,3132.0,0.0,8.0
2022-07-21,biscuit,1077.0,1023.0,0.0,54.0
2022-07-21,chicken_mini_bread,3456.0,3417.0,0.0,39.0
2022-07-21,butter,1074.5,1070.5,0.0,4.0
2022-07-21,bacon,481.0,477.0,0.0,4.0
2022-07-21,tortilla,538.0,525.0,0.0,13.0
2022-07-21,eggs,184.0,147.0,0.0,37.0
2022-07-21,sausage,77.0,61.0,0.0,16.0
2022-07-21,bagel,187.0,169.0,0.0,18.0
2022-07-21,oatmeal,81.0,70.0,0.0,11.0
2022-07-21,fruit,615.0,574.0,0.0,41.0
2022-07-21,cream_cheese,315.0,309.0,0.0,6.0
2022-07-21,hash_brown,1572.0,1561.0,0.0,11.0
2022-07-21,yogurt_parfait,297.0,293.0,0.0,4.0
2022-07-21,cinamon_cluster,195.0,195.0,0.0,0.0
2022-07-21,lemonade,2497.2,2440.1,0.0,57.1
2022-07-21,straw,12924.0,12684.0,0.0,240.0
2022-07-21,small_drink_cup,972.0,4435.0,3500.0,37.0
2022-07-21,medium_drink_cup,4248.0,4066.0,0.0,182.0
2022-07-21,large_drink_cup,7704.0,7683.0,0.0,21.0
2022-07-21,lemonade_diet,2402.199999999998,2371.999999999998,0.0,30.200000000000003
2022-07-21,ice_tea_unsweet,4165.3999999999905,4151.09999999999,0.0,14.3
2022-07-21,ice_tea_sweet,4278.600000000001,4219.700000000002,0.0,58.900000000000006
2022-07-21,soft_drink,14790.200000000012,14633.600000000011,0.0,156.6
2022-07-21,dasani_water_bottle,839.0,828.0,0.0,11.0
2022-07-21,orange_juice_bottle,683.0,672.0,0.0,11.0
2022-07-21,apple_juice,673.0,659.0,0.0,14.0
2022-07-21,ice_coffee,139.5,122.5,0.0,17.0
2022-07-21,coffee,1938.0,1923.0,0.0,15.0
2022-07-21,Coffee_box,323.0,320.0,0.0,3.0
2022-07-21,milk_chocolate,468.0,454.0,0.0,14.0
2022-07-21,milk,116.0,430.0,350.0,36.0
2022-07-21,icecream,436.0,360.0,0.0,76.0
2022-07-21,vanilla_flavor,274.0,268.0,0.0,6.0
2022-07-21,cream_flavor,468.0,465.0,0.0,3.0
2022-07-21,chunk_cookie,639.0,534.5,0.0,104.5
2022-07-21,chocolate_flavor,584.0,576.0,0.0,8.0
2022-07-21,strawberry_flavor,552.0,540.0,0.0,12.0
2022-07-21,frosted_extract,536.0,534.0,0.0,2.0
2022-07-21,icecream_cone,610.0,597.0,0.0,13.0
2022-07-21,icecream_come,620.0,615.0,0.0,5.0
2022-07-21,icecream_topping,608.0,601.0,0.0,7.0
2022-07-21,to_go_bag,23072.0,22948.0,0.0,124.0
2022-07-21,napkins,10360.0,9740.0,0.0,620.0
2022-07-21,ketchup,8428.0,8422.0,0.0,6.0
2022-07-21,ranch,8328.0,8325.0,0.0,3.0
2022-07-21,buffalo_sauce,8650.0,8637.0,0.0,13.0
2022-07-21,bbq_sauce,8700.0,8692.0,0.0,8.0
2022-07-21,polyneasian,8554.0,8547.0,0.0,7.0
2022-07-21,chickfala,8406.0,8394.0,0.0,12.0
2022-07-21,silverware,1592.0,1582.0,0.0,10.0
2022-07-22,fried_batter,672.9999999999999,530.9999999999999,0.0,142.0
2022-07-22,bun,355.0,321.0,0.0,34.0
2022-07-22,chicken_patty,597.0,524.0,0.0,73.0
2022-07-22,pickle_chips,1590.0,1488.0,0.0,102.0
2022-07-22,lettuce,350.0,306.0,0.0,44.0
2022-07-22,tomato,350.0,306.0,0.0,44.0
2022-07-22,cheese,385.5,331.5,0.0,54.0
2022-07-22,spice,1864.0,1843.0,0.0,21.0
2022-07-22,chicken_nuggets,1836.0,8568.5,7000.0,267.5
2022-07-22,chicken_strips,1500.0,6705.0,5250.0,45.0
2022-07-22,flat_bread,446.5,435.5,0.0,11.0
2022-07-22,mixed_greens,1444.0,1377.5,0.0,66.5
2022-07-22,shredded_monterey_jack,1694.0,1664.0,0.0,30.0
2022-07-22,waffle_fries,14823.240000000013,14675.420000000013,0.0,147.82
2022-07-22,roasted_corn_kernels,648.0,642.0,0.0,6.0
2022-07-22,crumbled_bacon,648.0,642.0,0.0,6.0
2022-07-22,avacado_lime_dressing,298.0,292.0,0.0,6.0
2022-07-22,red_bell_pepers,823.0,817.0,0.0,6.0
2022-07-22,grape tomatoes,615.0,585.0,0.0,30.0
2022-07-22,hard_boiled_egg,560.5,554.5,0.0,6.0
2022-07-22,blue_cheese,354.0,299.0,0.0,55.0
2022-07-22,apples,354.0,299.0,0.0,55.0
2022-07-22,strawberries,354.0,299.0,0.0,55.0
2022-07-22,blueberries,354.0,299.0,0.0,55.0
2022-07-22,harvest_nut_granola,354.0,299.0,0.0,55.0
2022-07-22,zesty_apple_vinagrette,354.0,299.0,0.0,55.0
2022-07-22,chicken_tenders,3124.0,3106.0,0.0,18.0
2022-07-22,biscuit,969.0,920.0,0.0,49.0
2022-07-22,chicken_mini_bread,3378.0,3351.0,0.0,27.0
2022-07-22,butter,1066.5,1064.0,0.0,2.5
2022-07-22,bacon,473.0,460.0,0.0,13.0
2022-07-22,tortilla,512.0,499.0,0.0,13.0
2022-07-22,eggs,110.0,415.0,350.0,45.0
2022-07-22,sausage,45.0,214.0,175.0,6.0
2022-07-22,bagel,151.0,121.0,0.0,30.0
2022-07-22,oatmeal,59.0,52.0,0.0,7.0
2022-07-22,fruit,533.0,512.0,0.0,21.0
2022-07-22,cream_cheese,303.0,296.0,0.0,7.0
2022-07-22,hash_brown,1550.0,1542.0,0.0,8.0
2022-07-22,yogurt_parfait,289.0,281.0,0.0,8.0
2022-07-22,cinamon_cluster,195.0,188.0,0.0,7.0
2022-07-22,lemonade,2383.0,2325.8,0.0,57.199999999999996
2022-07-22,straw,12444.0,12197.0,0.0,247.0
2022-07-22,small_drink_cup,7898.0,7840.0,0.0,58.0
2022-07-22,medium_drink_cup,3884.0,3718.0,0.0,166.0
2022-07-22,large_drink_cup,7662.0,7639.0,0.0,23.0
2022-07-22,lemonade_diet,2341.7999999999984,2309.2999999999984,0.0,32.5
2022-07-22,ice_tea_unsweet,4136.79999999999,4110.19999999999,0.0,26.6
2022-07-22,ice_tea_sweet,4160.800000000002,4111.900000000002,0.0,48.9
2022-07-22,soft_drink,14477.000000000011,14333.200000000012,0.0,143.8
2022-07-22,dasani_water_bottle,817.0,806.0,0.0,11.0
2022-07-22,orange_juice_bottle,661.0,657.0,0.0,4.0
2022-07-22,apple_juice,645.0,641.0,0.0,4.0
2022-07-22,ice_coffee,105.5,446.5,350.0,9.0
2022-07-22,coffee,1908.0,1887.25,0.0,20.75
2022-07-22,Coffee_box,317.0,315.0,0.0,2.0
2022-07-22,milk_chocolate,440.0,430.0,0.0,10.0
2022-07-22,milk,744.0,718.0,0.0,26.0
2022-07-22,icecream,284.0,237.0,0.0,47.0
2022-07-22,vanilla_flavor,262.0,260.0,0.0,2.0
2022-07-22,cream_flavor,462.0,456.0,0.0,6.0
2022-07-22,chunk_cookie,430.0,388.0,0.0,42.0
2022-07-22,chocolate_flavor,568.0,567.0,0.0,1.0
2022-07-22,strawberry_flavor,528.0,522.0,0.0,6.0
2022-07-22,frosted_extract,532.0,524.0,0.0,8.0
2022-07-22,icecream_cone,584.0,576.0,0.0,8.0
2022-07-22,icecream_come,610.0,601.0,0.0,9.0
2022-07-22,icecream_topping,594.0,589.0,0.0,5.0
2022-07-22,to_go_bag,22824.0,22714.0,0.0,110.0
2022-07-22,napkins,9120.0,8570.0,0.0,550.0
2022-07-22,ketchup,8416.0,8414.0,0.0,2.0
2022-07-22,ranch,8322.0,8318.0,0.0,4.0
2022-07-22,buffalo_sauce,8624.0,8622.0,0.0,2.0
2022-07-22,bbq_sauce,8684.0,8680.0,0.0,4.0
2022-07-22,polyneasian,8540.0,8530.0,0.0,10.0
2022-07-22,chickfala,8382.0,8372.0,0.0,10.0
2022-07-22,silverware,1572.0,1565.0,0.0,7.0
2022-07-23,fried_batter,388.9999999999999,226.3999999999999,0.0,162.6
2022-07-23,bun,287.0,228.0,0.0,59.0
2022-07-23,chicken_patty,451.0,337.5,0.0,113.5
2022-07-23,pickle_chips,1386.0,1209.0,0.0,177.0
2022-07-23,lettuce,262.0,214.0,0.0,48.0
2022-07-23,tomato,262.0,214.0,0.0,48.0
2022-07-23,cheese,277.5,242.5,0.0,35.0
2022-07-23,spice,1822.0,1771.0,0.0,51.0
2022-07-23,chicken_nuggets,15301.0,14877.5,0.0,423.5
2022-07-23,chicken_strips,11910.0,11877.0,0.0,33.0
2022-07-23,flat_bread,424.5,419.5,0.0,5.0
2022-07-23,mixed_greens,1311.0,1233.5,0.0,77.5
2022-07-23,shredded_monterey_jack,1634.0,1622.0,0.0,12.0
2022-07-23,waffle_fries,14527.600000000013,14399.200000000013,0.0,128.4
2022-07-23,roasted_corn_kernels,636.0,633.0,0.0,3.0
2022-07-23,crumbled_bacon,636.0,633.0,0.0,3.0
2022-07-23,avacado_lime_dressing,286.0,283.0,0.0,3.0
2022-07-23,red_bell_pepers,811.0,808.0,0.0,3.0
2022-07-23,grape tomatoes,555.0,540.0,0.0,15.0
2022-07-23,hard_boiled_egg,548.5,545.5,0.0,3.0
2022-07-23,blue_cheese,244.0,172.0,0.0,72.0
2022-07-23,apples,244.0,172.0,0.0,72.0
2022-07-23,strawberries,244.0,172.0,0.0,72.0
2022-07-23,blueberries,244.0,172.0,0.0,72.0
2022-07-23,harvest_nut_granola,244.0,172.0,0.0,72.0
2022-07-23,zesty_apple_vinagrette,244.0,172.0,0.0,72.0
2022-07-23,chicken_tenders,3088.0,3048.0,0.0,40.0
2022-07-23,biscuit,871.0,843.0,0.0,28.0
2022-07-23,chicken_mini_bread,3324.0,3276.0,0.0,48.0
2022-07-23,butter,1061.5,1058.75,0.0,2.75
2022-07-23,bacon,447.0,445.0,0.0,2.0
2022-07-23,tortilla,486.0,482.0,0.0,4.0
2022-07-23,eggs,720.0,705.0,0.0,15.0
2022-07-23,sausage,383.0,379.0,0.0,4.0
2022-07-23,bagel,91.0,67.0,0.0,24.0
2022-07-23,oatmeal,45.0,206.0,175.0,14.0
2022-07-23,fruit,491.0,477.0,0.0,14.0
2022-07-23,cream_cheese,289.0,277.0,0.0,12.0
2022-07-23,hash_brown,1534.0,1525.0,0.0,9.0
2022-07-23,yogurt_parfait,273.0,265.0,0.0,8.0
2022-07-23,cinamon_cluster,181.0,176.0,0.0,5.0
2022-07-23,lemonade,2268.6000000000004,2237.7000000000003,0.0,30.9
2022-07-23,straw,11950.0,11741.0,0.0,209.0
2022-07-23,small_drink_cup,7782.0,7758.0,0.0,24.0
2022-07-23,medium_drink_cup,3552.0,3398.0,0.0,154.0
2022-07-23,large_drink_cup,7616.0,7585.0,0.0,31.0
2022-07-23,lemonade_diet,2276.7999999999984,2251.3999999999983,0.0,25.4
2022-07-23,ice_tea_unsweet,4083.59999999999,4064.09999999999,0.0,19.5
2022-07-23,ice_tea_sweet,4063.0000000000023,4024.0000000000023,0.0,39.0
2022-07-23,soft_drink,14189.400000000012,14045.600000000013,0.0,143.8
2022-07-23,dasani_water_bottle,795.0,791.0,0.0,4.0
2022-07-23,orange_juice_bottle,653.0,646.0,0.0,7.0
2022-07-23,apple_juice,637.0,631.0,0.0,6.0
2022-07-23,ice_coffee,787.5,772.25,0.0,15.25
2022-07-23,coffee,1866.5,1849.25,0.0,17.25
2022-07-23,Coffee_box,313.0,307.0,0.0,6.0
2022-07-23,milk_chocolate,420.0,407.0,0.0,13.0
2022-07-23,milk,692.0,656.0,0.0,36.0
2022-07-23,icecream,190.0,117.0,0.0,73.0
2022-07-23,vanilla_flavor,258.0,252.0,0.0,6.0
2022-07-23,cream_flavor,450.0,440.0,0.0,10.0
2022-07-23,chunk_cookie,346.0,300.0,0.0,46.0
2022-07-23,chocolate_flavor,566.0,559.0,0.0,7.0
2022-07-23,strawberry_flavor,516.0,510.0,0.0,6.0
2022-07-23,frosted_extract,516.0,513.0,0.0,3.0
2022-07-23,icecream_cone,568.0,559.0,0.0,9.0
2022-07-23,icecream_come,592.0,586.0,0.0,6.0
2022-07-23,icecream_topping,584.0,572.0,0.0,12.0
2022-07-23,to_go_bag,22604.0,22485.0,0.0,119.0
2022-07-23,napkins,8020.0,7425.0,0.0,595.0
2022-07-23,ketchup,8412.0,8408.0,0.0,4.0
2022-07-23,ranch,8314.0,8307.0,0.0,7.0
2022-07-23,buffalo_sauce,8620.0,8613.0,0.0,7.0
2022-07-23,bbq_sauce,8676.0,8674.0,0.0,2.0
2022-07-23,polyneasian,8520.0,8511.0,0.0,9.0
2022-07-23,chickfala,8362.0,8358.0,0.0,4.0
2022-07-23,silverware,1558.0,1545.0,0.0,13.0
2022-07-25,fried_batter,63.7999999999999,452.59999999999997,525.0,136.2
2022-07-25,bun,169.0,655.0,525.0,39.0
2022-07-25,chicken_patty,224.0,834.5,700.0,89.5
2022-07-25,pickle_chips,1032.0,915.0,0.0,117.0
2022-07-25,lettuce,166.0,122.0,0.0,44.0
2022-07-25,tomato,166.0,122.0,0.0,44.0
2022-07-25,cheese,207.5,166.5,0.0,41.0
2022-07-25,spice,1720.0,1679.0,0.0,41.0
2022-07-25,chicken_nuggets,14454.0,13925.0,0.0,529.0
2022-07-25,chicken_strips,11844.0,11762.0,0.0,82.0
2022-07-25,flat_bread,414.5,406.5,0.0,8.0
2022-07-25,mixed_greens,1156.0,1087.0,0.0,69.0
2022-07-25,shredded_monterey_jack,1610.0,1587.0,0.0,23.0
2022-07-25,waffle_fries,14270.800000000014,14126.180000000013,0.0,144.62
2022-07-25,roasted_corn_kernels,630.0,623.0,0.0,7.0
2022-07-25,crumbled_bacon,630.0,623.0,0.0,7.0
2022-07-25,avacado_lime_dressing,280.0,273.0,0.0,7.0
2022-07-25,red_bell_pepers,805.0,798.0,0.0,7.0
2022-07-25,grape tomatoes,525.0,490.0,0.0,35.0
2022-07-25,hard_boiled_egg,542.5,535.5,0.0,7.0
2022-07-25,blue_cheese,100.0,392.0,350.0,58.0
2022-07-25,apples,100.0,392.0,350.0,58.0
2022-07-25,strawberries,100.0,392.0,350.0,58.0
2022-07-25,blueberries,100.0,392.0,350.0,58.0
2022-07-25,harvest_nut_granola,100.0,392.0,350.0,58.0
2022-07-25,zesty_apple_vinagrette,100.0,392.0,350.0,58.0
2022-07-25,chicken_tenders,3008.0,3002.0,0.0,6.0
2022-07-25,biscuit,815.0,786.0,0.0,29.0
2022-07-25,chicken_mini_bread,3228.0,3195.0,0.0,33.0
2022-07-25,butter,1056.0,1055.0,0.0,1.0
2022-07-25,bacon,443.0,436.0,0.0,7.0
2022-07-25,tortilla,478.0,470.0,0.0,8.0
2022-07-25,eggs,690.0,663.0,0.0,27.0
2022-07-25,sausage,375.0,370.0,0.0,5.0
2022-07-25,bagel,43.0,195.0,175.0,23.0
2022-07-25,oatmeal,367.0,336.0,0.0,31.0
2022-07-25,fruit,463.0,437.0,0.0,26.0
2022-07-25,cream_cheese,265.0,259.0,0.0,6.0
2022-07-25,hash_brown,1516.0,1514.0,0.0,2.0
2022-07-25,yogurt_parfait,257.0,247.0,0.0,10.0
2022-07-25,cinamon_cluster,171.0,164.0,0.0,7.0
2022-07-25,lemonade,2206.8,2127.1000000000004,0.0,79.70000000000002
2022-07-25,straw,11532.0,11281.0,0.0,251.0
2022-07-25,small_drink_cup,7734.0,7706.0,0.0,28.0
2022-07-25,medium_drink_cup,3244.0,3084.0,0.0,160.0
2022-07-25,large_drink_cup,7554.0,7491.0,0.0,63.0
2022-07-25,lemonade_diet,2225.999999999998,2193.599999999998,0.0,32.400000000000006
2022-07-25,ice_tea_unsweet,4044.59999999999,4006.59999999999,0.0,38.00000000000001
2022-07-25,ice_tea_sweet,3985.0000000000023,3932.200000000002,0.0,52.8
2022-07-25,soft_drink,13901.800000000014,13760.900000000014,0.0,140.90000000000003
2022-07-25,dasani_water_bottle,787.0,779.0,0.0,8.0
2022-07-25,orange_juice_bottle,639.0,628.0,0.0,11.0
2022-07-25,apple_juice,625.0,609.0,0.0,16.0
2022-07-25,ice_coffee,757.0,744.0,0.0,13.0
2022-07-25,coffee,1832.0,1811.25,0.0,20.75
2022-07-25,Coffee_box,301.0,296.0,0.0,5.0
2022-07-25,milk_chocolate,394.0,393.0,0.0,1.0
2022-07-25,milk,620.0,579.0,0.0,41.0
2022-07-25,icecream,44.0,326.0,350.0,68.0
2022-07-25,vanilla_flavor,246.0,238.0,0.0,8.0
2022-07-25,cream_flavor,430.0,420.0,0.0,10.0
2022-07-25,chunk_cookie,254.0,212.0,0.0,42.0
2022-07-25,chocolate_flavor,552.0,548.0,0.0,4.0
2022-07-25,strawberry_flavor,504.0,499.0,0.0,5.0
2022-07-25,frosted_extract,510.0,501.0,0.0,9.0
2022-07-25,icecream_cone,550.0,545.0,0.0,5.0
2022-07-25,icecream_come,580.0,571.0,0.0,9.0
2022-07-25,icecream_topping,560.0,537.0,0.0,23.0
2022-07-25,to_go_bag,22366.0,22250.0,0.0,116.0
2022-07-25,napkins,6830.0,6250.0,0.0,580.0
2022-07-25,ketchup,8404.0,8391.0,0.0,13.0
2022-07-25,ranch,8300.0,8293.0,0.0,7.0
2022-07-25,buffalo_sauce,8606.0,8591.0,0.0,15.0
2022-07-25,bbq_sauce,8672.0,8664.0,0.0,8.0
2022-07-25,polyneasian,8502.0,8491.0,0.0,11.0
2022-07-25,chickfala,8354.0,8340.0,0.0,14.0
2022-07-25,silverware,1532.0,1523.0,0.0,9.0
2022-07-26,fried_batter,841.3999999999999,743.1999999999998,0.0,98.19999999999999
2022-07-26,bun,1141.0,1088.0,0.0,53.0
2022-07-26,chicken_patty,1445.0,1366.5,0.0,78.5
2022-07-26,pickle_chips,798.0,639.0,0.0,159.0
2022-07-26,lettuce,78.0,390.0,350.0,38.0
2022-07-26,tomato,78.0,390.0,350.0,38.0
2022-07-26,cheese,125.5,94.5,0.0,31.0
2022-07-26,spice,1638.0,1609.0,0.0,29.0
2022-07-26,chicken_nuggets,13396.0,12877.0,0.0,519.0
2022-07-26,chicken_strips,11680.0,11639.0,0.0,41.0
2022-07-26,flat_bread,398.5,388.5,0.0,10.0
2022-07-26,mixed_greens,1018.0,974.0,0.0,44.0
2022-07-26,shredded_monterey_jack,1564.0,1550.0,0.0,14.0
2022-07-26,waffle_fries,13981.560000000012,13832.260000000013,0.0,149.3
2022-07-26,roasted_corn_kernels,616.0,616.0,0.0,0.0
2022-07-26,crumbled_bacon,616.0,616.0,0.0,0.0
2022-07-26,avacado_lime_dressing,266.0,266.0,0.0,0.0
2022-07-26,red_bell_pepers,791.0,791.0,0.0,0.0
2022-07-26,grape tomatoes,455.0,455.0,0.0,0.0
2022-07-26,hard_boiled_egg,528.5,528.5,0.0,0.0
2022-07-26,blue_cheese,684.0,645.0,0.0,39.0
2022-07-26,apples,684.0,645.0,0.0,39.0
2022-07-26,strawberries,684.0,645.0,0.0,39.0
2022-07-26,blueberries,684.0,645.0,0.0,39.0
2022-07-26,harvest_nut_granola,684.0,645.0,0.0,39.0
2022-07-26,zesty_apple_vinagrette,684.0,645.0,0.0,39.0
2022-07-26,chicken_tenders,2996.0,2994.0,0.0,2.0
2022-07-26,biscuit,757.0,733.0,0.0,24.0
2022-07-26,chicken_mini_bread,3162.0,3123.0,0.0,39.0
2022-07-26,butter,1054.0,1052.25,0.0,1.75
2022-07-26,bacon,429.0,426.0,0.0,3.0
2022-07-26,tortilla,462.0,458.0,0.0,4.0
2022-07-26,eggs,636.0,620.0,0.0,16.0
2022-07-26,sausage,365.0,358.0,0.0,7.0
2022-07-26,bagel,347.0,332.0,0.0,15.0
2022-07-26,oatmeal,305.0,293.0,0.0,12.0
2022-07-26,fruit,411.0,374.5,0.0,36.5
2022-07-26,cream_cheese,253.0,248.0,0.0,5.0
2022-07-26,hash_brown,1512.0,1504.0,0.0,8.0
2022-07-26,yogurt_parfait,237.0,234.0,0.0,3.0
2022-07-26,cinamon_cluster,157.0,155.0,0.0,2.0
2022-07-26,lemonade,2047.4000000000003,1982.6000000000004,0.0,64.80000000000001
2022-07-26,straw,11030.0,10788.0,0.0,242.0
2022-07-26,small_drink_cup,7678.0,7640.0,0.0,38.0
2022-07-26,medium_drink_cup,2924.0,2757.0,0.0,167.0
2022-07-26,large_drink_cup,7428.0,7391.0,0.0,37.0
2022-07-26,lemonade_diet,2161.199999999998,2130.599999999998,0.0,30.6
2022-07-26,ice_tea_unsweet,3968.59999999999,3949.7999999999897,0.0,18.8
2022-07-26,ice_tea_sweet,3879.400000000002,3865.6000000000017,0.0,13.8
2022-07-26,soft_drink,13620.000000000015,13449.000000000015,0.0,170.99999999999997
2022-07-26,dasani_water_bottle,771.0,762.0,0.0,9.0
2022-07-26,orange_juice_bottle,617.0,613.0,0.0,4.0
2022-07-26,apple_juice,593.0,586.0,0.0,7.0
2022-07-26,ice_coffee,731.0,708.75,0.0,22.25
2022-07-26,coffee,1790.5,1763.25,0.0,27.25
2022-07-26,Coffee_box,291.0,275.0,0.0,16.0
2022-07-26,milk_chocolate,392.0,392.0,0.0,0.0
2022-07-26,milk,538.0,511.0,0.0,27.0
2022-07-26,icecream,608.0,564.0,0.0,44.0
2022-07-26,vanilla_flavor,230.0,228.0,0.0,2.0
2022-07-26,cream_flavor,410.0,398.0,0.0,12.0
2022-07-26,chunk_cookie,170.0,436.0,350.0,84.0
2022-07-26,chocolate_flavor,544.0,543.0,0.0,1.0
2022-07-26,strawberry_flavor,494.0,490.0,0.0,4.0
2022-07-26,frosted_extract,492.0,481.0,0.0,11.0
2022-07-26,icecream_cone,540.0,534.0,0.0,6.0
2022-07-26,icecream_come,562.0,562.0,0.0,0.0
2022-07-26,icecream_topping,514.0,509.0,0.0,5.0
2022-07-26,to_go_bag,22134.0,22030.0,0.0,104.0
2022-07-26,napkins,5670.0,5150.0,0.0,520.0
2022-07-26,ketchup,8378.0,8366.0,0.0,12.0
2022-07-26,ranch,8286.0,8275.0,0.0,11.0
2022-07-26,buffalo_sauce,8576.0,8565.0,0.0,11.0
2022-07-26,bbq_sauce,8656.0,8643.0,0.0,13.0
2022-07-26,polyneasian,8480.0,8472.0,0.0,8.0
2022-07-26,chickfala,8326.0,8318.0,0.0,8.0
2022-07-26,silverware,1514.0,1507.0,0.0,7.0
2022-07-27,fried_batter,644.9999999999998,522.9999999999998,0.0,122.0
2022-07-27,bun,1035.0,995.0,0.0,40.0
2022-07-27,chicken_patty,1288.0,1214.0,0.0,74.0
2022-07-27,pickle_chips,480.0,2110.0,1750.0,120.0
2022-07-27,lettuce,702.0,682.0,0.0,20.0
2022-07-27,tomato,702.0,682.0,0.0,20.0
2022-07-27,cheese,63.5,308.0,262.5,18.0
2022-07-27,spice,1580.0,1556.0,0.0,24.0
2022-07-27,chicken_nuggets,12358.0,11994.5,0.0,363.5
2022-07-27,chicken_strips,11598.0,11571.0,0.0,27.0
2022-07-27,flat_bread,378.5,363.5,0.0,15.0
2022-07-27,mixed_greens,930.0,860.5,0.0,69.5
2022-07-27,shredded_monterey_jack,1536.0,1515.0,0.0,21.0
2022-07-27,waffle_fries,13682.960000000014,13523.980000000014,0.0,158.98
2022-07-27,roasted_corn_kernels,616.0,613.0,0.0,3.0
2022-07-27,crumbled_bacon,616.0,613.0,0.0,3.0
2022-07-27,avacado_lime_dressing,266.0,263.0,0.0,3.0
2022-07-27,red_bell_pepers,791.0,788.0,0.0,3.0
2022-07-27,grape tomatoes,455.0,440.0,0.0,15.0
2022-07-27,hard_boiled_egg,528.5,525.5,0.0,3.0
2022-07-27,blue_cheese,606.0,547.0,0.0,59.0
2022-07-27,apples,606.0,547.0,0.0,59.0
2022-07-27,strawberries,606.0,547.0,0.0,59.0
2022-07-27,blueberries,606.0,547.0,0.0,59.0
2022-07-27,harvest_nut_granola,606.0,547.0,0.0,59.0
2022-07-27,zesty_apple_vinagrette,606.0,547.0,0.0,59.0
2022-07-27,chicken_tenders,2992.0,2978.0,0.0,14.0
2022-07-27,biscuit,709.0,679.0,0.0,30.0
2022-07-27,chicken_mini_bread,3084.0,3015.0,0.0,69.0
2022-07-27,butter,1050.5,1048.75,0.0,1.75
2022-07-27,bacon,423.0,422.0,0.0,1.0
2022-07-27,tortilla,454.0,451.0,0.0,3.0
2022-07-27,eggs,604.0,593.0,0.0,11.0
2022-07-27,sausage,351.0,345.0,0.0,6.0
2022-07-27,bagel,317.0,297.0,0.0,20.0
2022-07-27,oatmeal,281.0,263.0,0.0,18.0
2022-07-27,fruit,338.0,316.5,0.0,21.5
2022-07-27,cream_cheese,243.0,231.0,0.0,12.0
2022-07-27,hash_brown,1496.0,1486.0,0.0,10.0
2022-07-27,yogurt_parfait,231.0,216.0,0.0,15.0
2022-07-27,cinamon_cluster,153.0,135.0,0.0,18.0
2022-07-27,lemonade,1917.8000000000004,1880.5000000000005,0.0,37.300000000000004
2022-07-27,straw,10546.0,10335.0,0.0,211.0
2022-07-27,small_drink_cup,7602.0,7574.0,0.0,28.0
2022-07-27,medium_drink_cup,2590.0,2441.0,0.0,149.0
2022-07-27,large_drink_cup,7354.0,7320.0,0.0,34.0
2022-07-27,lemonade_diet,2099.999999999998,2081.099999999998,0.0,18.900000000000002
2022-07-27,ice_tea_unsweet,3930.9999999999895,3914.9999999999895,0.0,16.0
2022-07-27,ice_tea_sweet,3851.8000000000015,3815.6000000000017,0.0,36.2
2022-07-27,soft_drink,13278.000000000015,13113.600000000015,0.0,164.39999999999998
2022-07-27,dasani_water_bottle,753.0,749.0,0.0,4.0
2022-07-27,orange_juice_bottle,609.0,601.0,0.0,8.0
2022-07-27,apple_juice,579.0,576.0,0.0,3.0
2022-07-27,ice_coffee,686.5,679.75,0.0,6.75
2022-07-27,coffee,1736.0,1702.25,0.0,33.75
2022-07-27,Coffee_box,259.0,257.0,0.0,2.0
2022-07-27,milk_chocolate,392.0,382.0,0.0,10.0
2022-07-27,milk,484.0,431.0,0.0,53.0
2022-07-27,icecream,520.0,415.0,0.0,105.0
2022-07-27,vanilla_flavor,226.0,215.0,0.0,11.0
2022-07-27,cream_flavor,386.0,381.0,0.0,5.0
2022-07-27,chunk_cookie,702.0,622.5,0.0,79.5
2022-07-27,chocolate_flavor,542.0,535.0,0.0,7.0
2022-07-27,strawberry_flavor,486.0,471.0,0.0,15.0
2022-07-27,frosted_extract,470.0,465.0,0.0,5.0
2022-07-27,icecream_cone,528.0,515.0,0.0,13.0
2022-07-27,icecream_come,562.0,546.0,0.0,16.0
2022-07-27,icecream_topping,504.0,491.0,0.0,13.0
2022-07-27,to_go_bag,21926.0,21817.0,0.0,109.0
2022-07-27,napkins,4630.0,4085.0,0.0,545.0
2022-07-27,ketchup,8354.0,8345.0,0.0,9.0
2022-07-27,ranch,8264.0,8259.0,0.0,5.0
2022-07-27,buffalo_sauce,8554.0,8546.0,0.0,8.0
2022-07-27,bbq_sauce,8630.0,8624.0,0.0,6.0
2022-07-27,polyneasian,8464.0,8459.0,0.0,5.0
2022-07-27,chickfala,8310.0,8305.0,0.0,5.0
2022-07-27,silverware,1500.0,1498.0,0.0,2.0
2022-07-28,fried_batter,400.9999999999998,275.19999999999976,0.0,125.8
2022-07-28,bun,955.0,906.0,0.0,49.0
2022-07-28,chicken_patty,1140.0,1066.5,0.0,73.5
2022-07-28,pickle_chips,3740.0,3593.0,0.0,147.0
2022-07-28,lettuce,662.0,610.0,0.0,52.0
2022-07-28,tomato,662.0,610.0,0.0,52.0
2022-07-28,cheese,552.5,503.5,0.0,49.0
2022-07-28,spice,1532.0,1513.0,0.0,19.0
2022-07-28,chicken_nuggets,11631.0,11017.0,0.0,614.0
2022-07-28,chicken_strips,11544.0,11484.0,0.0,60.0
2022-07-28,flat_bread,348.5,344.5,0.0,4.0
2022-07-28,mixed_greens,791.0,738.0,0.0,53.0
2022-07-28,shredded_monterey_jack,1494.0,1483.0,0.0,11.0
2022-07-28,waffle_fries,13365.000000000015,13222.500000000015,0.0,142.5
2022-07-28,roasted_corn_kernels,610.0,603.0,0.0,7.0
2022-07-28,crumbled_bacon,610.0,603.0,0.0,7.0
2022-07-28,avacado_lime_dressing,260.0,253.0,0.0,7.0
2022-07-28,red_bell_pepers,785.0,778.0,0.0,7.0
2022-07-28,grape tomatoes,425.0,390.0,0.0,35.0
2022-07-28,hard_boiled_egg,522.5,515.5,0.0,7.0
2022-07-28,blue_cheese,488.0,444.0,0.0,44.0
2022-07-28,apples,488.0,444.0,0.0,44.0
2022-07-28,strawberries,488.0,444.0,0.0,44.0
2022-07-28,blueberries,488.0,444.0,0.0,44.0
2022-07-28,harvest_nut_granola,488.0,444.0,0.0,44.0
2022-07-28,zesty_apple_vinagrette,488.0,444.0,0.0,44.0
2022-07-28,chicken_tenders,2964.0,2962.0,0.0,2.0
2022-07-28,biscuit,649.0,618.0,0.0,31.0
2022-07-28,chicken_mini_bread,2946.0,2871.0,0.0,75.0
2022-07-28,butter,1047.0,1046.75,0.0,0.25
2022-07-28,bacon,421.0,412.0,0.0,9.0
2022-07-28,tortilla,448.0,448.0,0.0,0.0
2022-07-28,eggs,582.0,559.0,0.0,23.0
2022-07-28,sausage,339.0,329.0,0.0,10.0
2022-07-28,bagel,277.0,262.0,0.0,15.0
2022-07-28,oatmeal,245.0,236.0,0.0,9.0
2022-07-28,fruit,295.0,264.5,0.0,30.5
2022-07-28,cream_cheese,219.0,217.0,0.0,2.0
2022-07-28,hash_brown,1476.0,1472.0,0.0,4.0
2022-07-28,yogurt_parfait,201.0,186.0,0.0,15.0
2022-07-28,cinamon_cluster,117.0,113.0,0.0,4.0
2022-07-28,lemonade,1843.2000000000005,1799.4000000000005,0.0,43.800000000000004
2022-07-28,straw,10124.0,9883.0,0.0,241.0
2022-07-28,small_drink_cup,7546.0,7506.0,0.0,40.0
2022-07-28,medium_drink_cup,2292.0,2147.0,0.0,145.0
2022-07-28,large_drink_cup,7286.0,7230.0,0.0,56.0
2022-07-28,lemonade_diet,2062.199999999998,2027.199999999998,0.0,35.00000000000001
2022-07-28,ice_tea_unsweet,3898.9999999999895,3856.6999999999894,0.0,42.300000000000004
2022-07-28,ice_tea_sweet,3779.400000000002,3757.200000000002,0.0,22.200000000000003
2022-07-28,soft_drink,12949.200000000015,12814.100000000015,0.0,135.1
2022-07-28,dasani_water_bottle,745.0,741.0,0.0,4.0
2022-07-28,orange_juice_bottle,593.0,580.0,0.0,13.0
2022-07-28,apple_juice,573.0,566.0,0.0,7.0
2022-07-28,ice_coffee,673.0,652.5,0.0,20.5
2022-07-28,coffee,1668.5,1644.0,0.0,24.5
2022-07-28,Coffee_box,255.0,245.0,0.0,10.0
2022-07-28,milk_chocolate,372.0,370.0,0.0,2.0
2022-07-28,milk,378.0,335.0,0.0,43.0
2022-07-28,icecream,310.0,223.0,0.0,87.0
2022-07-28,vanilla_flavor,204.0,198.0,0.0,6.0
2022-07-28,cream_flavor,376.0,360.0,0.0,16.0
2022-07-28,chunk_cookie,543.0,527.0,0.0,16.0
2022-07-28,chocolate_flavor,528.0,517.0,0.0,11.0
2022-07-28,strawberry_flavor,456.0,452.0,0.0,4.0
2022-07-28,frosted_extract,460.0,457.0,0.0,3.0
2022-07-28,icecream_cone,502.0,496.0,0.0,6.0
2022-07-28,icecream_come,530.0,523.0,0.0,7.0
2022-07-28,icecream_topping,478.0,463.0,0.0,15.0
2022-07-28,to_go_bag,21708.0,21604.0,0.0,104.0
2022-07-28,napkins,3540.0,3020.0,0.0,520.0
2022-07-28,ketchup,8336.0,8327.0,0.0,9.0
2022-07-28,ranch,8254.0,8248.0,0.0,6.0
2022-07-28,buffalo_sauce,8538.0,8533.0,0.0,5.0
2022-07-28,bbq_sauce,8618.0,8612.0,0.0,6.0
2022-07-28,polyneasian,8454.0,8448.0,0.0,6.0
2022-07-28,chickfala,8300.0,8297.0,0.0,3.0
2022-07-28,silverware,1496.0,1493.0,0.0,3.0
2022-07-29,fried_batter,149.39999999999975,586.9999999999998,525.0,87.39999999999999
2022-07-29,bun,857.0,813.0,0.0,44.0
2022-07-29,chicken_patty,993.0,910.5,0.0,82.5
2022-07-29,pickle_chips,3446.0,3314.0,0.0,132.0
2022-07-29,lettuce,558.0,536.0,0.0,22.0
2022-07-29,tomato,558.0,536.0,0.0,22.0
2022-07-29,cheese,454.5,415.5,0.0,39.0
2022-07-29,spice,1494.0,1476.0,0.0,18.0
2022-07-29,chicken_nuggets,10403.0,10049.0,0.0,354.0
2022-07-29,chicken_strips,11424.0,11401.0,0.0,23.0
2022-07-29,flat_bread,340.5,322.5,0.0,18.0
2022-07-29,mixed_greens,685.0,631.0,0.0,54.0
2022-07-29,shredded_monterey_jack,1472.0,1444.0,0.0,28.0
2022-07-29,waffle_fries,13080.000000000015,12925.740000000014,0.0,154.26
2022-07-29,roasted_corn_kernels,596.0,595.0,0.0,1.0
2022-07-29,crumbled_bacon,596.0,595.0,0.0,1.0
2022-07-29,avacado_lime_dressing,246.0,245.0,0.0,1.0
2022-07-29,red_bell_pepers,771.0,770.0,0.0,1.0
2022-07-29,grape tomatoes,355.0,350.0,0.0,5.0
2022-07-29,hard_boiled_egg,508.5,507.5,0.0,1.0
2022-07-29,blue_cheese,400.0,356.0,0.0,44.0
2022-07-29,apples,400.0,356.0,0.0,44.0
2022-07-29,strawberries,400.0,356.0,0.0,44.0
2022-07-29,blueberries,400.0,356.0,0.0,44.0
2022-07-29,harvest_nut_granola,400.0,356.0,0.0,44.0
2022-07-29,zesty_apple_vinagrette,400.0,356.0,0.0,44.0
2022-07-29,chicken_tenders,2960.0,2950.0,0.0,10.0
2022-07-29,biscuit,587.0,553.0,0.0,34.0
2022-07-29,chicken_mini_bread,2796.0,2787.0,0.0,9.0
2022-07-29,butter,1046.5,1045.0,0.0,1.5
2022-07-29,bacon,403.0,387.0,0.0,16.0
2022-07-29,tortilla,448.0,439.0,0.0,9.0
2022-07-29,eggs,536.0,499.0,0.0,37.0
2022-07-29,sausage,319.0,314.0,0.0,5.0
2022-07-29,bagel,247.0,230.0,0.0,17.0
2022-07-29,oatmeal,227.0,218.0,0.0,9.0
2022-07-29,fruit,234.0,207.0,0.0,27.0
2022-07-29,cream_cheese,215.0,213.0,0.0,2.0
2022-07-29,hash_brown,1468.0,1463.0,0.0,5.0
2022-07-29,yogurt_parfait,171.0,160.0,0.0,11.0
2022-07-29,cinamon_cluster,109.0,93.0,0.0,16.0
2022-07-29,lemonade,1755.6000000000006,1707.9000000000005,0.0,47.7
2022-07-29,straw,9642.0,9401.0,0.0,241.0
2022-07-29,small_drink_cup,7466.0,7429.0,0.0,37.0
2022-07-29,medium_drink_cup,2002.0,1833.0,0.0,169.0
2022-07-29,large_drink_cup,7174.0,7139.0,0.0,35.0
2022-07-29,lemonade_diet,1992.199999999998,1975.599999999998,0.0,16.6
2022-07-29,ice_tea_unsweet,3814.399999999989,3790.899999999989,0.0,23.499999999999996
2022-07-29,ice_tea_sweet,3735.0000000000023,3684.600000000002,0.0,50.400000000000006
2022-07-29,soft_drink,12679.000000000015,12520.500000000015,0.0,158.5
2022-07-29,dasani_water_bottle,737.0,728.0,0.0,9.0
2022-07-29,orange_juice_bottle,567.0,560.0,0.0,7.0
2022-07-29,apple_juice,559.0,559.0,0.0,0.0
2022-07-29,ice_coffee,632.0,618.75,0.0,13.25
2022-07-29,coffee,1619.5,1601.25,0.0,18.25
2022-07-29,Coffee_box,235.0,226.0,0.0,9.0
2022-07-29,milk_chocolate,368.0,357.0,0.0,11.0
2022-07-29,milk,292.0,242.0,0.0,50.0
2022-07-29,icecream,136.0,406.0,350.0,80.0
2022-07-29,vanilla_flavor,192.0,183.0,0.0,9.0
2022-07-29,cream_flavor,344.0,333.0,0.0,11.0
2022-07-29,chunk_cookie,511.0,433.5,0.0,77.5
2022-07-29,chocolate_flavor,506.0,498.0,0.0,8.0
2022-07-29,strawberry_flavor,448.0,443.0,0.0,5.0
2022-07-29,frosted_extract,454.0,453.0,0.0,1.0
2022-07-29,icecream_cone,490.0,484.0,0.0,6.0
2022-07-29,icecream_come,516.0,508.0,0.0,8.0
2022-07-29,icecream_topping,448.0,445.0,0.0,3.0
2022-07-29,to_go_bag,21500.0,21389.0,0.0,111.0
2022-07-29,napkins,2500.0,12445.0,10500.0,555.0
2022-07-29,ketchup,8318.0,8317.0,0.0,1.0
2022-07-29,ranch,8242.0,8236.0,0.0,6.0
2022-07-29,buffalo_sauce,8528.0,8522.0,0.0,6.0
2022-07-29,bbq_sauce,8606.0,8599.0,0.0,7.0
2022-07-29,polyneasian,8442.0,8438.0,0.0,4.0
2022-07-29,chickfala,8294.0,8288.0,0.0,6.0
2022-07-29,silverware,1490.0,1484.0,0.0,6.0
2022-07-30,fried_batter,1024.5999999999997,888.5999999999997,0.0,136.0
2022-07-30,bun,769.0,738.0,0.0,31.0
2022-07-30,chicken_patty,828.0,754.0,0.0,74.0
2022-07-30,pickle_chips,3182.0,3089.0,0.0,93.0
2022-07-30,lettuce,514.0,484.0,0.0,30.0
2022-07-30,tomato,514.0,484.0,0.0,30.0
2022-07-30,cheese,376.5,346.5,0.0,30.0
2022-07-30,spice,1458.0,1435.0,0.0,23.0
2022-07-30,chicken_nuggets,9695.0,9241.5,0.0,453.5
2022-07-30,chicken_strips,11378.0,11323.0,0.0,55.0
2022-07-30,flat_bread,304.5,285.5,0.0,19.0
2022-07-30,mixed_greens,577.0,493.5,0.0,83.5
2022-07-30,shredded_monterey_jack,1416.0,1380.0,0.0,36.0
2022-07-30,waffle_fries,12771.480000000014,12614.180000000015,0.0,157.3
2022-07-30,roasted_corn_kernels,594.0,583.0,0.0,11.0
2022-07-30,crumbled_bacon,594.0,583.0,0.0,11.0
2022-07-30,avacado_lime_dressing,244.0,233.0,0.0,11.0
2022-07-30,red_bell_pepers,769.0,758.0,0.0,11.0
2022-07-30,grape tomatoes,345.0,290.0,0.0,55.0
2022-07-30,hard_boiled_egg,506.5,495.5,0.0,11.0
2022-07-30,blue_cheese,312.0,249.0,0.0,63.0
2022-07-30,apples,312.0,249.0,0.0,63.0
2022-07-30,strawberries,312.0,249.0,0.0,63.0
2022-07-30,blueberries,312.0,249.0,0.0,63.0
2022-07-30,harvest_nut_granola,312.0,249.0,0.0,63.0
2022-07-30,zesty_apple_vinagrette,312.0,249.0,0.0,63.0
2022-07-30,chicken_tenders,2940.0,2924.0,0.0,16.0
2022-07-30,biscuit,519.0,496.0,0.0,23.0
2022-07-30,chicken_mini_bread,2778.0,2736.0,0.0,42.0
2022-07-30,butter,1043.5,1042.5,0.0,1.0
2022-07-30,bacon,371.0,368.0,0.0,3.0
2022-07-30,tortilla,430.0,424.0,0.0,6.0
2022-07-30,eggs,462.0,441.0,0.0,21.0
2022-07-30,sausage,309.0,309.0,0.0,0.0
2022-07-30,bagel,213.0,195.0,0.0,18.0
2022-07-30,oatmeal,209.0,202.0,0.0,7.0
2022-07-30,fruit,180.0,150.0,0.0,30.0
2022-07-30,cream_cheese,211.0,209.0,0.0,2.0
2022-07-30,hash_brown,1458.0,1448.0,0.0,10.0
2022-07-30,yogurt_parfait,149.0,141.0,0.0,8.0
2022-07-30,cinamon_cluster,77.0,71.0,0.0,6.0
2022-07-30,lemonade,1660.2000000000005,1603.5000000000005,0.0,56.7
2022-07-30,straw,9160.0,8928.0,0.0,232.0
2022-07-30,small_drink_cup,7392.0,7364.0,0.0,28.0
2022-07-30,medium_drink_cup,1664.0,1494.0,0.0,170.0
2022-07-30,large_drink_cup,7104.0,7070.0,0.0,34.0
2022-07-30,lemonade_diet,1958.9999999999982,1938.9999999999982,0.0,20.0
2022-07-30,ice_tea_unsweet,3767.399999999989,3743.499999999989,0.0,23.9
2022-07-30,ice_tea_sweet,3634.200000000002,3562.5000000000023,0.0,71.7
2022-07-30,soft_drink,12362.000000000015,12201.300000000014,0.0,160.70000000000002
2022-07-30,dasani_water_bottle,719.0,713.0,0.0,6.0
2022-07-30,orange_juice_bottle,553.0,547.0,0.0,6.0
2022-07-30,apple_juice,559.0,551.0,0.0,8.0
2022-07-30,ice_coffee,605.5,589.0,0.0,16.5
2022-07-30,coffee,1583.0,1569.5,0.0,13.5
2022-07-30,Coffee_box,217.0,212.0,0.0,5.0
2022-07-30,milk_chocolate,346.0,339.0,0.0,7.0
2022-07-30,milk,192.0,151.0,0.0,41.0
2022-07-30,icecream,676.0,592.0,0.0,84.0
2022-07-30,vanilla_flavor,174.0,166.0,0.0,8.0
2022-07-30,cream_flavor,322.0,314.0,0.0,8.0
2022-07-30,chunk_cookie,356.0,312.0,0.0,44.0
2022-07-30,chocolate_flavor,490.0,477.0,0.0,13.0
2022-07-30,strawberry_flavor,438.0,434.0,0.0,4.0
2022-07-30,frosted_extract,452.0,443.0,0.0,9.0
2022-07-30,icecream_cone,478.0,467.0,0.0,11.0
2022-07-30,icecream_come,500.0,493.0,0.0,7.0
2022-07-30,icecream_topping,442.0,436.0,0.0,6.0
2022-07-30,to_go_bag,21278.0,21165.0,0.0,113.0
2022-07-30,napkins,22390.0,21825.0,0.0,565.0
2022-07-30,ketchup,8316.0,8307.0,0.0,9.0
2022-07-30,ranch,8230.0,8219.0,0.0,11.0
2022-07-30,buffalo_sauce,8516.0,8510.0,0.0,6.0
2022-07-30,bbq_sauce,8592.0,8583.0,0.0,9.0
2022-07-30,polyneasian,8434.0,8427.0,0.0,7.0
2022-07-30,chickfala,8282.0,8270.0,0.0,12.0
2022-07-30,silverware,1478.0,1474.0,0.0,4.0
2022-08-01,fried_batter,752.5999999999997,625.7999999999997,0.0,126.8
2022-08-01,bun,707.0,676.0,0.0,31.0
2022-08-01,chicken_patty,680.0,605.5,0.0,74.5
2022-08-01,pickle_chips,2996.0,2903.0,0.0,93.0
2022-08-01,lettuce,454.0,422.0,0.0,32.0
2022-08-01,tomato,454.0,422.0,0.0,32.0
2022-08-01,cheese,316.5,267.5,0.0,49.0
2022-08-01,spice,1412.0,1393.0,0.0,19.0
2022-08-01,chicken_nuggets,8788.0,8413.5,0.0,374.5
2022-08-01,chicken_strips,11268.0,11207.0,0.0,61.0
2022-08-01,flat_bread,266.5,259.5,0.0,7.0
2022-08-01,mixed_greens,410.0,344.5,0.0,65.5
2022-08-01,shredded_monterey_jack,1344.0,1320.0,0.0,24.0
2022-08-01,waffle_fries,12456.880000000016,12305.700000000015,0.0,151.18
2022-08-01,roasted_corn_kernels,572.0,559.0,0.0,13.0
2022-08-01,crumbled_bacon,572.0,559.0,0.0,13.0
2022-08-01,avacado_lime_dressing,222.0,209.0,0.0,13.0
2022-08-01,red_bell_pepers,747.0,734.0,0.0,13.0
2022-08-01,grape tomatoes,235.0,1045.0,875.0,65.0
2022-08-01,hard_boiled_egg,484.5,471.5,0.0,13.0
2022-08-01,blue_cheese,186.0,137.0,0.0,49.0
2022-08-01,apples,186.0,137.0,0.0,49.0
2022-08-01,strawberries,186.0,137.0,0.0,49.0
2022-08-01,blueberries,186.0,137.0,0.0,49.0
2022-08-01,harvest_nut_granola,186.0,137.0,0.0,49.0
2022-08-01,zesty_apple_vinagrette,186.0,137.0,0.0,49.0
2022-08-01,chicken_tenders,2908.0,2892.0,0.0,16.0
2022-08-01,biscuit,473.0,433.0,0.0,40.0
2022-08-01,chicken_mini_bread,2694.0,2658.0,0.0,36.0
2022-08-01,butter,1041.5,1040.25,0.0,1.25
2022-08-01,bacon,365.0,361.0,0.0,4.0
2022-08-01,tortilla,418.0,414.0,0.0,4.0
2022-08-01,eggs,420.0,383.0,0.0,37.0
2022-08-01,sausage,309.0,293.0,0.0,16.0
2022-08-01,bagel,177.0,141.0,0.0,36.0
2022-08-01,oatmeal,195.0,193.0,0.0,2.0
2022-08-01,fruit,120.0,103.0,0.0,17.0
2022-08-01,cream_cheese,207.0,203.0,0.0,4.0
2022-08-01,hash_brown,1438.0,1430.0,0.0,8.0
2022-08-01,yogurt_parfait,133.0,121.0,0.0,12.0
2022-08-01,cinamon_cluster,65.0,223.0,175.0,17.0
2022-08-01,lemonade,1546.8000000000004,1505.8000000000004,0.0,41.000000000000014
2022-08-01,straw,8696.0,8424.0,0.0,272.0
2022-08-01,small_drink_cup,7336.0,7290.0,0.0,46.0
2022-08-01,medium_drink_cup,1324.0,1160.0,0.0,164.0
2022-08-01,large_drink_cup,7036.0,6974.0,0.0,62.0
2022-08-01,lemonade_diet,1918.9999999999982,1875.4999999999982,0.0,43.49999999999999
2022-08-01,ice_tea_unsweet,3719.599999999989,3679.499999999989,0.0,40.099999999999994
2022-08-01,ice_tea_sweet,3490.8000000000025,3417.2000000000025,0.0,73.60000000000001
2022-08-01,soft_drink,12040.600000000013,11885.800000000014,0.0,154.8
2022-08-01,dasani_water_bottle,707.0,698.0,0.0,9.0
2022-08-01,orange_juice_bottle,541.0,536.0,0.0,5.0
2022-08-01,apple_juice,543.0,536.0,0.0,7.0
2022-08-01,ice_coffee,572.5,557.25,0.0,15.25
2022-08-01,coffee,1556.0,1518.0,0.0,38.0
2022-08-01,Coffee_box,207.0,202.0,0.0,5.0
2022-08-01,milk_chocolate,332.0,326.0,0.0,6.0
2022-08-01,milk,110.0,416.0,350.0,44.0
2022-08-01,icecream,508.0,423.0,0.0,85.0
2022-08-01,vanilla_flavor,158.0,143.0,0.0,15.0
2022-08-01,cream_flavor,306.0,302.0,0.0,4.0
2022-08-01,chunk_cookie,268.0,201.0,0.0,67.0
2022-08-01,chocolate_flavor,464.0,447.0,0.0,17.0
2022-08-01,strawberry_flavor,430.0,427.0,0.0,3.0
2022-08-01,frosted_extract,434.0,434.0,0.0,0.0
2022-08-01,icecream_cone,456.0,454.0,0.0,2.0
2022-08-01,icecream_come,486.0,481.0,0.0,5.0
2022-08-01,icecream_topping,430.0,426.0,0.0,4.0
2022-08-01,to_go_bag,21052.0,20932.0,0.0,120.0
2022-08-01,napkins,21260.0,20660.0,0.0,600.0
2022-08-01,ketchup,8298.0,8295.0,0.0,3.0
2022-08-01,ranch,8208.0,8206.0,0.0,2.0
2022-08-01,buffalo_sauce,8504.0,8497.0,0.0,7.0
2022-08-01,bbq_sauce,8574.0,8564.0,0.0,10.0
2022-08-01,polyneasian,8420.0,8415.0,0.0,5.0
2022-08-01,chickfala,8258.0,8250.0,0.0,8.0
2022-08-01,silverware,1470.0,1469.0,0.0,1.0
2022-08-02,fried_batter,498.9999999999997,364.9999999999997,0.0,134.0
2022-08-02,bun,645.0,604.0,0.0,41.0
2022-08-02,chicken_patty,531.0,453.0,0.0,78.0
2022-08-02,pickle_chips,2810.0,2687.0,0.0,123.0
2022-08-02,lettuce,390.0,330.0,0.0,60.0
2022-08-02,tomato,390.0,330.0,0.0,60.0
2022-08-02,cheese,218.5,160.5,0.0,58.0
2022-08-02,spice,1374.0,1348.0,0.0,26.0
2022-08-02,chicken_nuggets,8039.0,7641.5,0.0,397.5
2022-08-02,chicken_strips,11146.0,11094.0,0.0,52.0
2022-08-02,flat_bread,252.5,249.5,0.0,3.0
2022-08-02,mixed_greens,279.0,213.5,0.0,65.5
2022-08-02,shredded_monterey_jack,1296.0,1277.0,0.0,19.0
2022-08-02,waffle_fries,12154.520000000015,11999.160000000014,0.0,155.36
2022-08-02,roasted_corn_kernels,546.0,534.0,0.0,12.0
2022-08-02,crumbled_bacon,546.0,534.0,0.0,12.0
2022-08-02,avacado_lime_dressing,196.0,884.0,700.0,12.0
2022-08-02,red_bell_pepers,721.0,709.0,0.0,12.0
2022-08-02,grape tomatoes,1855.0,1795.0,0.0,60.0
2022-08-02,hard_boiled_egg,458.5,446.5,0.0,12.0
2022-08-02,blue_cheese,88.0,386.0,350.0,52.0
2022-08-02,apples,88.0,386.0,350.0,52.0
2022-08-02,strawberries,88.0,386.0,350.0,52.0
2022-08-02,blueberries,88.0,386.0,350.0,52.0
2022-08-02,harvest_nut_granola,88.0,386.0,350.0,52.0
2022-08-02,zesty_apple_vinagrette,88.0,386.0,350.0,52.0
2022-08-02,chicken_tenders,2876.0,2856.0,0.0,20.0
2022-08-02,biscuit,393.0,351.0,0.0,42.0
2022-08-02,chicken_mini_bread,2622.0,2607.0,0.0,15.0
2022-08-02,butter,1039.0,1038.75,0.0,0.25
2022-08-02,bacon,357.0,345.0,0.0,12.0
2022-08-02,tortilla,410.0,406.0,0.0,4.0
2022-08-02,eggs,346.0,314.0,0.0,32.0
2022-08-02,sausage,277.0,266.0,0.0,11.0
2022-08-02,bagel,105.0,76.0,0.0,29.0
2022-08-02,oatmeal,191.0,176.0,0.0,15.0
2022-08-02,fruit,86.0,397.5,350.0,38.5
2022-08-02,cream_cheese,199.0,193.0,0.0,6.0
2022-08-02,hash_brown,1422.0,1409.0,0.0,13.0
2022-08-02,yogurt_parfait,109.0,104.0,0.0,5.0
2022-08-02,cinamon_cluster,381.0,369.0,0.0,12.0
2022-08-02,lemonade,1464.8000000000004,1408.8000000000004,0.0,56.00000000000001
2022-08-02,straw,8152.0,7933.0,0.0,219.0
2022-08-02,small_drink_cup,7244.0,7226.0,0.0,18.0
2022-08-02,medium_drink_cup,996.0,4330.0,3500.0,166.0
2022-08-02,large_drink_cup,6912.0,6877.0,0.0,35.0
2022-08-02,lemonade_diet,1831.9999999999982,1818.6999999999982,0.0,13.3
2022-08-02,ice_tea_unsweet,3639.399999999989,3612.6999999999894,0.0,26.7
2022-08-02,ice_tea_sweet,3343.6000000000026,3299.8000000000025,0.0,43.8
2022-08-02,soft_drink,11731.000000000015,11584.200000000015,0.0,146.8
2022-08-02,dasani_water_bottle,689.0,680.0,0.0,9.0
2022-08-02,orange_juice_bottle,531.0,524.0,0.0,7.0
2022-08-02,apple_juice,529.0,528.0,0.0,1.0
2022-08-02,ice_coffee,542.0,528.0,0.0,14.0
2022-08-02,coffee,1480.0,1468.25,0.0,11.75
2022-08-02,Coffee_box,197.0,185.0,0.0,12.0
2022-08-02,milk_chocolate,320.0,311.0,0.0,9.0
2022-08-02,milk,722.0,695.0,0.0,27.0
2022-08-02,icecream,338.0,270.0,0.0,68.0
2022-08-02,vanilla_flavor,128.0,119.0,0.0,9.0
2022-08-02,cream_flavor,298.0,293.0,0.0,5.0
2022-08-02,chunk_cookie,134.0,416.5,350.0,67.5
2022-08-02,chocolate_flavor,430.0,424.0,0.0,6.0
2022-08-02,strawberry_flavor,424.0,422.0,0.0,2.0
2022-08-02,frosted_extract,434.0,430.0,0.0,4.0
2022-08-02,icecream_cone,452.0,441.0,0.0,11.0
2022-08-02,icecream_come,476.0,463.0,0.0,13.0
2022-08-02,icecream_topping,422.0,417.0,0.0,5.0
2022-08-02,to_go_bag,20812.0,20702.0,0.0,110.0
2022-08-02,napkins,20060.0,19510.0,0.0,550.0
2022-08-02,ketchup,8292.0,8288.0,0.0,4.0
2022-08-02,ranch,8204.0,8196.0,0.0,8.0
2022-08-02,buffalo_sauce,8490.0,8485.0,0.0,5.0
2022-08-02,bbq_sauce,8554.0,8550.0,0.0,4.0
2022-08-02,polyneasian,8410.0,8403.0,0.0,7.0
2022-08-02,chickfala,8242.0,8237.0,0.0,5.0
2022-08-02,silverware,1468.0,1461.0,0.0,7.0
2022-08-03,fried_batter,230.99999999999972,650.1999999999998,525.0,105.8
2022-08-03,bun,563.0,517.0,0.0,46.0
2022-08-03,chicken_patty,375.0,308.5,0.0,66.5
2022-08-03,pickle_chips,2564.0,2426.0,0.0,138.0
2022-08-03,lettuce,270.0,226.0,0.0,44.0
2022-08-03,tomato,270.0,226.0,0.0,44.0
2022-08-03,cheese,102.5,326.0,262.5,39.0
2022-08-03,spice,1322.0,1300.0,0.0,22.0
2022-08-03,chicken_nuggets,7244.0,7003.5,0.0,240.5
2022-08-03,chicken_strips,11042.0,10989.0,0.0,53.0
2022-08-03,flat_bread,246.5,239.5,0.0,7.0
2022-08-03,mixed_greens,148.0,792.5,700.0,55.5
2022-08-03,shredded_monterey_jack,1258.0,1241.0,0.0,17.0
2022-08-03,waffle_fries,11843.800000000014,11706.500000000015,0.0,137.3
2022-08-03,roasted_corn_kernels,522.0,516.0,0.0,6.0
2022-08-03,crumbled_bacon,522.0,516.0,0.0,6.0
2022-08-03,avacado_lime_dressing,1572.0,1566.0,0.0,6.0
2022-08-03,red_bell_pepers,697.0,691.0,0.0,6.0
2022-08-03,grape tomatoes,1735.0,1705.0,0.0,30.0
2022-08-03,hard_boiled_egg,434.5,428.5,0.0,6.0
2022-08-03,blue_cheese,684.0,638.0,0.0,46.0
2022-08-03,apples,684.0,638.0,0.0,46.0
2022-08-03,strawberries,684.0,638.0,0.0,46.0
2022-08-03,blueberries,684.0,638.0,0.0,46.0
2022-08-03,harvest_nut_granola,684.0,638.0,0.0,46.0
2022-08-03,zesty_apple_vinagrette,684.0,638.0,0.0,46.0
2022-08-03,chicken_tenders,2836.0,2802.0,0.0,34.0
2022-08-03,biscuit,309.0,287.0,0.0,22.0
2022-08-03,chicken_mini_bread,2592.0,2544.0,0.0,48.0
2022-08-03,butter,1038.5,1037.5,0.0,1.0
2022-08-03,bacon,333.0,329.0,0.0,4.0
2022-08-03,tortilla,402.0,398.0,0.0,4.0
2022-08-03,eggs,282.0,261.0,0.0,21.0
2022-08-03,sausage,255.0,244.0,0.0,11.0
2022-08-03,bagel,47.0,205.0,175.0,17.0
2022-08-03,oatmeal,161.0,138.0,0.0,23.0
2022-08-03,fruit,709.0,674.0,0.0,35.0
2022-08-03,cream_cheese,187.0,179.0,0.0,8.0
2022-08-03,hash_brown,1396.0,1381.0,0.0,15.0
2022-08-03,yogurt_parfait,99.0,95.0,0.0,4.0
2022-08-03,cinamon_cluster,357.0,349.0,0.0,8.0
2022-08-03,lemonade,1352.8000000000004,1276.8000000000004,0.0,76.00000000000001
2022-08-03,straw,7714.0,7517.0,0.0,197.0
2022-08-03,small_drink_cup,7208.0,7194.0,0.0,14.0
2022-08-03,medium_drink_cup,7664.0,7506.0,0.0,158.0
2022-08-03,large_drink_cup,6842.0,6817.0,0.0,25.0
2022-08-03,lemonade_diet,1805.3999999999983,1787.9999999999982,0.0,17.4
2022-08-03,ice_tea_unsweet,3585.9999999999895,3568.6999999999894,0.0,17.3
2022-08-03,ice_tea_sweet,3256.0000000000023,3168.5000000000023,0.0,87.5
2022-08-03,soft_drink,11437.400000000016,11298.200000000015,0.0,139.20000000000002
2022-08-03,dasani_water_bottle,671.0,658.0,0.0,13.0
2022-08-03,orange_juice_bottle,517.0,515.0,0.0,2.0
2022-08-03,apple_juice,527.0,523.0,0.0,4.0
2022-08-03,ice_coffee,514.0,496.25,0.0,17.75
2022-08-03,coffee,1456.5,1431.5,0.0,25.0
2022-08-03,Coffee_box,173.0,166.0,0.0,7.0
2022-08-03,milk_chocolate,302.0,296.0,0.0,6.0
2022-08-03,milk,668.0,627.0,0.0,41.0
2022-08-03,icecream,202.0,129.0,0.0,73.0
2022-08-03,vanilla_flavor,110.0,107.0,0.0,3.0
2022-08-03,cream_flavor,288.0,285.0,0.0,3.0
2022-08-03,chunk_cookie,699.0,642.5,0.0,56.5
2022-08-03,chocolate_flavor,418.0,406.0,0.0,12.0
2022-08-03,strawberry_flavor,420.0,407.0,0.0,13.0
2022-08-03,frosted_extract,426.0,418.0,0.0,8.0
2022-08-03,icecream_cone,430.0,419.0,0.0,11.0
2022-08-03,icecream_come,450.0,450.0,0.0,0.0
2022-08-03,icecream_topping,412.0,396.0,0.0,16.0
2022-08-03,to_go_bag,20592.0,20480.0,0.0,112.0
2022-08-03,napkins,18960.0,18400.0,0.0,560.0
2022-08-03,ketchup,8284.0,8283.0,0.0,1.0
2022-08-03,ranch,8188.0,8176.0,0.0,12.0
2022-08-03,buffalo_sauce,8480.0,8474.0,0.0,6.0
2022-08-03,bbq_sauce,8546.0,8546.0,0.0,0.0
2022-08-03,polyneasian,8396.0,8385.0,0.0,11.0
2022-08-03,chickfala,8232.0,8228.0,0.0,4.0
2022-08-03,silverware,1454.0,1446.0,0.0,8.0
2022-08-04,fried_batter,1069.3999999999999,967.3999999999999,0.0,102.0
2022-08-04,bun,471.0,423.0,0.0,48.0
2022-08-04,chicken_patty,242.0,864.0,700.0,78.0
2022-08-04,pickle_chips,2288.0,2144.0,0.0,144.0
2022-08-04,lettuce,182.0,158.0,0.0,24.0
2022-08-04,tomato,182.0,158.0,0.0,24.0
2022-08-04,cheese,549.5,523.5,0.0,26.0
2022-08-04,spice,1278.0,1248.0,0.0,30.0
2022-08-04,chicken_nuggets,6763.0,6430.0,0.0,333.0
2022-08-04,chicken_strips,10936.0,10900.0,0.0,36.0
2022-08-04,flat_bread,232.5,226.5,0.0,6.0
2022-08-04,mixed_greens,1437.0,1384.0,0.0,53.0
2022-08-04,shredded_monterey_jack,1224.0,1205.0,0.0,19.0
2022-08-04,waffle_fries,11569.200000000015,11443.520000000015,0.0,125.68000000000002
2022-08-04,roasted_corn_kernels,510.0,501.0,0.0,9.0
2022-08-04,crumbled_bacon,510.0,501.0,0.0,9.0
2022-08-04,avacado_lime_dressing,1560.0,1551.0,0.0,9.0
2022-08-04,red_bell_pepers,685.0,676.0,0.0,9.0
2022-08-04,grape tomatoes,1675.0,1630.0,0.0,45.0
2022-08-04,hard_boiled_egg,422.5,413.5,0.0,9.0
2022-08-04,blue_cheese,592.0,551.0,0.0,41.0
2022-08-04,apples,592.0,551.0,0.0,41.0
2022-08-04,strawberries,592.0,551.0,0.0,41.0
2022-08-04,blueberries,592.0,551.0,0.0,41.0
2022-08-04,harvest_nut_granola,592.0,551.0,0.0,41.0
2022-08-04,zesty_apple_vinagrette,592.0,551.0,0.0,41.0
2022-08-04,chicken_tenders,2768.0,2768.0,0.0,0.0
2022-08-04,biscuit,265.0,234.0,0.0,31.0
2022-08-04,chicken_mini_bread,2496.0,2445.0,0.0,51.0
2022-08-04,butter,1036.5,1034.0,0.0,2.5
2022-08-04,bacon,325.0,318.0,0.0,7.0
2022-08-04,tortilla,394.0,390.0,0.0,4.0
2022-08-04,eggs,240.0,222.0,0.0,18.0
2022-08-04,sausage,233.0,227.0,0.0,6.0
2022-08-04,bagel,363.0,346.0,0.0,17.0
2022-08-04,oatmeal,115.0,105.0,0.0,10.0
2022-08-04,fruit,639.0,615.0,0.0,24.0
2022-08-04,cream_cheese,171.0,169.0,0.0,2.0
2022-08-04,hash_brown,1366.0,1353.0,0.0,13.0
2022-08-04,yogurt_parfait,91.0,91.0,0.0,0.0
2022-08-04,cinamon_cluster,341.0,339.0,0.0,2.0
2022-08-04,lemonade,1200.8000000000004,1112.1000000000004,0.0,88.70000000000002
2022-08-04,straw,7320.0,7083.0,0.0,237.0
2022-08-04,small_drink_cup,7180.0,7144.0,0.0,36.0
2022-08-04,medium_drink_cup,7348.0,7200.0,0.0,148.0
2022-08-04,large_drink_cup,6792.0,6739.0,0.0,53.0
2022-08-04,lemonade_diet,1770.599999999998,1749.199999999998,0.0,21.4
2022-08-04,ice_tea_unsweet,3551.399999999989,3525.7999999999893,0.0,25.6
2022-08-04,ice_tea_sweet,3081.0000000000023,3034.700000000002,0.0,46.300000000000004
2022-08-04,soft_drink,11159.000000000015,11024.800000000014,0.0,134.2
2022-08-04,dasani_water_bottle,645.0,641.0,0.0,4.0
2022-08-04,orange_juice_bottle,513.0,513.0,0.0,0.0
2022-08-04,apple_juice,519.0,511.0,0.0,8.0
2022-08-04,ice_coffee,478.5,464.5,0.0,14.0
2022-08-04,coffee,1406.5,1398.0,0.0,8.5
2022-08-04,Coffee_box,159.0,153.0,0.0,6.0
2022-08-04,milk_chocolate,290.0,286.0,0.0,4.0
2022-08-04,milk,586.0,554.0,0.0,32.0
2022-08-04,icecream,56.0,329.0,350.0,77.0
2022-08-04,vanilla_flavor,104.0,446.0,350.0,8.0
2022-08-04,cream_flavor,282.0,273.0,0.0,9.0
2022-08-04,chunk_cookie,586.0,545.5,0.0,40.5
2022-08-04,chocolate_flavor,394.0,392.0,0.0,2.0
2022-08-04,strawberry_flavor,394.0,386.0,0.0,8.0
2022-08-04,frosted_extract,410.0,403.0,0.0,7.0
2022-08-04,icecream_cone,408.0,390.0,0.0,18.0
2022-08-04,icecream_come,450.0,445.0,0.0,5.0
2022-08-04,icecream_topping,380.0,376.0,0.0,4.0
2022-08-04,to_go_bag,20368.0,20269.0,0.0,99.0
2022-08-04,napkins,17840.0,17345.0,0.0,495.0
2022-08-04,ketchup,8282.0,8278.0,0.0,4.0
2022-08-04,ranch,8164.0,8164.0,0.0,0.0
2022-08-04,buffalo_sauce,8468.0,8458.0,0.0,10.0
2022-08-04,bbq_sauce,8546.0,8544.0,0.0,2.0
2022-08-04,polyneasian,8374.0,8369.0,0.0,5.0
2022-08-04,chickfala,8224.0,8222.0,0.0,2.0
2022-08-04,silverware,1438.0,1435.0,0.0,3.0
2022-08-05,fried_batter,865.3999999999999,735.5999999999999,0.0,129.8
2022-08-05,bun,375.0,338.0,0.0,37.0
2022-08-05,chicken_patty,1486.0,1408.5,0.0,77.5
2022-08-05,pickle_chips,2000.0,1889.0,0.0,111.0
2022-08-05,lettuce,134.0,446.0,350.0,38.0
2022-08-05,tomato,134.0,446.0,350.0,38.0
2022-08-05,cheese,497.5,448.5,0.0,49.0
2022-08-05,spice,1218.0,1187.0,0.0,31.0
2022-08-05,chicken_nuggets,6097.0,5729.0,0.0,368.0
2022-08-05,chicken_strips,10864.0,10798.0,0.0,66.0
2022-08-05,flat_bread,220.5,200.5,0.0,20.0
2022-08-05,mixed_greens,1331.0,1272.0,0.0,59.0
2022-08-05,shredded_monterey_jack,1186.0,1148.0,0.0,38.0
2022-08-05,waffle_fries,11317.840000000015,11191.620000000015,0.0,126.22000000000003
2022-08-05,roasted_corn_kernels,492.0,481.0,0.0,11.0
2022-08-05,crumbled_bacon,492.0,481.0,0.0,11.0
2022-08-05,avacado_lime_dressing,1542.0,1531.0,0.0,11.0
2022-08-05,red_bell_pepers,667.0,656.0,0.0,11.0
2022-08-05,grape tomatoes,1585.0,1530.0,0.0,55.0
2022-08-05,hard_boiled_egg,404.5,393.5,0.0,11.0
2022-08-05,blue_cheese,510.0,472.0,0.0,38.0
2022-08-05,apples,510.0,472.0,0.0,38.0
2022-08-05,strawberries,510.0,472.0,0.0,38.0
2022-08-05,blueberries,510.0,472.0,0.0,38.0
2022-08-05,harvest_nut_granola,510.0,472.0,0.0,38.0
2022-08-05,zesty_apple_vinagrette,510.0,472.0,0.0,38.0
2022-08-05,chicken_tenders,2768.0,2766.0,0.0,2.0
2022-08-05,biscuit,203.0,162.0,0.0,41.0
2022-08-05,chicken_mini_bread,2394.0,2352.0,0.0,42.0
2022-08-05,butter,1031.5,1031.5,0.0,0.0
2022-08-05,bacon,311.0,289.0,0.0,22.0
2022-08-05,tortilla,386.0,379.0,0.0,7.0
2022-08-05,eggs,204.0,167.0,0.0,37.0
2022-08-05,sausage,221.0,221.0,0.0,0.0
2022-08-05,bagel,329.0,315.0,0.0,14.0
2022-08-05,oatmeal,95.0,87.0,0.0,8.0
2022-08-05,fruit,591.0,566.5,0.0,24.5
2022-08-05,cream_cheese,167.0,161.0,0.0,6.0
2022-08-05,hash_brown,1340.0,1331.0,0.0,9.0
2022-08-05,yogurt_parfait,91.0,88.0,0.0,3.0
2022-08-05,cinamon_cluster,337.0,337.0,0.0,0.0
2022-08-05,lemonade,1023.4000000000003,4460.700000000001,3500.0,62.7
2022-08-05,straw,6846.0,6641.0,0.0,205.0
2022-08-05,small_drink_cup,7108.0,7066.0,0.0,42.0
2022-08-05,medium_drink_cup,7052.0,6925.0,0.0,127.0
2022-08-05,large_drink_cup,6686.0,6650.0,0.0,36.0
2022-08-05,lemonade_diet,1727.799999999998,1686.699999999998,0.0,41.099999999999994
2022-08-05,ice_tea_unsweet,3500.1999999999894,3478.399999999989,0.0,21.8
2022-08-05,ice_tea_sweet,2988.400000000002,2926.200000000002,0.0,62.2
2022-08-05,soft_drink,10890.600000000013,10771.000000000013,0.0,119.6
2022-08-05,dasani_water_bottle,637.0,625.0,0.0,12.0
2022-08-05,orange_juice_bottle,513.0,504.0,0.0,9.0
2022-08-05,apple_juice,503.0,500.0,0.0,3.0
2022-08-05,ice_coffee,450.5,436.0,0.0,14.5
2022-08-05,coffee,1389.5,1355.5,0.0,34.0
2022-08-05,Coffee_box,147.0,144.0,0.0,3.0
2022-08-05,milk_chocolate,282.0,272.0,0.0,10.0
2022-08-05,milk,522.0,459.0,0.0,63.0
2022-08-05,icecream,602.0,500.0,0.0,102.0
2022-08-05,vanilla_flavor,788.0,784.0,0.0,4.0
2022-08-05,cream_flavor,264.0,242.0,0.0,22.0
2022-08-05,chunk_cookie,505.0,414.0,0.0,91.0
2022-08-05,chocolate_flavor,390.0,380.0,0.0,10.0
2022-08-05,strawberry_flavor,378.0,369.0,0.0,9.0
2022-08-05,frosted_extract,396.0,389.0,0.0,7.0
2022-08-05,icecream_cone,372.0,366.0,0.0,6.0
2022-08-05,icecream_come,440.0,434.0,0.0,6.0
2022-08-05,icecream_topping,372.0,368.0,0.0,4.0
2022-08-05,to_go_bag,20170.0,20054.0,0.0,116.0
2022-08-05,napkins,16850.0,16270.0,0.0,580.0
2022-08-05,ketchup,8274.0,8265.0,0.0,9.0
2022-08-05,ranch,8164.0,8161.0,0.0,3.0
2022-08-05,buffalo_sauce,8448.0,8442.0,0.0,6.0
2022-08-05,bbq_sauce,8542.0,8542.0,0.0,0.0
2022-08-05,polyneasian,8364.0,8355.0,0.0,9.0
2022-08-05,chickfala,8220.0,8215.0,0.0,5.0
2022-08-05,silverware,1432.0,1417.0,0.0,15.0
2022-08-06,fried_batter,605.8,488.59999999999997,0.0,117.2
2022-08-06,bun,301.0,269.0,0.0,32.0
2022-08-06,chicken_patty,1331.0,1265.0,0.0,66.0
2022-08-06,pickle_chips,1778.0,1682.0,0.0,96.0
2022-08-06,lettuce,758.0,730.0,0.0,28.0
2022-08-06,tomato,758.0,730.0,0.0,28.0
2022-08-06,cheese,399.5,368.5,0.0,31.0
2022-08-06,spice,1156.0,1131.0,0.0,25.0
2022-08-06,chicken_nuggets,5361.0,5023.0,0.0,338.0
2022-08-06,chicken_strips,10732.0,10684.0,0.0,48.0
2022-08-06,flat_bread,180.5,166.5,0.0,14.0
2022-08-06,mixed_greens,1213.0,1159.0,0.0,54.0
2022-08-06,shredded_monterey_jack,1110.0,1081.0,0.0,29.0
2022-08-06,waffle_fries,11065.400000000016,10924.860000000015,0.0,140.54000000000002
2022-08-06,roasted_corn_kernels,470.0,463.0,0.0,7.0
2022-08-06,crumbled_bacon,470.0,463.0,0.0,7.0
2022-08-06,avacado_lime_dressing,1520.0,1513.0,0.0,7.0
2022-08-06,red_bell_pepers,645.0,638.0,0.0,7.0
2022-08-06,grape tomatoes,1475.0,1440.0,0.0,35.0
2022-08-06,hard_boiled_egg,382.5,375.5,0.0,7.0
2022-08-06,blue_cheese,434.0,394.0,0.0,40.0
2022-08-06,apples,434.0,394.0,0.0,40.0
2022-08-06,strawberries,434.0,394.0,0.0,40.0
2022-08-06,blueberries,434.0,394.0,0.0,40.0
2022-08-06,harvest_nut_granola,434.0,394.0,0.0,40.0
2022-08-06,zesty_apple_vinagrette,434.0,394.0,0.0,40.0
2022-08-06,chicken_tenders,2764.0,2756.0,0.0,8.0
2022-08-06,biscuit,121.0,615.0,525.0,31.0
2022-08-06,chicken_mini_bread,2310.0,2259.0,0.0,51.0
2022-08-06,butter,1031.5,1030.0,0.0,1.5
2022-08-06,bacon,267.0,259.0,0.0,8.0
2022-08-06,tortilla,372.0,364.0,0.0,8.0
2022-08-06,eggs,130.0,105.0,0.0,25.0
2022-08-06,sausage,221.0,220.0,0.0,1.0
2022-08-06,bagel,301.0,271.0,0.0,30.0
2022-08-06,oatmeal,79.0,57.0,0.0,22.0
2022-08-06,fruit,542.0,511.5,0.0,30.5
2022-08-06,cream_cheese,155.0,137.0,0.0,18.0
2022-08-06,hash_brown,1322.0,1305.0,0.0,17.0
2022-08-06,yogurt_parfait,85.0,73.0,0.0,12.0
2022-08-06,cinamon_cluster,337.0,334.0,0.0,3.0
2022-08-06,lemonade,7898.000000000001,7847.500000000001,0.0,50.50000000000001
2022-08-06,straw,6436.0,6206.0,0.0,230.0
2022-08-06,small_drink_cup,7024.0,6980.0,0.0,44.0
2022-08-06,medium_drink_cup,6798.0,6646.0,0.0,152.0
2022-08-06,large_drink_cup,6614.0,6580.0,0.0,34.0
2022-08-06,lemonade_diet,1645.599999999998,1620.4999999999982,0.0,25.1
2022-08-06,ice_tea_unsweet,3456.599999999989,3437.899999999989,0.0,18.7
2022-08-06,ice_tea_sweet,2864.0000000000023,2807.8000000000025,0.0,56.20000000000001
2022-08-06,soft_drink,10651.400000000012,10509.300000000012,0.0,142.1
2022-08-06,dasani_water_bottle,613.0,613.0,0.0,0.0
2022-08-06,orange_juice_bottle,495.0,485.0,0.0,10.0
2022-08-06,apple_juice,497.0,491.0,0.0,6.0
2022-08-06,ice_coffee,421.5,408.5,0.0,13.0
2022-08-06,coffee,1321.5,1302.25,0.0,19.25
2022-08-06,Coffee_box,141.0,133.0,0.0,8.0
2022-08-06,milk_chocolate,262.0,262.0,0.0,0.0
2022-08-06,milk,396.0,348.0,0.0,48.0
2022-08-06,icecream,398.0,301.0,0.0,97.0
2022-08-06,vanilla_flavor,780.0,765.0,0.0,15.0
2022-08-06,cream_flavor,220.0,216.0,0.0,4.0
2022-08-06,chunk_cookie,323.0,265.0,0.0,58.0
2022-08-06,chocolate_flavor,370.0,358.0,0.0,12.0
2022-08-06,strawberry_flavor,360.0,347.0,0.0,13.0
2022-08-06,frosted_extract,382.0,381.0,0.0,1.0
2022-08-06,icecream_cone,360.0,354.0,0.0,6.0
2022-08-06,icecream_come,428.0,425.0,0.0,3.0
2022-08-06,icecream_topping,364.0,357.0,0.0,7.0
2022-08-06,to_go_bag,19938.0,19831.0,0.0,107.0
2022-08-06,napkins,15690.0,15155.0,0.0,535.0
2022-08-06,ketchup,8256.0,8245.0,0.0,11.0
2022-08-06,ranch,8158.0,8151.0,0.0,7.0
2022-08-06,buffalo_sauce,8436.0,8424.0,0.0,12.0
2022-08-06,bbq_sauce,8542.0,8534.0,0.0,8.0
2022-08-06,polyneasian,8346.0,8337.0,0.0,9.0
2022-08-06,chickfala,8210.0,8199.0,0.0,11.0
2022-08-06,silverware,1402.0,1400.0,0.0,2.0
2022-08-08,fried_batter,371.4,233.79999999999998,0.0,137.6
2022-08-08,bun,237.0,194.0,0.0,43.0
2022-08-08,chicken_patty,1199.0,1115.0,0.0,84.0
2022-08-08,pickle_chips,1586.0,1457.0,0.0,129.0
2022-08-08,lettuce,702.0,662.0,0.0,40.0
2022-08-08,tomato,702.0,662.0,0.0,40.0
2022-08-08,cheese,337.5,291.5,0.0,46.0
2022-08-08,spice,1106.0,1079.0,0.0,27.0
2022-08-08,chicken_nuggets,4685.0,4175.5,0.0,509.5
2022-08-08,chicken_strips,10636.0,10615.0,0.0,21.0
2022-08-08,flat_bread,152.5,143.5,0.0,9.0
2022-08-08,mixed_greens,1105.0,1031.5,0.0,73.5
2022-08-08,shredded_monterey_jack,1052.0,1020.0,0.0,32.0
2022-08-08,waffle_fries,10784.320000000014,10661.560000000014,0.0,122.76
2022-08-08,roasted_corn_kernels,456.0,448.0,0.0,8.0
2022-08-08,crumbled_bacon,456.0,448.0,0.0,8.0
2022-08-08,avacado_lime_dressing,1506.0,1498.0,0.0,8.0
2022-08-08,red_bell_pepers,631.0,623.0,0.0,8.0
2022-08-08,grape tomatoes,1405.0,1365.0,0.0,40.0
2022-08-08,hard_boiled_egg,368.5,360.5,0.0,8.0
2022-08-08,blue_cheese,354.0,293.0,0.0,61.0
2022-08-08,apples,354.0,293.0,0.0,61.0
2022-08-08,strawberries,354.0,293.0,0.0,61.0
2022-08-08,blueberries,354.0,293.0,0.0,61.0
2022-08-08,harvest_nut_granola,354.0,293.0,0.0,61.0
2022-08-08,zesty_apple_vinagrette,354.0,293.0,0.0,61.0
2022-08-08,chicken_tenders,2748.0,2724.0,0.0,24.0
2022-08-08,biscuit,1109.0,1081.0,0.0,28.0
2022-08-08,chicken_mini_bread,2208.0,2190.0,0.0,18.0
2022-08-08,butter,1028.5,1028.0,0.0,0.5
2022-08-08,bacon,251.0,246.0,0.0,5.0
2022-08-08,tortilla,356.0,341.0,0.0,15.0
2022-08-08,eggs,80.0,389.0,350.0,41.0
2022-08-08,sausage,219.0,208.0,0.0,11.0
2022-08-08,bagel,241.0,224.0,0.0,17.0
2022-08-08,oatmeal,35.0,193.0,175.0,17.0
2022-08-08,fruit,481.0,468.5,0.0,12.5
2022-08-08,cream_cheese,119.0,119.0,0.0,0.0
2022-08-08,hash_brown,1288.0,1275.0,0.0,13.0
2022-08-08,yogurt_parfait,61.0,55.0,0.0,6.0
2022-08-08,cinamon_cluster,331.0,325.0,0.0,6.0
2022-08-08,lemonade,7797.000000000001,7747.800000000001,0.0,49.199999999999996
2022-08-08,straw,5976.0,5771.0,0.0,205.0
2022-08-08,small_drink_cup,6936.0,6910.0,0.0,26.0
2022-08-08,medium_drink_cup,6494.0,6358.0,0.0,136.0
2022-08-08,large_drink_cup,6546.0,6503.0,0.0,43.0
2022-08-08,lemonade_diet,1595.3999999999983,1577.7999999999984,0.0,17.6
2022-08-08,ice_tea_unsweet,3419.1999999999894,3403.1999999999894,0.0,16.0
2022-08-08,ice_tea_sweet,2751.6000000000026,2707.8000000000025,0.0,43.800000000000004
2022-08-08,soft_drink,10367.200000000012,10241.200000000012,0.0,126.00000000000001
2022-08-08,dasani_water_bottle,613.0,603.0,0.0,10.0
2022-08-08,orange_juice_bottle,475.0,465.0,0.0,10.0
2022-08-08,apple_juice,485.0,485.0,0.0,0.0
2022-08-08,ice_coffee,395.5,380.75,0.0,14.75
2022-08-08,coffee,1283.0,1251.0,0.0,32.0
2022-08-08,Coffee_box,125.0,115.0,0.0,10.0
2022-08-08,milk_chocolate,262.0,259.0,0.0,3.0
2022-08-08,milk,300.0,270.0,0.0,30.0
2022-08-08,icecream,204.0,148.0,0.0,56.0
2022-08-08,vanilla_flavor,750.0,747.0,0.0,3.0
2022-08-08,cream_flavor,212.0,205.0,0.0,7.0
2022-08-08,chunk_cookie,207.0,179.5,0.0,27.5
2022-08-08,chocolate_flavor,346.0,345.0,0.0,1.0
2022-08-08,strawberry_flavor,334.0,323.0,0.0,11.0
2022-08-08,frosted_extract,380.0,376.0,0.0,4.0
2022-08-08,icecream_cone,348.0,339.0,0.0,9.0
2022-08-08,icecream_come,422.0,419.0,0.0,3.0
2022-08-08,icecream_topping,350.0,347.0,0.0,3.0
2022-08-08,to_go_bag,19724.0,19623.0,0.0,101.0
2022-08-08,napkins,14620.0,14115.0,0.0,505.0
2022-08-08,ketchup,8234.0,8229.0,0.0,5.0
2022-08-08,ranch,8144.0,8143.0,0.0,1.0
2022-08-08,buffalo_sauce,8412.0,8410.0,0.0,2.0
2022-08-08,bbq_sauce,8526.0,8526.0,0.0,0.0
2022-08-08,polyneasian,8328.0,8323.0,0.0,5.0
2022-08-08,chickfala,8188.0,8180.0,0.0,8.0
2022-08-08,silverware,1398.0,1385.0,0.0,13.0
2022-08-09,fried_batter,96.19999999999999,498.80000000000007,525.0,122.4
2022-08-09,bun,151.0,645.0,525.0,31.0
2022-08-09,chicken_patty,1031.0,962.0,0.0,69.0
2022-08-09,pickle_chips,1328.0,1235.0,0.0,93.0
2022-08-09,lettuce,622.0,596.0,0.0,26.0
2022-08-09,tomato,622.0,596.0,0.0,26.0
2022-08-09,cheese,245.5,216.5,0.0,29.0
2022-08-09,spice,1052.0,1022.0,0.0,30.0
2022-08-09,chicken_nuggets,3666.0,3209.5,0.0,456.5
2022-08-09,chicken_strips,10594.0,10570.0,0.0,24.0
2022-08-09,flat_bread,134.5,121.5,0.0,13.0
2022-08-09,mixed_greens,958.0,882.5,0.0,75.5
2022-08-09,shredded_monterey_jack,988.0,965.0,0.0,23.0
2022-08-09,waffle_fries,10538.800000000014,10382.540000000014,0.0,156.26
2022-08-09,roasted_corn_kernels,440.0,435.0,0.0,5.0
2022-08-09,crumbled_bacon,440.0,435.0,0.0,5.0
2022-08-09,avacado_lime_dressing,1490.0,1485.0,0.0,5.0
2022-08-09,red_bell_pepers,615.0,610.0,0.0,5.0
2022-08-09,grape tomatoes,1325.0,1300.0,0.0,25.0
2022-08-09,hard_boiled_egg,352.5,347.5,0.0,5.0
2022-08-09,blue_cheese,232.0,168.0,0.0,64.0
2022-08-09,apples,232.0,168.0,0.0,64.0
2022-08-09,strawberries,232.0,168.0,0.0,64.0
2022-08-09,blueberries,232.0,168.0,0.0,64.0
2022-08-09,harvest_nut_granola,232.0,168.0,0.0,64.0
2022-08-09,zesty_apple_vinagrette,232.0,168.0,0.0,64.0
2022-08-09,chicken_tenders,2700.0,2674.0,0.0,26.0
2022-08-09,biscuit,1053.0,1016.0,0.0,37.0
2022-08-09,chicken_mini_bread,2172.0,2127.0,0.0,45.0
2022-08-09,butter,1027.5,1024.75,0.0,2.75
2022-08-09,bacon,241.0,240.0,0.0,1.0
2022-08-09,tortilla,326.0,321.0,0.0,5.0
2022-08-09,eggs,698.0,677.0,0.0,21.0
2022-08-09,sausage,197.0,188.0,0.0,9.0
2022-08-09,bagel,207.0,190.0,0.0,17.0
2022-08-09,oatmeal,351.0,337.0,0.0,14.0
2022-08-09,fruit,456.0,438.5,0.0,17.5
2022-08-09,cream_cheese,119.0,112.0,0.0,7.0
2022-08-09,hash_brown,1262.0,1256.0,0.0,6.0
2022-08-09,yogurt_parfait,49.0,214.0,175.0,10.0
2022-08-09,cinamon_cluster,319.0,316.0,0.0,3.0
2022-08-09,lemonade,7698.600000000001,7661.200000000002,0.0,37.4
2022-08-09,straw,5566.0,5333.0,0.0,233.0
2022-08-09,small_drink_cup,6884.0,6850.0,0.0,34.0
2022-08-09,medium_drink_cup,6222.0,6055.0,0.0,167.0
2022-08-09,large_drink_cup,6460.0,6428.0,0.0,32.0
2022-08-09,lemonade_diet,1560.1999999999985,1538.9999999999984,0.0,21.200000000000003
2022-08-09,ice_tea_unsweet,3387.1999999999894,3355.5999999999894,0.0,31.6
2022-08-09,ice_tea_sweet,2664.0000000000023,2608.8000000000025,0.0,55.2
2022-08-09,soft_drink,10115.200000000012,9976.400000000012,0.0,138.8
2022-08-09,dasani_water_bottle,593.0,584.0,0.0,9.0
2022-08-09,orange_juice_bottle,455.0,445.0,0.0,10.0
2022-08-09,apple_juice,485.0,481.0,0.0,4.0
2022-08-09,ice_coffee,366.0,354.5,0.0,11.5
2022-08-09,coffee,1219.0,1196.25,0.0,22.75
2022-08-09,Coffee_box,105.0,94.0,0.0,11.0
2022-08-09,milk_chocolate,256.0,248.0,0.0,8.0
2022-08-09,milk,240.0,202.0,0.0,38.0
2022-08-09,icecream,92.0,396.0,350.0,46.0
2022-08-09,vanilla_flavor,744.0,740.0,0.0,4.0
2022-08-09,cream_flavor,198.0,196.0,0.0,2.0
2022-08-09,chunk_cookie,152.0,117.0,0.0,35.0
2022-08-09,chocolate_flavor,344.0,339.0,0.0,5.0
2022-08-09,strawberry_flavor,312.0,303.0,0.0,9.0
2022-08-09,frosted_extract,372.0,365.0,0.0,7.0
2022-08-09,icecream_cone,330.0,327.0,0.0,3.0
2022-08-09,icecream_come,416.0,413.0,0.0,3.0
2022-08-09,icecream_topping,344.0,337.0,0.0,7.0
2022-08-09,to_go_bag,19522.0,19426.0,0.0,96.0
2022-08-09,napkins,13610.0,13130.0,0.0,480.0
2022-08-09,ketchup,8224.0,8213.0,0.0,11.0
2022-08-09,ranch,8142.0,8142.0,0.0,0.0
2022-08-09,buffalo_sauce,8408.0,8399.0,0.0,9.0
2022-08-09,bbq_sauce,8526.0,8522.0,0.0,4.0
2022-08-09,polyneasian,8318.0,8315.0,0.0,3.0
2022-08-09,chickfala,8172.0,8167.0,0.0,5.0
2022-08-09,silverware,1372.0,1368.0,0.0,4.0
2022-08-10,fried_batter,901.4000000000001,769.4000000000001,0.0,132.0
2022-08-10,bun,1139.0,1083.0,0.0,56.0
2022-08-10,chicken_patty,893.0,802.0,0.0,91.0
2022-08-10,pickle_chips,1142.0,974.0,0.0,168.0
2022-08-10,lettuce,570.0,502.0,0.0,68.0
2022-08-10,tomato,570.0,502.0,0.0,68.0
2022-08-10,cheese,187.5,142.5,0.0,45.0
2022-08-10,spice,992.0,965.0,0.0,27.0
2022-08-10,chicken_nuggets,2753.0,2277.5,0.0,475.5
2022-08-10,chicken_strips,10546.0,10515.0,0.0,31.0
2022-08-10,flat_bread,108.5,97.5,0.0,11.0
2022-08-10,mixed_greens,807.0,740.5,0.0,66.5
2022-08-10,shredded_monterey_jack,942.0,912.0,0.0,30.0
2022-08-10,waffle_fries,10226.280000000013,10084.560000000014,0.0,141.72000000000003
2022-08-10,roasted_corn_kernels,430.0,422.0,0.0,8.0
2022-08-10,crumbled_bacon,430.0,422.0,0.0,8.0
2022-08-10,avacado_lime_dressing,1480.0,1472.0,0.0,8.0
2022-08-10,red_bell_pepers,605.0,597.0,0.0,8.0
2022-08-10,grape tomatoes,1275.0,1235.0,0.0,40.0
2022-08-10,hard_boiled_egg,342.5,334.5,0.0,8.0
2022-08-10,blue_cheese,104.0,401.0,350.0,53.0
2022-08-10,apples,104.0,401.0,350.0,53.0
2022-08-10,strawberries,104.0,401.0,350.0,53.0
2022-08-10,blueberries,104.0,401.0,350.0,53.0
2022-08-10,harvest_nut_granola,104.0,401.0,350.0,53.0
2022-08-10,zesty_apple_vinagrette,104.0,401.0,350.0,53.0
2022-08-10,chicken_tenders,2648.0,2628.0,0.0,20.0
2022-08-10,biscuit,979.0,957.0,0.0,22.0
2022-08-10,chicken_mini_bread,2082.0,2043.0,0.0,39.0
2022-08-10,butter,1022.0,1019.75,0.0,2.25
2022-08-10,bacon,239.0,238.0,0.0,1.0
2022-08-10,tortilla,316.0,305.0,0.0,11.0
2022-08-10,eggs,656.0,634.0,0.0,22.0
2022-08-10,sausage,179.0,177.0,0.0,2.0
2022-08-10,bagel,173.0,155.0,0.0,18.0
2022-08-10,oatmeal,323.0,307.0,0.0,16.0
2022-08-10,fruit,421.0,394.0,0.0,27.0
2022-08-10,cream_cheese,105.0,96.0,0.0,9.0
2022-08-10,hash_brown,1250.0,1250.0,0.0,0.0
2022-08-10,yogurt_parfait,379.0,375.0,0.0,4.0
2022-08-10,cinamon_cluster,313.0,296.0,0.0,17.0
2022-08-10,lemonade,7623.800000000002,7513.200000000002,0.0,110.6
2022-08-10,straw,5100.0,4860.0,0.0,240.0
2022-08-10,small_drink_cup,6816.0,6761.0,0.0,55.0
2022-08-10,medium_drink_cup,5888.0,5736.0,0.0,152.0
2022-08-10,large_drink_cup,6396.0,6363.0,0.0,33.0
2022-08-10,lemonade_diet,1517.7999999999984,1495.5999999999983,0.0,22.199999999999996
2022-08-10,ice_tea_unsweet,3323.9999999999895,3297.8999999999896,0.0,26.1
2022-08-10,ice_tea_sweet,2553.6000000000026,2451.2000000000025,0.0,102.4
2022-08-10,soft_drink,9837.600000000013,9702.200000000013,0.0,135.4
2022-08-10,dasani_water_bottle,575.0,565.0,0.0,10.0
2022-08-10,orange_juice_bottle,435.0,423.0,0.0,12.0
2022-08-10,apple_juice,477.0,469.0,0.0,8.0
2022-08-10,ice_coffee,343.0,318.0,0.0,25.0
2022-08-10,coffee,1173.5,1158.0,0.0,15.5
2022-08-10,Coffee_box,83.0,81.0,0.0,2.0
2022-08-10,milk_chocolate,240.0,234.0,0.0,6.0
2022-08-10,milk,164.0,139.0,0.0,25.0
2022-08-10,icecream,700.0,652.0,0.0,48.0
2022-08-10,vanilla_flavor,736.0,731.0,0.0,5.0
2022-08-10,cream_flavor,194.0,185.0,0.0,9.0
2022-08-10,chunk_cookie,82.0,391.5,350.0,40.5
2022-08-10,chocolate_flavor,334.0,330.0,0.0,4.0
2022-08-10,strawberry_flavor,294.0,294.0,0.0,0.0
2022-08-10,frosted_extract,358.0,355.0,0.0,3.0
2022-08-10,icecream_cone,324.0,317.0,0.0,7.0
2022-08-10,icecream_come,410.0,405.0,0.0,5.0
2022-08-10,icecream_topping,330.0,319.0,0.0,11.0
2022-08-10,to_go_bag,19330.0,19217.0,0.0,113.0
2022-08-10,napkins,12650.0,12085.0,0.0,565.0
2022-08-10,ketchup,8202.0,8194.0,0.0,8.0
2022-08-10,ranch,8142.0,8140.0,0.0,2.0
2022-08-10,buffalo_sauce,8390.0,8381.0,0.0,9.0
2022-08-10,bbq_sauce,8518.0,8518.0,0.0,0.0
2022-08-10,polyneasian,8312.0,8307.0,0.0,5.0
2022-08-10,chickfala,8162.0,8155.0,0.0,7.0
2022-08-10,silverware,1364.0,1355.0,0.0,9.0
2022-08-11,fried_batter,637.4000000000001,475.0000000000001,0.0,162.4
2022-08-11,bun,1027.0,969.0,0.0,58.0
2022-08-11,chicken_patty,711.0,610.5,0.0,100.5
2022-08-11,pickle_chips,806.0,632.0,0.0,174.0
2022-08-11,lettuce,434.0,360.0,0.0,74.0
2022-08-11,tomato,434.0,360.0,0.0,74.0
2022-08-11,cheese,97.5,292.0,262.5,68.0
2022-08-11,spice,938.0,903.0,0.0,35.0
2022-08-11,chicken_nuggets,1802.0,8380.5,7000.0,421.5
2022-08-11,chicken_strips,10484.0,10445.0,0.0,39.0
2022-08-11,flat_bread,86.5,83.5,0.0,3.0
2022-08-11,mixed_greens,674.0,621.5,0.0,52.5
2022-08-11,shredded_monterey_jack,882.0,860.0,0.0,22.0
2022-08-11,waffle_fries,9942.840000000015,9808.980000000014,0.0,133.86
2022-08-11,roasted_corn_kernels,414.0,403.0,0.0,11.0
2022-08-11,crumbled_bacon,414.0,403.0,0.0,11.0
2022-08-11,avacado_lime_dressing,1464.0,1453.0,0.0,11.0
2022-08-11,red_bell_pepers,589.0,578.0,0.0,11.0
2022-08-11,grape tomatoes,1195.0,1140.0,0.0,55.0
2022-08-11,hard_boiled_egg,326.5,315.5,0.0,11.0
2022-08-11,blue_cheese,698.0,658.0,0.0,40.0
2022-08-11,apples,698.0,658.0,0.0,40.0
2022-08-11,strawberries,698.0,658.0,0.0,40.0
2022-08-11,blueberries,698.0,658.0,0.0,40.0
2022-08-11,harvest_nut_granola,698.0,658.0,0.0,40.0
2022-08-11,zesty_apple_vinagrette,698.0,658.0,0.0,40.0
2022-08-11,chicken_tenders,2608.0,2588.0,0.0,20.0
2022-08-11,biscuit,935.0,892.0,0.0,43.0
2022-08-11,chicken_mini_bread,2004.0,1947.0,0.0,57.0
2022-08-11,butter,1017.5,1016.0,0.0,1.5
2022-08-11,bacon,237.0,231.0,0.0,6.0
2022-08-11,tortilla,294.0,286.0,0.0,8.0
2022-08-11,eggs,612.0,573.0,0.0,39.0
2022-08-11,sausage,175.0,163.0,0.0,12.0
2022-08-11,bagel,137.0,116.0,0.0,21.0
2022-08-11,oatmeal,291.0,273.0,0.0,18.0
2022-08-11,fruit,367.0,325.0,0.0,42.0
2022-08-11,cream_cheese,87.0,82.0,0.0,5.0
2022-08-11,hash_brown,1250.0,1236.0,0.0,14.0
2022-08-11,yogurt_parfait,371.0,371.0,0.0,0.0
2022-08-11,cinamon_cluster,279.0,269.0,0.0,10.0
2022-08-11,lemonade,7402.600000000001,7370.100000000001,0.0,32.49999999999999
2022-08-11,straw,4620.0,4380.0,0.0,240.0
2022-08-11,small_drink_cup,6706.0,6673.0,0.0,33.0
2022-08-11,medium_drink_cup,5584.0,5426.0,0.0,158.0
2022-08-11,large_drink_cup,6330.0,6281.0,0.0,49.0
2022-08-11,lemonade_diet,1473.3999999999983,1444.7999999999984,0.0,28.6
2022-08-11,ice_tea_unsweet,3271.7999999999897,3249.8999999999896,0.0,21.900000000000002
2022-08-11,ice_tea_sweet,2348.8000000000025,2278.5000000000023,0.0,70.30000000000001
2022-08-11,soft_drink,9566.800000000014,9409.600000000013,0.0,157.2
2022-08-11,dasani_water_bottle,555.0,553.0,0.0,2.0
2022-08-11,orange_juice_bottle,411.0,399.0,0.0,12.0
2022-08-11,apple_juice,461.0,459.0,0.0,2.0
2022-08-11,ice_coffee,293.0,282.5,0.0,10.5
2022-08-11,coffee,1142.5,1103.75,0.0,38.75
2022-08-11,Coffee_box,79.0,74.0,0.0,5.0
2022-08-11,milk_chocolate,228.0,225.0,0.0,3.0
2022-08-11,milk,114.0,425.0,350.0,39.0
2022-08-11,icecream,604.0,513.0,0.0,91.0
2022-08-11,vanilla_flavor,726.0,708.0,0.0,18.0
2022-08-11,cream_flavor,176.0,162.0,0.0,14.0
2022-08-11,chunk_cookie,701.0,639.0,0.0,62.0
2022-08-11,chocolate_flavor,326.0,326.0,0.0,0.0
2022-08-11,strawberry_flavor,294.0,290.0,0.0,4.0
2022-08-11,frosted_extract,352.0,349.0,0.0,3.0
2022-08-11,icecream_cone,310.0,297.0,0.0,13.0
2022-08-11,icecream_come,400.0,394.0,0.0,6.0
2022-08-11,icecream_topping,308.0,308.0,0.0,0.0
2022-08-11,to_go_bag,19104.0,18998.0,0.0,106.0
2022-08-11,napkins,11520.0,10990.0,0.0,530.0
2022-08-11,ketchup,8186.0,8178.0,0.0,8.0
2022-08-11,ranch,8138.0,8135.0,0.0,3.0
2022-08-11,buffalo_sauce,8372.0,8366.0,0.0,6.0
2022-08-11,bbq_sauce,8518.0,8514.0,0.0,4.0
2022-08-11,polyneasian,8302.0,8294.0,0.0,8.0
2022-08-11,chickfala,8148.0,8146.0,0.0,2.0
2022-08-11,silverware,1346.0,1338.0,0.0,8.0
2022-08-12,fried_batter,312.60000000000014,154.20000000000013,0.0,158.4
2022-08-12,bun,911.0,874.0,0.0,37.0
2022-08-12,chicken_patty,510.0,436.0,0.0,74.0
2022-08-12,pickle_chips,458.0,2097.0,1750.0,111.0
2022-08-12,lettuce,286.0,244.0,0.0,42.0
2022-08-12,tomato,286.0,244.0,0.0,42.0
2022-08-12,cheese,486.5,443.5,0.0,43.0
2022-08-12,spice,868.0,835.0,0.0,33.0
2022-08-12,chicken_nuggets,14959.0,14336.0,0.0,623.0
2022-08-12,chicken_strips,10406.0,10358.0,0.0,48.0
2022-08-12,flat_bread,80.5,327.0,262.5,16.0
2022-08-12,mixed_greens,569.0,486.0,0.0,83.0
2022-08-12,shredded_monterey_jack,838.0,792.0,0.0,46.0
2022-08-12,waffle_fries,9675.120000000014,9518.600000000013,0.0,156.52000000000004
2022-08-12,roasted_corn_kernels,392.0,380.0,0.0,12.0
2022-08-12,crumbled_bacon,392.0,380.0,0.0,12.0
2022-08-12,avacado_lime_dressing,1442.0,1430.0,0.0,12.0
2022-08-12,red_bell_pepers,567.0,555.0,0.0,12.0
2022-08-12,grape tomatoes,1085.0,1025.0,0.0,60.0
2022-08-12,hard_boiled_egg,304.5,292.5,0.0,12.0
2022-08-12,blue_cheese,618.0,555.0,0.0,63.0
2022-08-12,apples,618.0,555.0,0.0,63.0
2022-08-12,strawberries,618.0,555.0,0.0,63.0
2022-08-12,blueberries,618.0,555.0,0.0,63.0
2022-08-12,harvest_nut_granola,618.0,555.0,0.0,63.0
2022-08-12,zesty_apple_vinagrette,618.0,555.0,0.0,63.0
2022-08-12,chicken_tenders,2568.0,2550.0,0.0,18.0
2022-08-12,biscuit,849.0,816.0,0.0,33.0
2022-08-12,chicken_mini_bread,1890.0,1866.0,0.0,24.0
2022-08-12,butter,1014.5,1013.5,0.0,1.0
2022-08-12,bacon,225.0,220.0,0.0,5.0
2022-08-12,tortilla,278.0,260.0,0.0,18.0
2022-08-12,eggs,534.0,494.0,0.0,40.0
2022-08-12,sausage,151.0,143.0,0.0,8.0
2022-08-12,bagel,95.0,79.0,0.0,16.0
2022-08-12,oatmeal,255.0,242.0,0.0,13.0
2022-08-12,fruit,283.0,273.0,0.0,10.0
2022-08-12,cream_cheese,77.0,73.0,0.0,4.0
2022-08-12,hash_brown,1222.0,1217.0,0.0,5.0
2022-08-12,yogurt_parfait,371.0,353.0,0.0,18.0
2022-08-12,cinamon_cluster,259.0,250.0,0.0,9.0
2022-08-12,lemonade,7337.600000000001,7295.300000000001,0.0,42.300000000000004
2022-08-12,straw,4140.0,3912.0,0.0,228.0
2022-08-12,small_drink_cup,6640.0,6607.0,0.0,33.0
2022-08-12,medium_drink_cup,5268.0,5108.0,0.0,160.0
2022-08-12,large_drink_cup,6232.0,6197.0,0.0,35.0
2022-08-12,lemonade_diet,1416.1999999999985,1376.8999999999985,0.0,39.300000000000004
2022-08-12,ice_tea_unsweet,3227.9999999999895,3213.1999999999894,0.0,14.8
2022-08-12,ice_tea_sweet,2208.200000000002,2190.400000000002,0.0,17.8
2022-08-12,soft_drink,9252.400000000012,9109.900000000012,0.0,142.5
2022-08-12,dasani_water_bottle,551.0,538.0,0.0,13.0
2022-08-12,orange_juice_bottle,387.0,383.0,0.0,4.0
2022-08-12,apple_juice,457.0,447.0,0.0,10.0
2022-08-12,ice_coffee,272.0,261.5,0.0,10.5
2022-08-12,coffee,1065.0,1028.75,0.0,36.25
2022-08-12,Coffee_box,69.0,65.0,0.0,4.0
2022-08-12,milk_chocolate,222.0,214.0,0.0,8.0
2022-08-12,milk,736.0,696.0,0.0,40.0
2022-08-12,icecream,422.0,366.0,0.0,56.0
2022-08-12,vanilla_flavor,690.0,683.0,0.0,7.0
2022-08-12,cream_flavor,148.0,141.0,0.0,7.0
2022-08-12,chunk_cookie,577.0,518.5,0.0,58.5
2022-08-12,chocolate_flavor,326.0,321.0,0.0,5.0
2022-08-12,strawberry_flavor,286.0,281.0,0.0,5.0
2022-08-12,frosted_extract,346.0,338.0,0.0,8.0
2022-08-12,icecream_cone,284.0,283.0,0.0,1.0
2022-08-12,icecream_come,388.0,381.0,0.0,7.0
2022-08-12,icecream_topping,308.0,295.0,0.0,13.0
2022-08-12,to_go_bag,18892.0,18778.0,0.0,114.0
2022-08-12,napkins,10460.0,9890.0,0.0,570.0
2022-08-12,ketchup,8170.0,8165.0,0.0,5.0
2022-08-12,ranch,8132.0,8127.0,0.0,5.0
2022-08-12,buffalo_sauce,8360.0,8347.0,0.0,13.0
2022-08-12,bbq_sauce,8510.0,8504.0,0.0,6.0
2022-08-12,polyneasian,8286.0,8285.0,0.0,1.0
2022-08-12,chickfala,8144.0,8144.0,0.0,0.0
2022-08-12,silverware,1330.0,1323.0,0.0,7.0
2022-08-13,fried_batter,-4.199999999999875,365.0000000000002,525.0,155.79999999999998
2022-08-13,bun,837.0,776.0,0.0,61.0
2022-08-13,chicken_patty,362.0,266.0,0.0,96.0
2022-08-13,pickle_chips,3736.0,3553.0,0.0,183.0
2022-08-13,lettuce,202.0,142.0,0.0,60.0
2022-08-13,tomato,202.0,142.0,0.0,60.0
2022-08-13,cheese,400.5,346.5,0.0,54.0
2022-08-13,spice,802.0,764.0,0.0,38.0
2022-08-13,chicken_nuggets,13713.0,13211.0,0.0,502.0
2022-08-13,chicken_strips,10310.0,10254.0,0.0,56.0
2022-08-13,flat_bread,573.5,569.5,0.0,4.0
2022-08-13,mixed_greens,403.0,337.0,0.0,66.0
2022-08-13,shredded_monterey_jack,746.0,739.0,0.0,7.0
2022-08-13,waffle_fries,9362.080000000013,9251.340000000013,0.0,110.74
2022-08-13,roasted_corn_kernels,368.0,366.0,0.0,2.0
2022-08-13,crumbled_bacon,368.0,366.0,0.0,2.0
2022-08-13,avacado_lime_dressing,1418.0,1416.0,0.0,2.0
2022-08-13,red_bell_pepers,543.0,541.0,0.0,2.0
2022-08-13,grape tomatoes,965.0,955.0,0.0,10.0
2022-08-13,hard_boiled_egg,280.5,278.5,0.0,2.0
2022-08-13,blue_cheese,492.0,430.0,0.0,62.0
2022-08-13,apples,492.0,430.0,0.0,62.0
2022-08-13,strawberries,492.0,430.0,0.0,62.0
2022-08-13,blueberries,492.0,430.0,0.0,62.0
2022-08-13,harvest_nut_granola,492.0,430.0,0.0,62.0
2022-08-13,zesty_apple_vinagrette,492.0,430.0,0.0,62.0
2022-08-13,chicken_tenders,2532.0,2512.0,0.0,20.0
2022-08-13,biscuit,783.0,757.0,0.0,26.0
2022-08-13,chicken_mini_bread,1842.0,1788.0,0.0,54.0
2022-08-13,butter,1012.5,1012.0,0.0,0.5
2022-08-13,bacon,215.0,212.0,0.0,3.0
2022-08-13,tortilla,242.0,241.0,0.0,1.0
2022-08-13,eggs,454.0,429.0,0.0,25.0
2022-08-13,sausage,135.0,120.0,0.0,15.0
2022-08-13,bagel,63.0,209.0,175.0,29.0
2022-08-13,oatmeal,229.0,207.0,0.0,22.0
2022-08-13,fruit,263.0,236.0,0.0,27.0
2022-08-13,cream_cheese,69.0,50.0,0.0,19.0
2022-08-13,hash_brown,1212.0,1200.0,0.0,12.0
2022-08-13,yogurt_parfait,335.0,319.0,0.0,16.0
2022-08-13,cinamon_cluster,241.0,236.0,0.0,5.0
2022-08-13,lemonade,7253.000000000001,7186.100000000001,0.0,66.90000000000002
2022-08-13,straw,3684.0,3449.0,0.0,235.0
2022-08-13,small_drink_cup,6574.0,6529.0,0.0,45.0
2022-08-13,medium_drink_cup,4948.0,4800.0,0.0,148.0
2022-08-13,large_drink_cup,6162.0,6120.0,0.0,42.0
2022-08-13,lemonade_diet,1337.5999999999985,1322.6999999999985,0.0,14.899999999999999
2022-08-13,ice_tea_unsweet,3198.399999999989,3162.899999999989,0.0,35.49999999999999
2022-08-13,ice_tea_sweet,2172.6000000000017,2114.900000000002,0.0,57.7
2022-08-13,soft_drink,8967.400000000012,8838.300000000012,0.0,129.1
2022-08-13,dasani_water_bottle,525.0,517.0,0.0,8.0
2022-08-13,orange_juice_bottle,379.0,376.0,0.0,3.0
2022-08-13,apple_juice,437.0,429.0,0.0,8.0
2022-08-13,ice_coffee,251.0,239.25,0.0,11.75
2022-08-13,coffee,992.5,967.75,0.0,24.75
2022-08-13,Coffee_box,61.0,208.0,175.0,28.0
2022-08-13,milk_chocolate,206.0,195.0,0.0,11.0
2022-08-13,milk,656.0,623.0,0.0,33.0
2022-08-13,icecream,310.0,243.0,0.0,67.0
2022-08-13,vanilla_flavor,676.0,672.0,0.0,4.0
2022-08-13,cream_flavor,134.0,122.0,0.0,12.0
2022-08-13,chunk_cookie,460.0,401.0,0.0,59.0
2022-08-13,chocolate_flavor,316.0,308.0,0.0,8.0
2022-08-13,strawberry_flavor,276.0,273.0,0.0,3.0
2022-08-13,frosted_extract,330.0,327.0,0.0,3.0
2022-08-13,icecream_cone,282.0,273.0,0.0,9.0
2022-08-13,icecream_come,374.0,370.0,0.0,4.0
2022-08-13,icecream_topping,282.0,271.0,0.0,11.0
2022-08-13,to_go_bag,18664.0,18549.0,0.0,115.0
2022-08-13,napkins,9320.0,8745.0,0.0,575.0
2022-08-13,ketchup,8160.0,8155.0,0.0,5.0
2022-08-13,ranch,8122.0,8119.0,0.0,3.0
2022-08-13,buffalo_sauce,8334.0,8320.0,0.0,14.0
2022-08-13,bbq_sauce,8498.0,8494.0,0.0,4.0
2022-08-13,polyneasian,8284.0,8277.0,0.0,7.0
2022-08-13,chickfala,8144.0,8141.0,0.0,3.0
2022-08-13,silverware,1316.0,1310.0,0.0,6.0
2022-08-15,fried_batter,734.2000000000003,583.4000000000003,0.0,150.8
2022-08-15,bun,715.0,681.0,0.0,34.0
2022-08-15,chicken_patty,170.0,792.5,700.0,77.5
2022-08-15,pickle_chips,3370.0,3268.0,0.0,102.0
2022-08-15,lettuce,82.0,404.0,350.0,28.0
2022-08-15,tomato,82.0,404.0,350.0,28.0
2022-08-15,cheese,292.5,251.5,0.0,41.0
2022-08-15,spice,726.0,692.0,0.0,34.0
2022-08-15,chicken_nuggets,12709.0,12290.0,0.0,419.0
2022-08-15,chicken_strips,10198.0,10141.0,0.0,57.0
2022-08-15,flat_bread,565.5,557.5,0.0,8.0
2022-08-15,mixed_greens,271.0,211.0,0.0,60.0
2022-08-15,shredded_monterey_jack,732.0,709.0,0.0,23.0
2022-08-15,waffle_fries,9140.600000000013,8951.200000000013,0.0,189.39999999999998
2022-08-15,roasted_corn_kernels,364.0,355.0,0.0,9.0
2022-08-15,crumbled_bacon,364.0,355.0,0.0,9.0
2022-08-15,avacado_lime_dressing,1414.0,1405.0,0.0,9.0
2022-08-15,red_bell_pepers,539.0,530.0,0.0,9.0
2022-08-15,grape tomatoes,945.0,900.0,0.0,45.0
2022-08-15,hard_boiled_egg,276.5,267.5,0.0,9.0
2022-08-15,blue_cheese,368.0,321.0,0.0,47.0
2022-08-15,apples,368.0,321.0,0.0,47.0
2022-08-15,strawberries,368.0,321.0,0.0,47.0
2022-08-15,blueberries,368.0,321.0,0.0,47.0
2022-08-15,harvest_nut_granola,368.0,321.0,0.0,47.0
2022-08-15,zesty_apple_vinagrette,368.0,321.0,0.0,47.0
2022-08-15,chicken_tenders,2492.0,2472.0,0.0,20.0
2022-08-15,biscuit,731.0,674.0,0.0,57.0
2022-08-15,chicken_mini_bread,1734.0,1674.0,0.0,60.0
2022-08-15,butter,1011.5,1010.25,0.0,1.25
2022-08-15,bacon,209.0,201.0,0.0,8.0
2022-08-15,tortilla,240.0,234.0,0.0,6.0
2022-08-15,eggs,404.0,371.0,0.0,33.0
2022-08-15,sausage,105.0,92.0,0.0,13.0
2022-08-15,bagel,355.0,325.0,0.0,30.0
2022-08-15,oatmeal,185.0,169.0,0.0,16.0
2022-08-15,fruit,209.0,182.5,0.0,26.5
2022-08-15,cream_cheese,31.0,189.0,175.0,17.0
2022-08-15,hash_brown,1188.0,1186.0,0.0,2.0
2022-08-15,yogurt_parfait,303.0,290.0,0.0,13.0
2022-08-15,cinamon_cluster,231.0,225.0,0.0,6.0
2022-08-15,lemonade,7119.200000000002,7084.000000000002,0.0,35.2
2022-08-15,straw,3214.0,13477.0,10500.0,237.0
2022-08-15,small_drink_cup,6484.0,6440.0,0.0,44.0
2022-08-15,medium_drink_cup,4652.0,4486.0,0.0,166.0
2022-08-15,large_drink_cup,6078.0,6051.0,0.0,27.0
2022-08-15,lemonade_diet,1307.7999999999984,1278.5999999999983,0.0,29.199999999999996
2022-08-15,ice_tea_unsweet,3127.399999999989,3107.899999999989,0.0,19.500000000000004
2022-08-15,ice_tea_sweet,2057.200000000002,2027.200000000002,0.0,30.0
2022-08-15,soft_drink,8709.200000000012,8550.100000000011,0.0,159.10000000000002
2022-08-15,dasani_water_bottle,509.0,508.0,0.0,1.0
2022-08-15,orange_juice_bottle,373.0,355.0,0.0,18.0
2022-08-15,apple_juice,421.0,416.0,0.0,5.0
2022-08-15,ice_coffee,227.5,206.75,0.0,20.75
2022-08-15,coffee,943.0,925.5,0.0,17.5
2022-08-15,Coffee_box,355.0,351.0,0.0,4.0
2022-08-15,milk_chocolate,184.0,174.0,0.0,10.0
2022-08-15,milk,590.0,558.0,0.0,32.0
2022-08-15,icecream,176.0,111.0,0.0,65.0
2022-08-15,vanilla_flavor,668.0,668.0,0.0,0.0
2022-08-15,cream_flavor,110.0,447.0,350.0,13.0
2022-08-15,chunk_cookie,342.0,300.5,0.0,41.5
2022-08-15,chocolate_flavor,300.0,299.0,0.0,1.0
2022-08-15,strawberry_flavor,270.0,261.0,0.0,9.0
2022-08-15,frosted_extract,324.0,323.0,0.0,1.0
2022-08-15,icecream_cone,264.0,259.0,0.0,5.0
2022-08-15,icecream_come,366.0,352.0,0.0,14.0
2022-08-15,icecream_topping,260.0,259.0,0.0,1.0
2022-08-15,to_go_bag,18434.0,18303.0,0.0,131.0
2022-08-15,napkins,8170.0,7515.0,0.0,655.0
2022-08-15,ketchup,8150.0,8140.0,0.0,10.0
2022-08-15,ranch,8116.0,8112.0,0.0,4.0
2022-08-15,buffalo_sauce,8306.0,8297.0,0.0,9.0
2022-08-15,bbq_sauce,8490.0,8482.0,0.0,8.0
2022-08-15,polyneasian,8270.0,8260.0,0.0,10.0
2022-08-15,chickfala,8138.0,8124.0,0.0,14.0
2022-08-15,silverware,1304.0,1299.0,0.0,5.0
2022-08-16,fried_batter,432.6000000000003,328.4000000000003,0.0,104.19999999999999
2022-08-16,bun,647.0,613.0,0.0,34.0
2022-08-16,chicken_patty,1415.0,1363.0,0.0,52.0
2022-08-16,pickle_chips,3166.0,3064.0,0.0,102.0
2022-08-16,lettuce,726.0,688.0,0.0,38.0
2022-08-16,tomato,726.0,688.0,0.0,38.0
2022-08-16,cheese,210.5,182.5,0.0,28.0
2022-08-16,spice,658.0,639.0,0.0,19.0
2022-08-16,chicken_nuggets,11871.0,11367.5,0.0,503.5
2022-08-16,chicken_strips,10084.0,10038.0,0.0,46.0
2022-08-16,flat_bread,549.5,542.5,0.0,7.0
2022-08-16,mixed_greens,151.0,798.5,700.0,52.5
2022-08-16,shredded_monterey_jack,686.0,666.0,0.0,20.0
2022-08-16,waffle_fries,8761.800000000014,8611.900000000014,0.0,149.9
2022-08-16,roasted_corn_kernels,346.0,337.0,0.0,9.0
2022-08-16,crumbled_bacon,346.0,337.0,0.0,9.0
2022-08-16,avacado_lime_dressing,1396.0,1387.0,0.0,9.0
2022-08-16,red_bell_pepers,521.0,512.0,0.0,9.0
2022-08-16,grape tomatoes,855.0,810.0,0.0,45.0
2022-08-16,hard_boiled_egg,258.5,249.5,0.0,9.0
2022-08-16,blue_cheese,274.0,234.0,0.0,40.0
2022-08-16,apples,274.0,234.0,0.0,40.0
2022-08-16,strawberries,274.0,234.0,0.0,40.0
2022-08-16,blueberries,274.0,234.0,0.0,40.0
2022-08-16,harvest_nut_granola,274.0,234.0,0.0,40.0
2022-08-16,zesty_apple_vinagrette,274.0,234.0,0.0,40.0
2022-08-16,chicken_tenders,2452.0,2432.0,0.0,20.0
2022-08-16,biscuit,617.0,602.0,0.0,15.0
2022-08-16,chicken_mini_bread,1614.0,1563.0,0.0,51.0
2022-08-16,butter,1009.0,1009.0,0.0,0.0
2022-08-16,bacon,193.0,191.0,0.0,2.0
2022-08-16,tortilla,228.0,224.0,0.0,4.0
2022-08-16,eggs,338.0,325.0,0.0,13.0
2022-08-16,sausage,79.0,78.0,0.0,1.0
2022-08-16,bagel,295.0,277.0,0.0,18.0
2022-08-16,oatmeal,153.0,147.0,0.0,6.0
2022-08-16,fruit,156.0,134.0,0.0,22.0
2022-08-16,cream_cheese,347.0,341.0,0.0,6.0
2022-08-16,hash_brown,1184.0,1177.0,0.0,7.0
2022-08-16,yogurt_parfait,277.0,266.0,0.0,11.0
2022-08-16,cinamon_cluster,219.0,218.0,0.0,1.0
2022-08-16,lemonade,7048.800000000002,6994.200000000002,0.0,54.6
2022-08-16,straw,23740.0,23518.0,0.0,222.0
2022-08-16,small_drink_cup,6396.0,6363.0,0.0,33.0
2022-08-16,medium_drink_cup,4320.0,4182.0,0.0,138.0
2022-08-16,large_drink_cup,6024.0,5973.0,0.0,51.0
2022-08-16,lemonade_diet,1249.3999999999983,1207.1999999999982,0.0,42.2
2022-08-16,ice_tea_unsweet,3088.399999999989,3070.499999999989,0.0,17.9
2022-08-16,ice_tea_sweet,1997.200000000002,1954.6000000000022,0.0,42.60000000000001
2022-08-16,soft_drink,8391.000000000011,8250.600000000011,0.0,140.40000000000003
2022-08-16,dasani_water_bottle,507.0,493.0,0.0,14.0
2022-08-16,orange_juice_bottle,337.0,328.0,0.0,9.0
2022-08-16,apple_juice,411.0,392.0,0.0,19.0
2022-08-16,ice_coffee,186.0,172.5,0.0,13.5
2022-08-16,coffee,908.0,879.0,0.0,29.0
2022-08-16,Coffee_box,347.0,335.0,0.0,12.0
2022-08-16,milk_chocolate,164.0,155.0,0.0,9.0
2022-08-16,milk,526.0,496.0,0.0,30.0
2022-08-16,icecream,46.0,336.0,350.0,60.0
2022-08-16,vanilla_flavor,668.0,660.0,0.0,8.0
2022-08-16,cream_flavor,784.0,777.0,0.0,7.0
2022-08-16,chunk_cookie,259.0,191.5,0.0,67.5
2022-08-16,chocolate_flavor,298.0,296.0,0.0,2.0
2022-08-16,strawberry_flavor,252.0,243.0,0.0,9.0
2022-08-16,frosted_extract,322.0,315.0,0.0,7.0
2022-08-16,icecream_cone,254.0,249.0,0.0,5.0
2022-08-16,icecream_come,338.0,335.0,0.0,3.0
2022-08-16,icecream_topping,258.0,251.0,0.0,7.0
2022-08-16,to_go_bag,18172.0,18072.0,0.0,100.0
2022-08-16,napkins,6860.0,6360.0,0.0,500.0
2022-08-16,ketchup,8130.0,8127.0,0.0,3.0
2022-08-16,ranch,8108.0,8102.0,0.0,6.0
2022-08-16,buffalo_sauce,8288.0,8287.0,0.0,1.0
2022-08-16,bbq_sauce,8474.0,8464.0,0.0,10.0
2022-08-16,polyneasian,8250.0,8249.0,0.0,1.0
2022-08-16,chickfala,8110.0,8102.0,0.0,8.0
2022-08-16,silverware,1294.0,1284.0,0.0,10.0
2022-08-17,fried_batter,224.20000000000033,589.2000000000003,525.0,160.00000000000003
2022-08-17,bun,579.0,538.0,0.0,41.0
2022-08-17,chicken_patty,1311.0,1235.0,0.0,76.0
2022-08-17,pickle_chips,2962.0,2839.0,0.0,123.0
2022-08-17,lettuce,650.0,616.0,0.0,34.0
2022-08-17,tomato,650.0,616.0,0.0,34.0
2022-08-17,cheese,154.5,125.5,0.0,29.0
2022-08-17,spice,620.0,588.0,0.0,32.0
2022-08-17,chicken_nuggets,10864.0,10237.5,0.0,626.5
2022-08-17,chicken_strips,9992.0,9946.0,0.0,46.0
2022-08-17,flat_bread,535.5,530.5,0.0,5.0
2022-08-17,mixed_greens,1446.0,1354.5,0.0,91.5
2022-08-17,shredded_monterey_jack,646.0,620.0,0.0,26.0
2022-08-17,waffle_fries,8462.000000000015,8338.860000000015,0.0,123.14
2022-08-17,roasted_corn_kernels,328.0,317.0,0.0,11.0
2022-08-17,crumbled_bacon,328.0,317.0,0.0,11.0
2022-08-17,avacado_lime_dressing,1378.0,1367.0,0.0,11.0
2022-08-17,red_bell_pepers,503.0,492.0,0.0,11.0
2022-08-17,grape tomatoes,765.0,710.0,0.0,55.0
2022-08-17,hard_boiled_egg,240.5,229.5,0.0,11.0
2022-08-17,blue_cheese,194.0,116.0,0.0,78.0
2022-08-17,apples,194.0,116.0,0.0,78.0
2022-08-17,strawberries,194.0,116.0,0.0,78.0
2022-08-17,blueberries,194.0,116.0,0.0,78.0
2022-08-17,harvest_nut_granola,194.0,116.0,0.0,78.0
2022-08-17,zesty_apple_vinagrette,194.0,116.0,0.0,78.0
2022-08-17,chicken_tenders,2412.0,2370.0,0.0,42.0
2022-08-17,biscuit,587.0,554.0,0.0,33.0
2022-08-17,chicken_mini_bread,1512.0,1470.0,0.0,42.0
2022-08-17,butter,1009.0,1007.5,0.0,1.5
2022-08-17,bacon,189.0,186.0,0.0,3.0
2022-08-17,tortilla,220.0,210.0,0.0,10.0
2022-08-17,eggs,312.0,290.0,0.0,22.0
2022-08-17,sausage,77.0,73.0,0.0,4.0
2022-08-17,bagel,259.0,248.0,0.0,11.0
2022-08-17,oatmeal,141.0,123.0,0.0,18.0
2022-08-17,fruit,112.0,436.5,350.0,25.5
2022-08-17,cream_cheese,335.0,331.0,0.0,4.0
2022-08-17,hash_brown,1170.0,1155.0,0.0,15.0
2022-08-17,yogurt_parfait,255.0,254.0,0.0,1.0
2022-08-17,cinamon_cluster,217.0,206.0,0.0,11.0
2022-08-17,lemonade,6939.600000000001,6880.200000000002,0.0,59.400000000000006
2022-08-17,straw,23296.0,23110.0,0.0,186.0
2022-08-17,small_drink_cup,6330.0,6301.0,0.0,29.0
2022-08-17,medium_drink_cup,4044.0,3917.0,0.0,127.0
2022-08-17,large_drink_cup,5922.0,5892.0,0.0,30.0
2022-08-17,lemonade_diet,1164.9999999999982,1141.4999999999982,0.0,23.5
2022-08-17,ice_tea_unsweet,3052.599999999989,3045.299999999989,0.0,7.3
2022-08-17,ice_tea_sweet,1912.0000000000023,1885.1000000000022,0.0,26.900000000000002
2022-08-17,soft_drink,8110.200000000012,7981.200000000012,0.0,129.0
2022-08-17,dasani_water_bottle,479.0,477.0,0.0,2.0
2022-08-17,orange_juice_bottle,319.0,309.0,0.0,10.0
2022-08-17,apple_juice,373.0,367.0,0.0,6.0
2022-08-17,ice_coffee,159.0,151.75,0.0,7.25
2022-08-17,coffee,850.0,835.75,0.0,14.25
2022-08-17,Coffee_box,323.0,318.0,0.0,5.0
2022-08-17,milk_chocolate,146.0,133.0,0.0,13.0
2022-08-17,milk,466.0,420.0,0.0,46.0
2022-08-17,icecream,626.0,550.0,0.0,76.0
2022-08-17,vanilla_flavor,652.0,636.0,0.0,16.0
2022-08-17,cream_flavor,770.0,762.0,0.0,8.0
2022-08-17,chunk_cookie,124.0,416.0,350.0,58.0
2022-08-17,chocolate_flavor,294.0,292.0,0.0,2.0
2022-08-17,strawberry_flavor,234.0,225.0,0.0,9.0
2022-08-17,frosted_extract,308.0,302.0,0.0,6.0
2022-08-17,icecream_cone,244.0,244.0,0.0,0.0
2022-08-17,icecream_come,332.0,326.0,0.0,6.0
2022-08-17,icecream_topping,244.0,241.0,0.0,3.0
2022-08-17,to_go_bag,17972.0,17860.0,0.0,112.0
2022-08-17,napkins,5860.0,5300.0,0.0,560.0
2022-08-17,ketchup,8124.0,8108.0,0.0,16.0
2022-08-17,ranch,8096.0,8095.0,0.0,1.0
2022-08-17,buffalo_sauce,8286.0,8282.0,0.0,4.0
2022-08-17,bbq_sauce,8454.0,8442.0,0.0,12.0
2022-08-17,polyneasian,8248.0,8242.0,0.0,6.0
2022-08-17,chickfala,8094.0,8085.0,0.0,9.0
2022-08-17,silverware,1274.0,1269.0,0.0,5.0
2022-08-18,fried_batter,954.2000000000003,810.8000000000003,0.0,143.4
2022-08-18,bun,497.0,425.0,0.0,72.0
2022-08-18,chicken_patty,1159.0,1041.5,0.0,117.5
2022-08-18,pickle_chips,2716.0,2500.0,0.0,216.0
2022-08-18,lettuce,582.0,508.0,0.0,74.0
2022-08-18,tomato,582.0,508.0,0.0,74.0
2022-08-18,cheese,96.5,283.0,262.5,76.0
2022-08-18,spice,556.0,514.0,0.0,42.0
2022-08-18,chicken_nuggets,9611.0,9147.0,0.0,464.0
2022-08-18,chicken_strips,9900.0,9848.0,0.0,52.0
2022-08-18,flat_bread,525.5,525.5,0.0,0.0
2022-08-18,mixed_greens,1263.0,1204.0,0.0,59.0
2022-08-18,shredded_monterey_jack,594.0,583.0,0.0,11.0
2022-08-18,waffle_fries,8215.720000000016,8082.900000000016,0.0,132.82
2022-08-18,roasted_corn_kernels,306.0,302.0,0.0,4.0
2022-08-18,crumbled_bacon,306.0,302.0,0.0,4.0
2022-08-18,avacado_lime_dressing,1356.0,1352.0,0.0,4.0
2022-08-18,red_bell_pepers,481.0,477.0,0.0,4.0
2022-08-18,grape tomatoes,655.0,635.0,0.0,20.0
2022-08-18,hard_boiled_egg,218.5,214.5,0.0,4.0
2022-08-18,blue_cheese,38.0,333.0,350.0,55.0
2022-08-18,apples,38.0,333.0,350.0,55.0
2022-08-18,strawberries,38.0,333.0,350.0,55.0
2022-08-18,blueberries,38.0,333.0,350.0,55.0
2022-08-18,harvest_nut_granola,38.0,333.0,350.0,55.0
2022-08-18,zesty_apple_vinagrette,38.0,333.0,350.0,55.0
2022-08-18,chicken_tenders,2328.0,2314.0,0.0,14.0
2022-08-18,biscuit,521.0,467.0,0.0,54.0
2022-08-18,chicken_mini_bread,1428.0,1401.0,0.0,27.0
2022-08-18,butter,1006.0,1004.25,0.0,1.75
2022-08-18,bacon,183.0,166.0,0.0,17.0
2022-08-18,tortilla,200.0,193.0,0.0,7.0
2022-08-18,eggs,268.0,222.0,0.0,46.0
2022-08-18,sausage,69.0,56.0,0.0,13.0
2022-08-18,bagel,237.0,214.0,0.0,23.0
2022-08-18,oatmeal,105.0,100.0,0.0,5.0
2022-08-18,fruit,761.0,728.5,0.0,32.5
2022-08-18,cream_cheese,327.0,319.0,0.0,8.0
2022-08-18,hash_brown,1140.0,1140.0,0.0,0.0
2022-08-18,yogurt_parfait,253.0,244.0,0.0,9.0
2022-08-18,cinamon_cluster,195.0,193.0,0.0,2.0
2022-08-18,lemonade,6820.800000000002,6784.800000000002,0.0,36.0
2022-08-18,straw,22924.0,22719.0,0.0,205.0
2022-08-18,small_drink_cup,6272.0,6239.0,0.0,33.0
2022-08-18,medium_drink_cup,3790.0,3645.0,0.0,145.0
2022-08-18,large_drink_cup,5862.0,5835.0,0.0,27.0
2022-08-18,lemonade_diet,1117.9999999999982,1082.6999999999982,0.0,35.3
2022-08-18,ice_tea_unsweet,3037.9999999999886,3010.1999999999884,0.0,27.8
2022-08-18,ice_tea_sweet,1858.200000000002,1824.000000000002,0.0,34.2
2022-08-18,soft_drink,7852.200000000012,7720.4000000000115,0.0,131.8
2022-08-18,dasani_water_bottle,475.0,467.0,0.0,8.0
2022-08-18,orange_juice_bottle,299.0,295.0,0.0,4.0
2022-08-18,apple_juice,361.0,350.0,0.0,11.0
2022-08-18,ice_coffee,144.5,120.25,0.0,24.25
2022-08-18,coffee,821.5,807.75,0.0,13.75
2022-08-18,Coffee_box,313.0,310.0,0.0,3.0
2022-08-18,milk_chocolate,120.0,113.0,0.0,7.0
2022-08-18,milk,374.0,335.0,0.0,39.0
2022-08-18,icecream,474.0,389.0,0.0,85.0
2022-08-18,vanilla_flavor,620.0,610.0,0.0,10.0
2022-08-18,cream_flavor,754.0,749.0,0.0,5.0
2022-08-18,chunk_cookie,708.0,644.5,0.0,63.5
2022-08-18,chocolate_flavor,290.0,285.0,0.0,5.0
2022-08-18,strawberry_flavor,216.0,205.0,0.0,11.0
2022-08-18,frosted_extract,296.0,287.0,0.0,9.0
2022-08-18,icecream_cone,244.0,232.0,0.0,12.0
2022-08-18,icecream_come,320.0,309.0,0.0,11.0
2022-08-18,icecream_topping,238.0,234.0,0.0,4.0
2022-08-18,to_go_bag,17748.0,17632.0,0.0,116.0
2022-08-18,napkins,4740.0,4160.0,0.0,580.0
2022-08-18,ketchup,8092.0,8072.0,0.0,20.0
2022-08-18,ranch,8094.0,8082.0,0.0,12.0
2022-08-18,buffalo_sauce,8278.0,8273.0,0.0,5.0
2022-08-18,bbq_sauce,8430.0,8421.0,0.0,9.0
2022-08-18,polyneasian,8236.0,8227.0,0.0,9.0
2022-08-18,chickfala,8076.0,8060.0,0.0,16.0
2022-08-18,silverware,1264.0,1247.0,0.0,17.0
2022-08-19,fried_batter,667.4000000000003,549.8000000000003,0.0,117.6
2022-08-19,bun,353.0,322.0,0.0,31.0
2022-08-19,chicken_patty,924.0,863.5,0.0,60.5
2022-08-19,pickle_chips,2284.0,2191.0,0.0,93.0
2022-08-19,lettuce,434.0,392.0,0.0,42.0
2022-08-19,tomato,434.0,392.0,0.0,42.0
2022-08-19,cheese,469.5,427.5,0.0,42.0
2022-08-19,spice,472.0,446.0,0.0,26.0
2022-08-19,chicken_nuggets,8683.0,8188.5,0.0,494.5
2022-08-19,chicken_strips,9796.0,9768.0,0.0,28.0
2022-08-19,flat_bread,525.5,524.5,0.0,1.0
2022-08-19,mixed_greens,1145.0,1094.5,0.0,50.5
2022-08-19,shredded_monterey_jack,572.0,560.0,0.0,12.0
2022-08-19,waffle_fries,7950.080000000016,7778.220000000017,0.0,171.86000000000004
2022-08-19,roasted_corn_kernels,298.0,291.0,0.0,7.0
2022-08-19,crumbled_bacon,298.0,291.0,0.0,7.0
2022-08-19,avacado_lime_dressing,1348.0,1341.0,0.0,7.0
2022-08-19,red_bell_pepers,473.0,466.0,0.0,7.0
2022-08-19,grape tomatoes,615.0,580.0,0.0,35.0
2022-08-19,hard_boiled_egg,210.5,203.5,0.0,7.0
2022-08-19,blue_cheese,628.0,585.0,0.0,43.0
2022-08-19,apples,628.0,585.0,0.0,43.0
2022-08-19,strawberries,628.0,585.0,0.0,43.0
2022-08-19,blueberries,628.0,585.0,0.0,43.0
2022-08-19,harvest_nut_granola,628.0,585.0,0.0,43.0
2022-08-19,zesty_apple_vinagrette,628.0,585.0,0.0,43.0
2022-08-19,chicken_tenders,2300.0,2284.0,0.0,16.0
2022-08-19,biscuit,413.0,366.0,0.0,47.0
2022-08-19,chicken_mini_bread,1374.0,1317.0,0.0,57.0
2022-08-19,butter,1002.5,999.0,0.0,3.5
2022-08-19,bacon,149.0,673.0,525.0,1.0
2022-08-19,tortilla,186.0,182.0,0.0,4.0
2022-08-19,eggs,176.0,151.0,0.0,25.0
2022-08-19,sausage,43.0,199.0,175.0,19.0
2022-08-19,bagel,191.0,177.0,0.0,14.0
2022-08-19,oatmeal,95.0,84.0,0.0,11.0
2022-08-19,fruit,696.0,659.0,0.0,37.0
2022-08-19,cream_cheese,311.0,306.0,0.0,5.0
2022-08-19,hash_brown,1140.0,1123.0,0.0,17.0
2022-08-19,yogurt_parfait,235.0,235.0,0.0,0.0
2022-08-19,cinamon_cluster,191.0,183.0,0.0,8.0
2022-08-19,lemonade,6748.800000000002,6664.000000000002,0.0,84.80000000000001
2022-08-19,straw,22514.0,22274.0,0.0,240.0
2022-08-19,small_drink_cup,6206.0,6177.0,0.0,29.0
2022-08-19,medium_drink_cup,3500.0,3338.0,0.0,162.0
2022-08-19,large_drink_cup,5808.0,5759.0,0.0,49.0
2022-08-19,lemonade_diet,1047.3999999999983,1028.6999999999982,0.0,18.700000000000003
2022-08-19,ice_tea_unsweet,2982.3999999999883,2949.6999999999884,0.0,32.7
2022-08-19,ice_tea_sweet,1789.800000000002,1733.400000000002,0.0,56.4
2022-08-19,soft_drink,7588.600000000011,7422.700000000012,0.0,165.9
2022-08-19,dasani_water_bottle,459.0,449.0,0.0,10.0
2022-08-19,orange_juice_bottle,291.0,280.0,0.0,11.0
2022-08-19,apple_juice,339.0,335.0,0.0,4.0
2022-08-19,ice_coffee,96.0,415.25,350.0,30.75
2022-08-19,coffee,794.0,780.5,0.0,13.5
2022-08-19,Coffee_box,307.0,303.0,0.0,4.0
2022-08-19,milk_chocolate,106.0,448.0,350.0,8.0
2022-08-19,milk,296.0,271.0,0.0,25.0
2022-08-19,icecream,304.0,238.0,0.0,66.0
2022-08-19,vanilla_flavor,600.0,596.0,0.0,4.0
2022-08-19,cream_flavor,744.0,740.0,0.0,4.0
2022-08-19,chunk_cookie,581.0,540.0,0.0,41.0
2022-08-19,chocolate_flavor,280.0,277.0,0.0,3.0
2022-08-19,strawberry_flavor,194.0,189.0,0.0,5.0
2022-08-19,frosted_extract,278.0,257.0,0.0,21.0
2022-08-19,icecream_cone,220.0,208.0,0.0,12.0
2022-08-19,icecream_come,298.0,276.0,0.0,22.0
2022-08-19,icecream_topping,230.0,225.0,0.0,5.0
2022-08-19,to_go_bag,17516.0,17384.0,0.0,132.0
2022-08-19,napkins,3580.0,13420.0,10500.0,660.0
2022-08-19,ketchup,8052.0,8049.0,0.0,3.0
2022-08-19,ranch,8070.0,8059.0,0.0,11.0
2022-08-19,buffalo_sauce,8268.0,8262.0,0.0,6.0
2022-08-19,bbq_sauce,8412.0,8404.0,0.0,8.0
2022-08-19,polyneasian,8218.0,8207.0,0.0,11.0
2022-08-19,chickfala,8044.0,8030.0,0.0,14.0
2022-08-19,silverware,1230.0,1223.0,0.0,7.0
2022-08-20,fried_batter,432.2000000000003,294.40000000000026,0.0,137.8
2022-08-20,bun,291.0,239.0,0.0,52.0
2022-08-20,chicken_patty,803.0,731.0,0.0,72.0
2022-08-20,pickle_chips,2098.0,1942.0,0.0,156.0
2022-08-20,lettuce,350.0,282.0,0.0,68.0
2022-08-20,tomato,350.0,282.0,0.0,68.0
2022-08-20,cheese,385.5,340.5,0.0,45.0
2022-08-20,spice,420.0,407.0,0.0,13.0
2022-08-20,chicken_nuggets,7694.0,6826.0,0.0,868.0
2022-08-20,chicken_strips,9740.0,9714.0,0.0,26.0
2022-08-20,flat_bread,523.5,521.5,0.0,2.0
2022-08-20,mixed_greens,1044.0,986.0,0.0,58.0
2022-08-20,shredded_monterey_jack,548.0,522.0,0.0,26.0
2022-08-20,waffle_fries,7606.360000000017,7467.160000000017,0.0,139.2
2022-08-20,roasted_corn_kernels,284.0,270.0,0.0,14.0
2022-08-20,crumbled_bacon,284.0,270.0,0.0,14.0
2022-08-20,avacado_lime_dressing,1334.0,1320.0,0.0,14.0
2022-08-20,red_bell_pepers,459.0,445.0,0.0,14.0
2022-08-20,grape tomatoes,545.0,475.0,0.0,70.0
2022-08-20,hard_boiled_egg,196.5,182.5,0.0,14.0
2022-08-20,blue_cheese,542.0,499.0,0.0,43.0
2022-08-20,apples,542.0,499.0,0.0,43.0
2022-08-20,strawberries,542.0,499.0,0.0,43.0
2022-08-20,blueberries,542.0,499.0,0.0,43.0
2022-08-20,harvest_nut_granola,542.0,499.0,0.0,43.0
2022-08-20,zesty_apple_vinagrette,542.0,499.0,0.0,43.0
2022-08-20,chicken_tenders,2268.0,2250.0,0.0,18.0
2022-08-20,biscuit,319.0,290.0,0.0,29.0
2022-08-20,chicken_mini_bread,1260.0,1215.0,0.0,45.0
2022-08-20,butter,995.5,994.5,0.0,1.0
2022-08-20,bacon,1197.0,1193.0,0.0,4.0
2022-08-20,tortilla,178.0,168.0,0.0,10.0
2022-08-20,eggs,126.0,105.0,0.0,21.0
2022-08-20,sausage,355.0,348.0,0.0,7.0
2022-08-20,bagel,163.0,151.0,0.0,12.0
2022-08-20,oatmeal,73.0,61.0,0.0,12.0
2022-08-20,fruit,622.0,589.5,0.0,32.5
2022-08-20,cream_cheese,301.0,296.0,0.0,5.0
2022-08-20,hash_brown,1106.0,1102.0,0.0,4.0
2022-08-20,yogurt_parfait,235.0,228.0,0.0,7.0
2022-08-20,cinamon_cluster,175.0,161.0,0.0,14.0
2022-08-20,lemonade,6579.200000000002,6504.000000000002,0.0,75.20000000000002
2022-08-20,straw,22034.0,21811.0,0.0,223.0
2022-08-20,small_drink_cup,6148.0,6117.0,0.0,31.0
2022-08-20,medium_drink_cup,3176.0,3016.0,0.0,160.0
2022-08-20,large_drink_cup,5710.0,5678.0,0.0,32.0
2022-08-20,lemonade_diet,1009.9999999999982,991.9999999999982,0.0,18.0
2022-08-20,ice_tea_unsweet,2916.9999999999886,2906.1999999999884,0.0,10.8
2022-08-20,ice_tea_sweet,1677.0000000000018,1625.0000000000018,0.0,51.99999999999999
2022-08-20,soft_drink,7256.800000000012,7115.100000000012,0.0,141.7
2022-08-20,dasani_water_bottle,439.0,434.0,0.0,5.0
2022-08-20,orange_juice_bottle,269.0,269.0,0.0,0.0
2022-08-20,apple_juice,331.0,318.0,0.0,13.0
2022-08-20,ice_coffee,734.5,716.5,0.0,18.0
2022-08-20,coffee,767.0,745.25,0.0,21.75
2022-08-20,Coffee_box,299.0,298.0,0.0,1.0
2022-08-20,milk_chocolate,790.0,787.0,0.0,3.0
2022-08-20,milk,246.0,208.0,0.0,38.0
2022-08-20,icecream,172.0,449.0,350.0,73.0
2022-08-20,vanilla_flavor,592.0,579.0,0.0,13.0
2022-08-20,cream_flavor,736.0,729.0,0.0,7.0
2022-08-20,chunk_cookie,499.0,468.5,0.0,30.5
2022-08-20,chocolate_flavor,274.0,273.0,0.0,1.0
2022-08-20,strawberry_flavor,184.0,175.0,0.0,9.0
2022-08-20,frosted_extract,236.0,232.0,0.0,4.0
2022-08-20,icecream_cone,196.0,193.0,0.0,3.0
2022-08-20,icecream_come,254.0,244.0,0.0,10.0
2022-08-20,icecream_topping,220.0,217.0,0.0,3.0
2022-08-20,to_go_bag,17252.0,17138.0,0.0,114.0
2022-08-20,napkins,23260.0,22690.0,0.0,570.0
2022-08-20,ketchup,8046.0,8042.0,0.0,4.0
2022-08-20,ranch,8048.0,8040.0,0.0,8.0
2022-08-20,buffalo_sauce,8256.0,8250.0,0.0,6.0
2022-08-20,bbq_sauce,8396.0,8385.0,0.0,11.0
2022-08-20,polyneasian,8196.0,8192.0,0.0,4.0
2022-08-20,chickfala,8016.0,8010.0,0.0,6.0
2022-08-20,silverware,1216.0,1201.0,0.0,15.0
2022-08-22,fried_batter,156.60000000000025,553.6000000000003,525.0,128.0
2022-08-22,bun,187.0,659.0,525.0,53.0
2022-08-22,chicken_patty,659.0,571.5,0.0,87.5
2022-08-22,pickle_chips,1786.0,1627.0,0.0,159.0
2022-08-22,lettuce,214.0,146.0,0.0,68.0
2022-08-22,tomato,214.0,146.0,0.0,68.0
2022-08-22,cheese,295.5,240.5,0.0,55.0
2022-08-22,spice,394.0,342.0,0.0,52.0
2022-08-22,chicken_nuggets,5958.0,5587.0,0.0,371.0
2022-08-22,chicken_strips,9688.0,9608.0,0.0,80.0
2022-08-22,flat_bread,519.5,511.5,0.0,8.0
2022-08-22,mixed_greens,928.0,869.0,0.0,59.0
2022-08-22,shredded_monterey_jack,496.0,477.0,0.0,19.0
2022-08-22,waffle_fries,7327.960000000017,7180.2600000000175,0.0,147.70000000000002
2022-08-22,roasted_corn_kernels,256.0,249.0,0.0,7.0
2022-08-22,crumbled_bacon,256.0,249.0,0.0,7.0
2022-08-22,avacado_lime_dressing,1306.0,1299.0,0.0,7.0
2022-08-22,red_bell_pepers,431.0,424.0,0.0,7.0
2022-08-22,grape tomatoes,405.0,370.0,0.0,35.0
2022-08-22,hard_boiled_egg,168.5,161.5,0.0,7.0
2022-08-22,blue_cheese,456.0,408.0,0.0,48.0
2022-08-22,apples,456.0,408.0,0.0,48.0
2022-08-22,strawberries,456.0,408.0,0.0,48.0
2022-08-22,blueberries,456.0,408.0,0.0,48.0
2022-08-22,harvest_nut_granola,456.0,408.0,0.0,48.0
2022-08-22,zesty_apple_vinagrette,456.0,408.0,0.0,48.0
2022-08-22,chicken_tenders,2232.0,2224.0,0.0,8.0
2022-08-22,biscuit,261.0,222.0,0.0,39.0
2022-08-22,chicken_mini_bread,1170.0,1146.0,0.0,24.0
2022-08-22,butter,993.5,990.75,0.0,2.75
2022-08-22,bacon,1189.0,1183.0,0.0,6.0
2022-08-22,tortilla,158.0,154.0,0.0,4.0
2022-08-22,eggs,84.0,409.0,350.0,25.0
2022-08-22,sausage,341.0,334.0,0.0,7.0
2022-08-22,bagel,139.0,122.0,0.0,17.0
2022-08-22,oatmeal,49.0,193.0,175.0,31.0
2022-08-22,fruit,557.0,514.0,0.0,43.0
2022-08-22,cream_cheese,291.0,282.0,0.0,9.0
2022-08-22,hash_brown,1098.0,1098.0,0.0,0.0
2022-08-22,yogurt_parfait,221.0,211.0,0.0,10.0
2022-08-22,cinamon_cluster,147.0,136.0,0.0,11.0
2022-08-22,lemonade,6428.800000000002,6372.500000000002,0.0,56.30000000000001
2022-08-22,straw,21588.0,21352.0,0.0,236.0
2022-08-22,small_drink_cup,6086.0,6057.0,0.0,29.0
2022-08-22,medium_drink_cup,2856.0,2695.0,0.0,161.0
2022-08-22,large_drink_cup,5646.0,5600.0,0.0,46.0
2022-08-22,lemonade_diet,973.9999999999982,954.6999999999982,0.0,19.299999999999997
2022-08-22,ice_tea_unsweet,2895.3999999999883,2855.2999999999884,0.0,40.1
2022-08-22,ice_tea_sweet,1573.0000000000018,1507.0000000000018,0.0,66.0
2022-08-22,soft_drink,6973.400000000012,6836.800000000012,0.0,136.6
2022-08-22,dasani_water_bottle,429.0,421.0,0.0,8.0
2022-08-22,orange_juice_bottle,269.0,268.0,0.0,1.0
2022-08-22,apple_juice,305.0,300.0,0.0,5.0
2022-08-22,ice_coffee,698.5,669.75,0.0,28.75
2022-08-22,coffee,723.5,685.75,0.0,37.75
2022-08-22,Coffee_box,297.0,289.0,0.0,8.0
2022-08-22,milk_chocolate,784.0,782.0,0.0,2.0
2022-08-22,milk,170.0,125.0,0.0,45.0
2022-08-22,icecream,726.0,639.0,0.0,87.0
2022-08-22,vanilla_flavor,566.0,561.0,0.0,5.0
2022-08-22,cream_flavor,722.0,717.0,0.0,5.0
2022-08-22,chunk_cookie,438.0,406.5,0.0,31.5
2022-08-22,chocolate_flavor,272.0,252.0,0.0,20.0
2022-08-22,strawberry_flavor,166.0,159.0,0.0,7.0
2022-08-22,frosted_extract,228.0,219.0,0.0,9.0
2022-08-22,icecream_cone,190.0,177.0,0.0,13.0
2022-08-22,icecream_come,234.0,234.0,0.0,0.0
2022-08-22,icecream_topping,214.0,211.0,0.0,3.0
2022-08-22,to_go_bag,17024.0,16897.0,0.0,127.0
2022-08-22,napkins,22120.0,21485.0,0.0,635.0
2022-08-22,ketchup,8038.0,8023.0,0.0,15.0
2022-08-22,ranch,8032.0,8023.0,0.0,9.0
2022-08-22,buffalo_sauce,8244.0,8236.0,0.0,8.0
2022-08-22,bbq_sauce,8374.0,8368.0,0.0,6.0
2022-08-22,polyneasian,8188.0,8184.0,0.0,4.0
2022-08-22,chickfala,8004.0,7998.0,0.0,6.0
2022-08-22,silverware,1186.0,1173.0,0.0,13.0
2022-08-23,fried_batter,950.6000000000004,799.6000000000004,0.0,151.0
2022-08-23,bun,1131.0,1082.0,0.0,49.0
2022-08-23,chicken_patty,484.0,410.5,0.0,73.5
2022-08-23,pickle_chips,1468.0,1321.0,0.0,147.0
2022-08-23,lettuce,78.0,382.0,350.0,46.0
2022-08-23,tomato,78.0,382.0,350.0,46.0
2022-08-23,cheese,185.5,139.5,0.0,46.0
2022-08-23,spice,290.0,1320.0,1050.0,20.0
2022-08-23,chicken_nuggets,5216.0,4565.0,0.0,651.0
2022-08-23,chicken_strips,9528.0,9479.0,0.0,49.0
2022-08-23,flat_bread,503.5,503.5,0.0,0.0
2022-08-23,mixed_greens,810.0,749.0,0.0,61.0
2022-08-23,shredded_monterey_jack,458.0,440.0,0.0,18.0
2022-08-23,waffle_fries,7032.560000000018,6879.160000000018,0.0,153.4
2022-08-23,roasted_corn_kernels,242.0,235.0,0.0,7.0
2022-08-23,crumbled_bacon,242.0,235.0,0.0,7.0
2022-08-23,avacado_lime_dressing,1292.0,1285.0,0.0,7.0
2022-08-23,red_bell_pepers,417.0,410.0,0.0,7.0
2022-08-23,grape tomatoes,335.0,300.0,0.0,35.0
2022-08-23,hard_boiled_egg,154.5,147.5,0.0,7.0
2022-08-23,blue_cheese,360.0,306.0,0.0,54.0
2022-08-23,apples,360.0,306.0,0.0,54.0
2022-08-23,strawberries,360.0,306.0,0.0,54.0
2022-08-23,blueberries,360.0,306.0,0.0,54.0
2022-08-23,harvest_nut_granola,360.0,306.0,0.0,54.0
2022-08-23,zesty_apple_vinagrette,360.0,306.0,0.0,54.0
2022-08-23,chicken_tenders,2216.0,2206.0,0.0,10.0
2022-08-23,biscuit,183.0,670.0,525.0,38.0
2022-08-23,chicken_mini_bread,1122.0,1062.0,0.0,60.0
2022-08-23,butter,988.0,986.5,0.0,1.5
2022-08-23,bacon,1177.0,1169.0,0.0,8.0
2022-08-23,tortilla,150.0,139.0,0.0,11.0
2022-08-23,eggs,734.0,700.0,0.0,34.0
2022-08-23,sausage,327.0,314.0,0.0,13.0
2022-08-23,bagel,105.0,89.0,0.0,16.0
2022-08-23,oatmeal,337.0,328.0,0.0,9.0
2022-08-23,fruit,471.0,454.5,0.0,16.5
2022-08-23,cream_cheese,273.0,268.0,0.0,5.0
2022-08-23,hash_brown,1098.0,1084.0,0.0,14.0
2022-08-23,yogurt_parfait,201.0,184.0,0.0,17.0
2022-08-23,cinamon_cluster,125.0,124.0,0.0,1.0
2022-08-23,lemonade,6316.200000000002,6276.700000000002,0.0,39.5
2022-08-23,straw,21116.0,20874.0,0.0,242.0
2022-08-23,small_drink_cup,6028.0,5988.0,0.0,40.0
2022-08-23,medium_drink_cup,2534.0,2368.0,0.0,166.0
2022-08-23,large_drink_cup,5554.0,5518.0,0.0,36.0
2022-08-23,lemonade_diet,935.3999999999983,909.3999999999983,0.0,26.0
2022-08-23,ice_tea_unsweet,2815.1999999999884,2787.5999999999885,0.0,27.6
2022-08-23,ice_tea_sweet,1441.0000000000018,1389.5000000000018,0.0,51.49999999999999
2022-08-23,soft_drink,6700.200000000012,6545.4000000000115,0.0,154.79999999999998
2022-08-23,dasani_water_bottle,413.0,403.0,0.0,10.0
2022-08-23,orange_juice_bottle,267.0,259.0,0.0,8.0
2022-08-23,apple_juice,295.0,285.0,0.0,10.0
2022-08-23,ice_coffee,641.0,624.25,0.0,16.75
2022-08-23,coffee,648.0,633.25,0.0,14.75
2022-08-23,Coffee_box,281.0,278.0,0.0,3.0
2022-08-23,milk_chocolate,780.0,774.0,0.0,6.0
2022-08-23,milk,80.0,402.0,350.0,28.0
2022-08-23,icecream,552.0,493.0,0.0,59.0
2022-08-23,vanilla_flavor,556.0,546.0,0.0,10.0
2022-08-23,cream_flavor,712.0,712.0,0.0,0.0
2022-08-23,chunk_cookie,375.0,333.0,0.0,42.0
2022-08-23,chocolate_flavor,232.0,221.0,0.0,11.0
2022-08-23,strawberry_flavor,152.0,151.0,0.0,1.0
2022-08-23,frosted_extract,210.0,207.0,0.0,3.0
2022-08-23,icecream_cone,164.0,156.0,0.0,8.0
2022-08-23,icecream_come,234.0,227.0,0.0,7.0
2022-08-23,icecream_topping,208.0,207.0,0.0,1.0
2022-08-23,to_go_bag,16770.0,16656.0,0.0,114.0
2022-08-23,napkins,20850.0,20280.0,0.0,570.0
2022-08-23,ketchup,8008.0,8002.0,0.0,6.0
2022-08-23,ranch,8014.0,8007.0,0.0,7.0
2022-08-23,buffalo_sauce,8228.0,8219.0,0.0,9.0
2022-08-23,bbq_sauce,8362.0,8354.0,0.0,8.0
2022-08-23,polyneasian,8180.0,8171.0,0.0,9.0
2022-08-23,chickfala,7992.0,7986.0,0.0,6.0
2022-08-23,silverware,1160.0,1151.0,0.0,9.0
2022-08-24,fried_batter,648.6000000000004,539.8000000000004,0.0,108.80000000000001
2022-08-24,bun,1033.0,985.0,0.0,48.0
2022-08-24,chicken_patty,337.0,257.5,0.0,79.5
2022-08-24,pickle_chips,1174.0,1030.0,0.0,144.0
2022-08-24,lettuce,686.0,640.0,0.0,46.0
2022-08-24,tomato,686.0,640.0,0.0,46.0
2022-08-24,cheese,93.5,320.0,262.5,36.0
2022-08-24,spice,2350.0,2321.0,0.0,29.0
2022-08-24,chicken_nuggets,3914.0,3654.0,0.0,260.0
2022-08-24,chicken_strips,9430.0,9390.0,0.0,40.0
2022-08-24,flat_bread,503.5,491.5,0.0,12.0
2022-08-24,mixed_greens,688.0,622.0,0.0,66.0
2022-08-24,shredded_monterey_jack,422.0,400.0,0.0,22.0
2022-08-24,waffle_fries,6725.760000000018,6553.880000000018,0.0,171.88000000000002
2022-08-24,roasted_corn_kernels,228.0,227.0,0.0,1.0
2022-08-24,crumbled_bacon,228.0,227.0,0.0,1.0
2022-08-24,avacado_lime_dressing,1278.0,1277.0,0.0,1.0
2022-08-24,red_bell_pepers,403.0,402.0,0.0,1.0
2022-08-24,grape tomatoes,265.0,260.0,0.0,5.0
2022-08-24,hard_boiled_egg,140.5,139.5,0.0,1.0
2022-08-24,blue_cheese,252.0,193.0,0.0,59.0
2022-08-24,apples,252.0,193.0,0.0,59.0
2022-08-24,strawberries,252.0,193.0,0.0,59.0
2022-08-24,blueberries,252.0,193.0,0.0,59.0
2022-08-24,harvest_nut_granola,252.0,193.0,0.0,59.0
2022-08-24,zesty_apple_vinagrette,252.0,193.0,0.0,59.0
2022-08-24,chicken_tenders,2196.0,2166.0,0.0,30.0
2022-08-24,biscuit,1157.0,1123.0,0.0,34.0
2022-08-24,chicken_mini_bread,1002.0,981.0,0.0,21.0
2022-08-24,butter,985.0,981.5,0.0,3.5
2022-08-24,bacon,1161.0,1156.0,0.0,5.0
2022-08-24,tortilla,128.0,119.0,0.0,9.0
2022-08-24,eggs,666.0,644.0,0.0,22.0
2022-08-24,sausage,301.0,297.0,0.0,4.0
2022-08-24,bagel,73.0,221.0,175.0,27.0
2022-08-24,oatmeal,319.0,303.0,0.0,16.0
2022-08-24,fruit,438.0,410.5,0.0,27.5
2022-08-24,cream_cheese,263.0,250.0,0.0,13.0
2022-08-24,hash_brown,1070.0,1061.0,0.0,9.0
2022-08-24,yogurt_parfait,167.0,166.0,0.0,1.0
2022-08-24,cinamon_cluster,123.0,107.0,0.0,16.0
2022-08-24,lemonade,6237.200000000002,6192.300000000002,0.0,44.900000000000006
2022-08-24,straw,20632.0,20374.0,0.0,258.0
2022-08-24,small_drink_cup,5948.0,5914.0,0.0,34.0
2022-08-24,medium_drink_cup,2202.0,2017.0,0.0,185.0
2022-08-24,large_drink_cup,5482.0,5443.0,0.0,39.0
2022-08-24,lemonade_diet,883.3999999999983,856.3999999999983,0.0,27.000000000000004
2022-08-24,ice_tea_unsweet,2759.9999999999886,2731.6999999999884,0.0,28.3
2022-08-24,ice_tea_sweet,1338.0000000000018,1307.8000000000018,0.0,30.199999999999996
2022-08-24,soft_drink,6390.600000000011,6217.600000000011,0.0,173.0
2022-08-24,dasani_water_bottle,393.0,378.0,0.0,15.0
2022-08-24,orange_juice_bottle,251.0,248.0,0.0,3.0
2022-08-24,apple_juice,275.0,268.0,0.0,7.0
2022-08-24,ice_coffee,607.5,585.0,0.0,22.5
2022-08-24,coffee,618.5,592.75,0.0,25.75
2022-08-24,Coffee_box,275.0,268.0,0.0,7.0
2022-08-24,milk_chocolate,768.0,766.0,0.0,2.0
2022-08-24,milk,724.0,680.0,0.0,44.0
2022-08-24,icecream,434.0,335.0,0.0,99.0
2022-08-24,vanilla_flavor,536.0,528.0,0.0,8.0
2022-08-24,cream_flavor,712.0,693.0,0.0,19.0
2022-08-24,chunk_cookie,291.0,236.5,0.0,54.5
2022-08-24,chocolate_flavor,210.0,202.0,0.0,8.0
2022-08-24,strawberry_flavor,150.0,141.0,0.0,9.0
2022-08-24,frosted_extract,204.0,191.0,0.0,13.0
2022-08-24,icecream_cone,148.0,146.0,0.0,2.0
2022-08-24,icecream_come,220.0,211.0,0.0,9.0
2022-08-24,icecream_topping,206.0,202.0,0.0,4.0
2022-08-24,to_go_bag,16542.0,16423.0,0.0,119.0
2022-08-24,napkins,19710.0,19115.0,0.0,595.0
2022-08-24,ketchup,7996.0,7992.0,0.0,4.0
2022-08-24,ranch,8000.0,7985.0,0.0,15.0
2022-08-24,buffalo_sauce,8210.0,8199.0,0.0,11.0
2022-08-24,bbq_sauce,8346.0,8338.0,0.0,8.0
2022-08-24,polyneasian,8162.0,8148.0,0.0,14.0
2022-08-24,chickfala,7980.0,7967.0,0.0,13.0
2022-08-24,silverware,1142.0,1140.0,0.0,2.0
2022-08-25,fried_batter,431.0000000000004,278.2000000000004,0.0,152.79999999999998
2022-08-25,bun,937.0,889.0,0.0,48.0
2022-08-25,chicken_patty,178.0,792.5,700.0,85.5
2022-08-25,pickle_chips,886.0,742.0,0.0,144.0
2022-08-25,lettuce,594.0,564.0,0.0,30.0
2022-08-25,tomato,594.0,564.0,0.0,30.0
2022-08-25,cheese,546.5,508.5,0.0,38.0
2022-08-25,spice,2292.0,2254.0,0.0,38.0
2022-08-25,chicken_nuggets,3394.0,2945.5,0.0,448.5
2022-08-25,chicken_strips,9350.0,9319.0,0.0,31.0
2022-08-25,flat_bread,479.5,462.5,0.0,17.0
2022-08-25,mixed_greens,556.0,490.5,0.0,65.5
2022-08-25,shredded_monterey_jack,378.0,346.0,0.0,32.0
2022-08-25,waffle_fries,6382.000000000018,6253.860000000018,0.0,128.14
2022-08-25,roasted_corn_kernels,226.0,221.0,0.0,5.0
2022-08-25,crumbled_bacon,226.0,221.0,0.0,5.0
2022-08-25,avacado_lime_dressing,1276.0,1271.0,0.0,5.0
2022-08-25,red_bell_pepers,401.0,396.0,0.0,5.0
2022-08-25,grape tomatoes,255.0,1105.0,875.0,25.0
2022-08-25,hard_boiled_egg,138.5,133.5,0.0,5.0
2022-08-25,blue_cheese,134.0,432.0,350.0,52.0
2022-08-25,apples,134.0,432.0,350.0,52.0
2022-08-25,strawberries,134.0,432.0,350.0,52.0
2022-08-25,blueberries,134.0,432.0,350.0,52.0
2022-08-25,harvest_nut_granola,134.0,432.0,350.0,52.0
2022-08-25,zesty_apple_vinagrette,134.0,432.0,350.0,52.0
2022-08-25,chicken_tenders,2136.0,2116.0,0.0,20.0
2022-08-25,biscuit,1089.0,1057.0,0.0,32.0
2022-08-25,chicken_mini_bread,960.0,918.0,0.0,42.0
2022-08-25,butter,978.0,976.25,0.0,1.75
2022-08-25,bacon,1151.0,1147.0,0.0,4.0
2022-08-25,tortilla,110.0,100.0,0.0,10.0
2022-08-25,eggs,622.0,589.0,0.0,33.0
2022-08-25,sausage,293.0,289.0,0.0,4.0
2022-08-25,bagel,369.0,337.0,0.0,32.0
2022-08-25,oatmeal,287.0,280.0,0.0,7.0
2022-08-25,fruit,383.0,357.0,0.0,26.0
2022-08-25,cream_cheese,237.0,224.0,0.0,13.0
2022-08-25,hash_brown,1052.0,1048.0,0.0,4.0
2022-08-25,yogurt_parfait,165.0,156.0,0.0,9.0
2022-08-25,cinamon_cluster,91.0,84.0,0.0,7.0
2022-08-25,lemonade,6147.400000000002,6091.900000000002,0.0,55.500000000000014
2022-08-25,straw,20116.0,19877.0,0.0,239.0
2022-08-25,small_drink_cup,5880.0,5853.0,0.0,27.0
2022-08-25,medium_drink_cup,1832.0,1671.0,0.0,161.0
2022-08-25,large_drink_cup,5404.0,5353.0,0.0,51.0
2022-08-25,lemonade_diet,829.3999999999983,793.8999999999983,0.0,35.5
2022-08-25,ice_tea_unsweet,2703.3999999999883,2684.599999999988,0.0,18.8
2022-08-25,ice_tea_sweet,1277.6000000000017,1192.7000000000016,0.0,84.9
2022-08-25,soft_drink,6044.600000000011,5911.800000000011,0.0,132.8
2022-08-25,dasani_water_bottle,363.0,361.0,0.0,2.0
2022-08-25,orange_juice_bottle,245.0,237.0,0.0,8.0
2022-08-25,apple_juice,261.0,261.0,0.0,0.0
2022-08-25,ice_coffee,562.5,549.75,0.0,12.75
2022-08-25,coffee,567.0,550.0,0.0,17.0
2022-08-25,Coffee_box,261.0,252.0,0.0,9.0
2022-08-25,milk_chocolate,764.0,755.0,0.0,9.0
2022-08-25,milk,636.0,599.0,0.0,37.0
2022-08-25,icecream,236.0,175.0,0.0,61.0
2022-08-25,vanilla_flavor,520.0,516.0,0.0,4.0
2022-08-25,cream_flavor,674.0,671.0,0.0,3.0
2022-08-25,chunk_cookie,182.0,442.5,350.0,89.5
2022-08-25,chocolate_flavor,194.0,178.0,0.0,16.0
2022-08-25,strawberry_flavor,132.0,127.0,0.0,5.0
2022-08-25,frosted_extract,178.0,176.0,0.0,2.0
2022-08-25,icecream_cone,144.0,139.0,0.0,5.0
2022-08-25,icecream_come,202.0,202.0,0.0,0.0
2022-08-25,icecream_topping,198.0,186.0,0.0,12.0
2022-08-25,to_go_bag,16304.0,16198.0,0.0,106.0
2022-08-25,napkins,18520.0,17990.0,0.0,530.0
2022-08-25,ketchup,7988.0,7975.0,0.0,13.0
2022-08-25,ranch,7970.0,7965.0,0.0,5.0
2022-08-25,buffalo_sauce,8188.0,8183.0,0.0,5.0
2022-08-25,bbq_sauce,8330.0,8321.0,0.0,9.0
2022-08-25,polyneasian,8134.0,8132.0,0.0,2.0
2022-08-25,chickfala,7954.0,7945.0,0.0,9.0
2022-08-25,silverware,1138.0,1134.0,0.0,4.0
2022-08-26,fried_batter,125.4000000000004,517.2000000000005,525.0,133.2
2022-08-26,bun,841.0,796.0,0.0,45.0
2022-08-26,chicken_patty,1407.0,1328.0,0.0,79.0
2022-08-26,pickle_chips,598.0,2213.0,1750.0,135.0
2022-08-26,lettuce,534.0,488.0,0.0,46.0
2022-08-26,tomato,534.0,488.0,0.0,46.0
2022-08-26,cheese,470.5,416.5,0.0,54.0
2022-08-26,spice,2216.0,2190.0,0.0,26.0
2022-08-26,chicken_nuggets,2497.0,2039.0,0.0,458.0
2022-08-26,chicken_strips,9288.0,9247.0,0.0,41.0
2022-08-26,flat_bread,445.5,445.5,0.0,0.0
2022-08-26,mixed_greens,425.0,378.0,0.0,47.0
2022-08-26,shredded_monterey_jack,314.0,304.0,0.0,10.0
2022-08-26,waffle_fries,6125.7200000000175,5960.880000000017,0.0,164.84
2022-08-26,roasted_corn_kernels,216.0,212.0,0.0,4.0
2022-08-26,crumbled_bacon,216.0,212.0,0.0,4.0
2022-08-26,avacado_lime_dressing,1266.0,1262.0,0.0,4.0
2022-08-26,red_bell_pepers,391.0,387.0,0.0,4.0
2022-08-26,grape tomatoes,1955.0,1935.0,0.0,20.0
2022-08-26,hard_boiled_egg,128.5,124.5,0.0,4.0
2022-08-26,blue_cheese,730.0,687.0,0.0,43.0
2022-08-26,apples,730.0,687.0,0.0,43.0
2022-08-26,strawberries,730.0,687.0,0.0,43.0
2022-08-26,blueberries,730.0,687.0,0.0,43.0
2022-08-26,harvest_nut_granola,730.0,687.0,0.0,43.0
2022-08-26,zesty_apple_vinagrette,730.0,687.0,0.0,43.0
2022-08-26,chicken_tenders,2096.0,2086.0,0.0,10.0
2022-08-26,biscuit,1025.0,973.0,0.0,52.0
2022-08-26,chicken_mini_bread,876.0,837.0,0.0,39.0
2022-08-26,butter,974.5,972.25,0.0,2.25
2022-08-26,bacon,1143.0,1124.0,0.0,19.0
2022-08-26,tortilla,90.0,434.0,350.0,6.0
2022-08-26,eggs,556.0,519.0,0.0,37.0
2022-08-26,sausage,285.0,283.0,0.0,2.0
2022-08-26,bagel,305.0,265.0,0.0,40.0
2022-08-26,oatmeal,273.0,249.0,0.0,24.0
2022-08-26,fruit,331.0,308.5,0.0,22.5
2022-08-26,cream_cheese,211.0,201.0,0.0,10.0
2022-08-26,hash_brown,1044.0,1038.0,0.0,6.0
2022-08-26,yogurt_parfait,147.0,142.0,0.0,5.0
2022-08-26,cinamon_cluster,77.0,67.0,0.0,10.0
2022-08-26,lemonade,6036.400000000002,5988.100000000002,0.0,48.300000000000004
2022-08-26,straw,19638.0,19372.0,0.0,266.0
2022-08-26,small_drink_cup,5826.0,5794.0,0.0,32.0
2022-08-26,medium_drink_cup,1510.0,1323.0,0.0,187.0
2022-08-26,large_drink_cup,5302.0,5255.0,0.0,47.0
2022-08-26,lemonade_diet,758.3999999999983,719.3999999999983,0.0,39.0
2022-08-26,ice_tea_unsweet,2665.799999999988,2637.399999999988,0.0,28.4
2022-08-26,ice_tea_sweet,1107.8000000000015,1028.2000000000016,0.0,79.60000000000001
2022-08-26,soft_drink,5779.000000000011,5608.300000000011,0.0,170.7
2022-08-26,dasani_water_bottle,359.0,356.0,0.0,3.0
2022-08-26,orange_juice_bottle,229.0,217.0,0.0,12.0
2022-08-26,apple_juice,261.0,251.0,0.0,10.0
2022-08-26,ice_coffee,537.0,505.75,0.0,31.25
2022-08-26,coffee,533.0,510.0,0.0,23.0
2022-08-26,Coffee_box,243.0,242.0,0.0,1.0
2022-08-26,milk_chocolate,746.0,729.0,0.0,17.0
2022-08-26,milk,562.0,521.0,0.0,41.0
2022-08-26,icecream,114.0,389.0,350.0,75.0
2022-08-26,vanilla_flavor,512.0,508.0,0.0,4.0
2022-08-26,cream_flavor,668.0,662.0,0.0,6.0
2022-08-26,chunk_cookie,703.0,607.0,0.0,96.0
2022-08-26,chocolate_flavor,162.0,155.0,0.0,7.0
2022-08-26,strawberry_flavor,122.0,116.0,0.0,6.0
2022-08-26,frosted_extract,174.0,163.0,0.0,11.0
2022-08-26,icecream_cone,134.0,128.0,0.0,6.0
2022-08-26,icecream_come,202.0,179.0,0.0,23.0
2022-08-26,icecream_topping,174.0,163.0,0.0,11.0
2022-08-26,to_go_bag,16092.0,15966.0,0.0,126.0
2022-08-26,napkins,17460.0,16830.0,0.0,630.0
2022-08-26,ketchup,7962.0,7952.0,0.0,10.0
2022-08-26,ranch,7960.0,7956.0,0.0,4.0
2022-08-26,buffalo_sauce,8178.0,8177.0,0.0,1.0
2022-08-26,bbq_sauce,8312.0,8301.0,0.0,11.0
2022-08-26,polyneasian,8130.0,8120.0,0.0,10.0
2022-08-26,chickfala,7936.0,7916.0,0.0,20.0
2022-08-26,silverware,1130.0,1126.0,0.0,4.0
2022-08-27,fried_batter,909.0000000000005,778.2000000000005,0.0,130.8
2022-08-27,bun,751.0,704.0,0.0,47.0
2022-08-27,chicken_patty,1249.0,1173.0,0.0,76.0
2022-08-27,pickle_chips,3828.0,3687.0,0.0,141.0
2022-08-27,lettuce,442.0,408.0,0.0,34.0
2022-08-27,tomato,442.0,408.0,0.0,34.0
2022-08-27,cheese,362.5,327.5,0.0,35.0
2022-08-27,spice,2164.0,2132.0,0.0,32.0
2022-08-27,chicken_nuggets,1581.0,8184.5,7000.0,396.5
2022-08-27,chicken_strips,9206.0,9150.0,0.0,56.0
2022-08-27,flat_bread,445.5,444.5,0.0,1.0
2022-08-27,mixed_greens,331.0,287.5,0.0,43.5
2022-08-27,shredded_monterey_jack,294.0,1333.0,1050.0,11.0
2022-08-27,waffle_fries,5796.040000000017,5626.960000000017,0.0,169.08
2022-08-27,roasted_corn_kernels,208.0,206.0,0.0,2.0
2022-08-27,crumbled_bacon,208.0,206.0,0.0,2.0
2022-08-27,avacado_lime_dressing,1258.0,1256.0,0.0,2.0
2022-08-27,red_bell_pepers,383.0,381.0,0.0,2.0
2022-08-27,grape tomatoes,1915.0,1905.0,0.0,10.0
2022-08-27,hard_boiled_egg,120.5,118.5,0.0,2.0
2022-08-27,blue_cheese,644.0,603.0,0.0,41.0
2022-08-27,apples,644.0,603.0,0.0,41.0
2022-08-27,strawberries,644.0,603.0,0.0,41.0
2022-08-27,blueberries,644.0,603.0,0.0,41.0
2022-08-27,harvest_nut_granola,644.0,603.0,0.0,41.0
2022-08-27,zesty_apple_vinagrette,644.0,603.0,0.0,41.0
2022-08-27,chicken_tenders,2076.0,2072.0,0.0,4.0
2022-08-27,biscuit,921.0,880.0,0.0,41.0
2022-08-27,chicken_mini_bread,798.0,780.0,0.0,18.0
2022-08-27,butter,970.0,969.0,0.0,1.0
2022-08-27,bacon,1105.0,1102.0,0.0,3.0
2022-08-27,tortilla,778.0,770.0,0.0,8.0
2022-08-27,eggs,482.0,456.0,0.0,26.0
2022-08-27,sausage,281.0,267.0,0.0,14.0
2022-08-27,bagel,225.0,201.0,0.0,24.0
2022-08-27,oatmeal,225.0,220.0,0.0,5.0
2022-08-27,fruit,286.0,266.5,0.0,19.5
2022-08-27,cream_cheese,191.0,183.0,0.0,8.0
2022-08-27,hash_brown,1032.0,1020.0,0.0,12.0
2022-08-27,yogurt_parfait,137.0,121.0,0.0,16.0
2022-08-27,cinamon_cluster,57.0,51.0,0.0,6.0
2022-08-27,lemonade,5939.800000000002,5906.000000000002,0.0,33.800000000000004
2022-08-27,straw,19106.0,18853.0,0.0,253.0
2022-08-27,small_drink_cup,5762.0,5728.0,0.0,34.0
2022-08-27,medium_drink_cup,1136.0,4446.0,3500.0,190.0
2022-08-27,large_drink_cup,5208.0,5179.0,0.0,29.0
2022-08-27,lemonade_diet,680.3999999999983,629.8999999999983,0.0,50.5
2022-08-27,ice_tea_unsweet,2608.9999999999877,2586.5999999999876,0.0,22.400000000000002
2022-08-27,ice_tea_sweet,948.6000000000016,4411.9000000000015,3500.0,36.7
2022-08-27,soft_drink,5437.600000000011,5283.800000000011,0.0,153.8
2022-08-27,dasani_water_bottle,353.0,343.0,0.0,10.0
2022-08-27,orange_juice_bottle,205.0,196.0,0.0,9.0
2022-08-27,apple_juice,241.0,234.0,0.0,7.0
2022-08-27,ice_coffee,474.5,462.5,0.0,12.0
2022-08-27,coffee,487.0,461.25,0.0,25.75
2022-08-27,Coffee_box,241.0,225.0,0.0,16.0
2022-08-27,milk_chocolate,712.0,697.0,0.0,15.0
2022-08-27,milk,480.0,403.0,0.0,77.0
2022-08-27,icecream,664.0,507.0,0.0,157.0
2022-08-27,vanilla_flavor,504.0,482.0,0.0,22.0
2022-08-27,cream_flavor,656.0,648.0,0.0,8.0
2022-08-27,chunk_cookie,511.0,409.0,0.0,102.0
2022-08-27,chocolate_flavor,148.0,128.0,0.0,20.0
2022-08-27,strawberry_flavor,110.0,446.0,350.0,14.0
2022-08-27,frosted_extract,152.0,147.0,0.0,5.0
2022-08-27,icecream_cone,122.0,113.0,0.0,9.0
2022-08-27,icecream_come,156.0,136.0,0.0,20.0
2022-08-27,icecream_topping,152.0,141.0,0.0,11.0
2022-08-27,to_go_bag,15840.0,15715.0,0.0,125.0
2022-08-27,napkins,16200.0,15575.0,0.0,625.0
2022-08-27,ketchup,7942.0,7942.0,0.0,0.0
2022-08-27,ranch,7952.0,7946.0,0.0,6.0
2022-08-27,buffalo_sauce,8176.0,8175.0,0.0,1.0
2022-08-27,bbq_sauce,8290.0,8282.0,0.0,8.0
2022-08-27,polyneasian,8110.0,8102.0,0.0,8.0
2022-08-27,chickfala,7896.0,7892.0,0.0,4.0
2022-08-27,silverware,1122.0,1116.0,0.0,6.0
2022-08-29,fried_batter,647.4000000000005,534.8000000000005,0.0,112.6
2022-08-29,bun,657.0,627.0,0.0,30.0
2022-08-29,chicken_patty,1097.0,1021.0,0.0,76.0
2022-08-29,pickle_chips,3546.0,3456.0,0.0,90.0
2022-08-29,lettuce,374.0,350.0,0.0,24.0
2022-08-29,tomato,374.0,350.0,0.0,24.0
2022-08-29,cheese,292.5,240.5,0.0,52.0
2022-08-29,spice,2100.0,2079.0,0.0,21.0
2022-08-29,chicken_nuggets,14788.0,14397.0,0.0,391.0
2022-08-29,chicken_strips,9094.0,9052.0,0.0,42.0
2022-08-29,flat_bread,443.5,441.5,0.0,2.0
2022-08-29,mixed_greens,244.0,896.0,700.0,48.0
2022-08-29,shredded_monterey_jack,2372.0,2360.0,0.0,12.0
2022-08-29,waffle_fries,5457.880000000017,5320.360000000017,0.0,137.52000000000004
2022-08-29,roasted_corn_kernels,204.0,201.0,0.0,3.0
2022-08-29,crumbled_bacon,204.0,201.0,0.0,3.0
2022-08-29,avacado_lime_dressing,1254.0,1251.0,0.0,3.0
2022-08-29,red_bell_pepers,379.0,376.0,0.0,3.0
2022-08-29,grape tomatoes,1895.0,1880.0,0.0,15.0
2022-08-29,hard_boiled_egg,116.5,113.5,0.0,3.0
2022-08-29,blue_cheese,562.0,518.0,0.0,44.0
2022-08-29,apples,562.0,518.0,0.0,44.0
2022-08-29,strawberries,562.0,518.0,0.0,44.0
2022-08-29,blueberries,562.0,518.0,0.0,44.0
2022-08-29,harvest_nut_granola,562.0,518.0,0.0,44.0
2022-08-29,zesty_apple_vinagrette,562.0,518.0,0.0,44.0
2022-08-29,chicken_tenders,2068.0,2062.0,0.0,6.0
2022-08-29,biscuit,839.0,786.0,0.0,53.0
2022-08-29,chicken_mini_bread,762.0,732.0,0.0,30.0
2022-08-29,butter,968.0,966.5,0.0,1.5
2022-08-29,bacon,1099.0,1086.0,0.0,13.0
2022-08-29,tortilla,762.0,755.0,0.0,7.0
2022-08-29,eggs,430.0,383.0,0.0,47.0
2022-08-29,sausage,253.0,239.0,0.0,14.0
2022-08-29,bagel,177.0,157.0,0.0,20.0
2022-08-29,oatmeal,215.0,209.0,0.0,6.0
2022-08-29,fruit,247.0,237.0,0.0,10.0
2022-08-29,cream_cheese,175.0,169.0,0.0,6.0
2022-08-29,hash_brown,1008.0,1005.0,0.0,3.0
2022-08-29,yogurt_parfait,105.0,96.0,0.0,9.0
2022-08-29,cinamon_cluster,45.0,218.0,175.0,2.0
2022-08-29,lemonade,5872.200000000002,5818.000000000002,0.0,54.2
2022-08-29,straw,18600.0,18360.0,0.0,240.0
2022-08-29,small_drink_cup,5694.0,5647.0,0.0,47.0
2022-08-29,medium_drink_cup,7756.0,7598.0,0.0,158.0
2022-08-29,large_drink_cup,5150.0,5115.0,0.0,35.0
2022-08-29,lemonade_diet,579.3999999999983,554.4999999999983,0.0,24.900000000000002
2022-08-29,ice_tea_unsweet,2564.1999999999875,2539.7999999999874,0.0,24.400000000000002
2022-08-29,ice_tea_sweet,7875.200000000002,7828.9000000000015,0.0,46.3
2022-08-29,soft_drink,5130.000000000011,4988.300000000011,0.0,141.7
2022-08-29,dasani_water_bottle,333.0,328.0,0.0,5.0
2022-08-29,orange_juice_bottle,187.0,183.0,0.0,4.0
2022-08-29,apple_juice,227.0,222.0,0.0,5.0
2022-08-29,ice_coffee,450.5,432.25,0.0,18.25
2022-08-29,coffee,435.5,387.5,0.0,48.0
2022-08-29,Coffee_box,209.0,194.0,0.0,15.0
2022-08-29,milk_chocolate,682.0,674.0,0.0,8.0
2022-08-29,milk,326.0,289.0,0.0,37.0
2022-08-29,icecream,350.0,270.0,0.0,80.0
2022-08-29,vanilla_flavor,460.0,455.0,0.0,5.0
2022-08-29,cream_flavor,640.0,633.0,0.0,7.0
2022-08-29,chunk_cookie,307.0,243.5,0.0,63.5
2022-08-29,chocolate_flavor,108.0,449.0,350.0,9.0
2022-08-29,strawberry_flavor,782.0,771.0,0.0,11.0
2022-08-29,frosted_extract,142.0,139.0,0.0,3.0
2022-08-29,icecream_cone,104.0,446.0,350.0,8.0
2022-08-29,icecream_come,116.0,108.0,0.0,8.0
2022-08-29,icecream_topping,130.0,127.0,0.0,3.0
2022-08-29,to_go_bag,15590.0,15478.0,0.0,112.0
2022-08-29,napkins,14950.0,14390.0,0.0,560.0
2022-08-29,ketchup,7942.0,7936.0,0.0,6.0
2022-08-29,ranch,7940.0,7929.0,0.0,11.0
2022-08-29,buffalo_sauce,8174.0,8171.0,0.0,3.0
2022-08-29,bbq_sauce,8274.0,8263.0,0.0,11.0
2022-08-29,polyneasian,8094.0,8091.0,0.0,3.0
2022-08-29,chickfala,7888.0,7881.0,0.0,7.0
2022-08-29,silverware,1110.0,1109.0,0.0,1.0
2022-08-30,fried_batter,422.2000000000005,291.6000000000005,0.0,130.6
2022-08-30,bun,597.0,551.0,0.0,46.0
2022-08-30,chicken_patty,945.0,860.5,0.0,84.5
2022-08-30,pickle_chips,3366.0,3228.0,0.0,138.0
2022-08-30,lettuce,326.0,278.0,0.0,48.0
2022-08-30,tomato,326.0,278.0,0.0,48.0
2022-08-30,cheese,188.5,136.5,0.0,52.0
2022-08-30,spice,2058.0,2033.0,0.0,25.0
2022-08-30,chicken_nuggets,14006.0,13542.5,0.0,463.5
2022-08-30,chicken_strips,9010.0,8972.0,0.0,38.0
2022-08-30,flat_bread,439.5,438.5,0.0,1.0
2022-08-30,mixed_greens,1548.0,1498.5,0.0,49.5
2022-08-30,shredded_monterey_jack,2348.0,2330.0,0.0,18.0
2022-08-30,waffle_fries,5182.8400000000165,5042.540000000016,0.0,140.29999999999998
2022-08-30,roasted_corn_kernels,198.0,187.0,0.0,11.0
2022-08-30,crumbled_bacon,198.0,187.0,0.0,11.0
2022-08-30,avacado_lime_dressing,1248.0,1237.0,0.0,11.0
2022-08-30,red_bell_pepers,373.0,362.0,0.0,11.0
2022-08-30,grape tomatoes,1865.0,1810.0,0.0,55.0
2022-08-30,hard_boiled_egg,110.5,99.5,0.0,11.0
2022-08-30,blue_cheese,474.0,436.0,0.0,38.0
2022-08-30,apples,474.0,436.0,0.0,38.0
2022-08-30,strawberries,474.0,436.0,0.0,38.0
2022-08-30,blueberries,474.0,436.0,0.0,38.0
2022-08-30,harvest_nut_granola,474.0,436.0,0.0,38.0
2022-08-30,zesty_apple_vinagrette,474.0,436.0,0.0,38.0
2022-08-30,chicken_tenders,2056.0,2036.0,0.0,20.0
2022-08-30,biscuit,733.0,693.0,0.0,40.0
2022-08-30,chicken_mini_bread,702.0,642.0,0.0,60.0
2022-08-30,butter,965.0,963.0,0.0,2.0
2022-08-30,bacon,1073.0,1061.0,0.0,12.0
2022-08-30,tortilla,748.0,742.0,0.0,6.0
2022-08-30,eggs,336.0,302.0,0.0,34.0
2022-08-30,sausage,225.0,222.0,0.0,3.0
2022-08-30,bagel,137.0,108.0,0.0,29.0
2022-08-30,oatmeal,203.0,196.0,0.0,7.0
2022-08-30,fruit,227.0,209.0,0.0,18.0
2022-08-30,cream_cheese,163.0,154.0,0.0,9.0
2022-08-30,hash_brown,1002.0,996.0,0.0,6.0
2022-08-30,yogurt_parfait,87.0,76.0,0.0,11.0
2022-08-30,cinamon_cluster,391.0,388.0,0.0,3.0
2022-08-30,lemonade,5763.800000000002,5674.200000000002,0.0,89.60000000000001
2022-08-30,straw,18120.0,17898.0,0.0,222.0
2022-08-30,small_drink_cup,5600.0,5551.0,0.0,49.0
2022-08-30,medium_drink_cup,7440.0,7307.0,0.0,133.0
2022-08-30,large_drink_cup,5080.0,5040.0,0.0,40.0
2022-08-30,lemonade_diet,529.5999999999983,2248.4999999999986,1750.0,31.099999999999994
2022-08-30,ice_tea_unsweet,2515.3999999999874,2491.4999999999873,0.0,23.900000000000002
2022-08-30,ice_tea_sweet,7782.600000000001,7754.300000000001,0.0,28.3
2022-08-30,soft_drink,4846.600000000011,4724.4000000000115,0.0,122.19999999999999
2022-08-30,dasani_water_bottle,323.0,313.0,0.0,10.0
2022-08-30,orange_juice_bottle,179.0,168.0,0.0,11.0
2022-08-30,apple_juice,217.0,211.0,0.0,6.0
2022-08-30,ice_coffee,414.0,400.75,0.0,13.25
2022-08-30,coffee,339.5,307.5,0.0,32.0
2022-08-30,Coffee_box,179.0,163.0,0.0,16.0
2022-08-30,milk_chocolate,666.0,660.0,0.0,6.0
2022-08-30,milk,252.0,224.0,0.0,28.0
2022-08-30,icecream,190.0,144.0,0.0,46.0
2022-08-30,vanilla_flavor,450.0,447.0,0.0,3.0
2022-08-30,cream_flavor,626.0,616.0,0.0,10.0
2022-08-30,chunk_cookie,180.0,105.0,0.0,75.0
2022-08-30,chocolate_flavor,790.0,784.0,0.0,6.0
2022-08-30,strawberry_flavor,760.0,758.0,0.0,2.0
2022-08-30,frosted_extract,136.0,133.0,0.0,3.0
2022-08-30,icecream_cone,788.0,788.0,0.0,0.0
2022-08-30,icecream_come,100.0,446.0,350.0,4.0
2022-08-30,icecream_topping,124.0,115.0,0.0,9.0
2022-08-30,to_go_bag,15366.0,15257.0,0.0,109.0
2022-08-30,napkins,13830.0,13285.0,0.0,545.0
2022-08-30,ketchup,7930.0,7927.0,0.0,3.0
2022-08-30,ranch,7918.0,7905.0,0.0,13.0
2022-08-30,buffalo_sauce,8168.0,8156.0,0.0,12.0
2022-08-30,bbq_sauce,8252.0,8248.0,0.0,4.0
2022-08-30,polyneasian,8088.0,8076.0,0.0,12.0
2022-08-30,chickfala,7874.0,7867.0,0.0,7.0
2022-08-30,silverware,1108.0,1106.0,0.0,2.0
2022-08-31,fried_batter,161.00000000000048,563.8000000000004,525.0,122.20000000000002
2022-08-31,bun,505.0,478.0,0.0,27.0
2022-08-31,chicken_patty,776.0,730.5,0.0,45.5
2022-08-31,pickle_chips,3090.0,3009.0,0.0,81.0
2022-08-31,lettuce,230.0,208.0,0.0,22.0
2022-08-31,tomato,230.0,208.0,0.0,22.0
2022-08-31,cheese,84.5,312.0,262.5,35.0
2022-08-31,spice,2008.0,1989.0,0.0,19.0
2022-08-31,chicken_nuggets,13079.0,12554.5,0.0,524.5
2022-08-31,chicken_strips,8934.0,8842.0,0.0,92.0
2022-08-31,flat_bread,437.5,420.5,0.0,17.0
2022-08-31,mixed_greens,1449.0,1394.5,0.0,54.5
2022-08-31,shredded_monterey_jack,2312.0,2278.0,0.0,34.0
2022-08-31,waffle_fries,4902.240000000016,4775.320000000016,0.0,126.92
2022-08-31,roasted_corn_kernels,176.0,161.0,0.0,15.0
2022-08-31,crumbled_bacon,176.0,161.0,0.0,15.0
2022-08-31,avacado_lime_dressing,1226.0,1211.0,0.0,15.0
2022-08-31,red_bell_pepers,351.0,336.0,0.0,15.0
2022-08-31,grape tomatoes,1755.0,1680.0,0.0,75.0
2022-08-31,hard_boiled_egg,88.5,336.0,262.5,15.0
2022-08-31,blue_cheese,398.0,367.0,0.0,31.0
2022-08-31,apples,398.0,367.0,0.0,31.0
2022-08-31,strawberries,398.0,367.0,0.0,31.0
2022-08-31,blueberries,398.0,367.0,0.0,31.0
2022-08-31,harvest_nut_granola,398.0,367.0,0.0,31.0
2022-08-31,zesty_apple_vinagrette,398.0,367.0,0.0,31.0
2022-08-31,chicken_tenders,2016.0,2000.0,0.0,16.0
2022-08-31,biscuit,653.0,621.0,0.0,32.0
2022-08-31,chicken_mini_bread,582.0,501.0,0.0,81.0
2022-08-31,butter,961.0,958.75,0.0,2.25
2022-08-31,bacon,1049.0,1044.0,0.0,5.0
2022-08-31,tortilla,736.0,734.0,0.0,2.0
2022-08-31,eggs,268.0,242.0,0.0,26.0
2022-08-31,sausage,219.0,206.0,0.0,13.0
2022-08-31,bagel,79.0,63.0,0.0,16.0
2022-08-31,oatmeal,189.0,170.0,0.0,19.0
2022-08-31,fruit,191.0,173.0,0.0,18.0
2022-08-31,cream_cheese,145.0,138.0,0.0,7.0
2022-08-31,hash_brown,990.0,985.0,0.0,5.0
2022-08-31,yogurt_parfait,65.0,221.0,175.0,19.0
2022-08-31,cinamon_cluster,385.0,382.0,0.0,3.0
2022-08-31,lemonade,5584.600000000001,5553.200000000002,0.0,31.400000000000002
2022-08-31,straw,17676.0,17452.0,0.0,224.0
2022-08-31,small_drink_cup,5502.0,5461.0,0.0,41.0
2022-08-31,medium_drink_cup,7174.0,7015.0,0.0,159.0
2022-08-31,large_drink_cup,5000.0,4976.0,0.0,24.0
2022-08-31,lemonade_diet,3967.3999999999987,3953.8999999999987,0.0,13.5
2022-08-31,ice_tea_unsweet,2467.599999999987,2438.099999999987,0.0,29.5
2022-08-31,ice_tea_sweet,7726.000000000001,7685.200000000001,0.0,40.8
2022-08-31,soft_drink,4602.200000000012,4460.700000000012,0.0,141.5
2022-08-31,dasani_water_bottle,303.0,292.0,0.0,11.0
2022-08-31,orange_juice_bottle,157.0,668.0,525.0,14.0
2022-08-31,apple_juice,205.0,192.0,0.0,13.0
2022-08-31,ice_coffee,387.5,349.75,0.0,37.75
2022-08-31,coffee,275.5,1295.0,1050.0,30.5
2022-08-31,Coffee_box,147.0,141.0,0.0,6.0
2022-08-31,milk_chocolate,654.0,641.0,0.0,13.0
2022-08-31,milk,196.0,145.0,0.0,51.0
2022-08-31,icecream,98.0,366.0,350.0,82.0
2022-08-31,vanilla_flavor,444.0,436.0,0.0,8.0
2022-08-31,cream_flavor,606.0,590.0,0.0,16.0
2022-08-31,chunk_cookie,30.0,318.0,350.0,62.0
2022-08-31,chocolate_flavor,778.0,773.0,0.0,5.0
2022-08-31,strawberry_flavor,756.0,746.0,0.0,10.0
2022-08-31,frosted_extract,130.0,125.0,0.0,5.0
2022-08-31,icecream_cone,788.0,785.0,0.0,3.0
2022-08-31,icecream_come,792.0,791.0,0.0,1.0
2022-08-31,icecream_topping,106.0,444.0,350.0,12.0
2022-08-31,to_go_bag,15148.0,15030.0,0.0,118.0
2022-08-31,napkins,12740.0,12150.0,0.0,590.0
2022-08-31,ketchup,7924.0,7901.0,0.0,23.0
2022-08-31,ranch,7892.0,7883.0,0.0,9.0
2022-08-31,buffalo_sauce,8144.0,8136.0,0.0,8.0
2022-08-31,bbq_sauce,8244.0,8242.0,0.0,2.0
2022-08-31,polyneasian,8064.0,8053.0,0.0,11.0
2022-08-31,chickfala,7860.0,7859.0,0.0,1.0
2022-08-31,silverware,1104.0,1099.0,0.0,5.0
2022-09-01,fried_batter,966.6000000000004,855.6000000000004,0.0,111.00000000000001
2022-09-01,bun,451.0,415.0,0.0,36.0
2022-09-01,chicken_patty,685.0,610.5,0.0,74.5
2022-09-01,pickle_chips,2928.0,2820.0,0.0,108.0
2022-09-01,lettuce,186.0,158.0,0.0,28.0
2022-09-01,tomato,186.0,158.0,0.0,28.0
2022-09-01,cheese,539.5,492.5,0.0,47.0
2022-09-01,spice,1970.0,1949.0,0.0,21.0
2022-09-01,chicken_nuggets,12030.0,11690.0,0.0,340.0
2022-09-01,chicken_strips,8750.0,8718.0,0.0,32.0
2022-09-01,flat_bread,403.5,395.5,0.0,8.0
2022-09-01,mixed_greens,1340.0,1284.0,0.0,56.0
2022-09-01,shredded_monterey_jack,2244.0,2224.0,0.0,20.0
2022-09-01,waffle_fries,4648.400000000016,4483.060000000016,0.0,165.34
2022-09-01,roasted_corn_kernels,146.0,134.0,0.0,12.0
2022-09-01,crumbled_bacon,146.0,134.0,0.0,12.0
2022-09-01,avacado_lime_dressing,1196.0,1184.0,0.0,12.0
2022-09-01,red_bell_pepers,321.0,309.0,0.0,12.0
2022-09-01,grape tomatoes,1605.0,1545.0,0.0,60.0
2022-09-01,hard_boiled_egg,583.5,571.5,0.0,12.0
2022-09-01,blue_cheese,336.0,296.0,0.0,40.0
2022-09-01,apples,336.0,296.0,0.0,40.0
2022-09-01,strawberries,336.0,296.0,0.0,40.0
2022-09-01,blueberries,336.0,296.0,0.0,40.0
2022-09-01,harvest_nut_granola,336.0,296.0,0.0,40.0
2022-09-01,zesty_apple_vinagrette,336.0,296.0,0.0,40.0
2022-09-01,chicken_tenders,1984.0,8976.0,7000.0,8.0
2022-09-01,biscuit,589.0,548.0,0.0,41.0
2022-09-01,chicken_mini_bread,420.0,2134.0,1750.0,36.0
2022-09-01,butter,956.5,954.5,0.0,2.0
2022-09-01,bacon,1039.0,1025.0,0.0,14.0
2022-09-01,tortilla,732.0,732.0,0.0,0.0
2022-09-01,eggs,216.0,183.0,0.0,33.0
2022-09-01,sausage,193.0,179.0,0.0,14.0
2022-09-01,bagel,47.0,198.0,175.0,24.0
2022-09-01,oatmeal,151.0,126.0,0.0,25.0
2022-09-01,fruit,155.0,119.0,0.0,36.0
2022-09-01,cream_cheese,131.0,120.0,0.0,11.0
2022-09-01,hash_brown,980.0,967.0,0.0,13.0
2022-09-01,yogurt_parfait,377.0,368.0,0.0,9.0
2022-09-01,cinamon_cluster,379.0,371.0,0.0,8.0
2022-09-01,lemonade,5521.800000000002,5485.800000000002,0.0,36.0
2022-09-01,straw,17228.0,16981.0,0.0,247.0
2022-09-01,small_drink_cup,5420.0,5378.0,0.0,42.0
2022-09-01,medium_drink_cup,6856.0,6672.0,0.0,184.0
2022-09-01,large_drink_cup,4952.0,4931.0,0.0,21.0
2022-09-01,lemonade_diet,3940.3999999999987,3908.199999999999,0.0,32.2
2022-09-01,ice_tea_unsweet,2408.599999999987,2393.699999999987,0.0,14.899999999999999
2022-09-01,ice_tea_sweet,7644.400000000001,7617.3,0.0,27.1
2022-09-01,soft_drink,4319.200000000012,4149.800000000012,0.0,169.4
2022-09-01,dasani_water_bottle,281.0,276.0,0.0,5.0
2022-09-01,orange_juice_bottle,1179.0,1177.0,0.0,2.0
2022-09-01,apple_juice,179.0,171.0,0.0,8.0
2022-09-01,ice_coffee,312.0,308.25,0.0,3.75
2022-09-01,coffee,2314.5,2300.25,0.0,14.25
2022-09-01,Coffee_box,135.0,129.0,0.0,6.0
2022-09-01,milk_chocolate,628.0,623.0,0.0,5.0
2022-09-01,milk,94.0,398.0,350.0,46.0
2022-09-01,icecream,634.0,546.0,0.0,88.0
2022-09-01,vanilla_flavor,428.0,419.0,0.0,9.0
2022-09-01,cream_flavor,574.0,567.0,0.0,7.0
2022-09-01,chunk_cookie,606.0,556.5,0.0,49.5
2022-09-01,chocolate_flavor,768.0,760.0,0.0,8.0
2022-09-01,strawberry_flavor,736.0,726.0,0.0,10.0
2022-09-01,frosted_extract,120.0,113.0,0.0,7.0
2022-09-01,icecream_cone,782.0,768.0,0.0,14.0
2022-09-01,icecream_come,790.0,784.0,0.0,6.0
2022-09-01,icecream_topping,782.0,777.0,0.0,5.0
2022-09-01,to_go_bag,14912.0,14799.0,0.0,113.0
2022-09-01,napkins,11560.0,10995.0,0.0,565.0
2022-09-01,ketchup,7878.0,7862.0,0.0,16.0
2022-09-01,ranch,7874.0,7874.0,0.0,0.0
2022-09-01,buffalo_sauce,8128.0,8121.0,0.0,7.0
2022-09-01,bbq_sauce,8240.0,8232.0,0.0,8.0
2022-09-01,polyneasian,8042.0,8030.0,0.0,12.0
2022-09-01,chickfala,7858.0,7854.0,0.0,4.0
2022-09-01,silverware,1094.0,1081.0,0.0,13.0
2022-09-02,fried_batter,744.6000000000004,619.4000000000003,0.0,125.19999999999999
2022-09-02,bun,379.0,338.0,0.0,41.0
2022-09-02,chicken_patty,536.0,465.0,0.0,71.0
2022-09-02,pickle_chips,2712.0,2589.0,0.0,123.0
2022-09-02,lettuce,130.0,442.0,350.0,38.0
2022-09-02,tomato,130.0,442.0,350.0,38.0
2022-09-02,cheese,445.5,404.5,0.0,41.0
2022-09-02,spice,1928.0,1898.0,0.0,30.0
2022-09-02,chicken_nuggets,11350.0,10833.0,0.0,517.0
2022-09-02,chicken_strips,8686.0,8621.0,0.0,65.0
2022-09-02,flat_bread,387.5,365.5,0.0,22.0
2022-09-02,mixed_greens,1228.0,1151.0,0.0,77.0
2022-09-02,shredded_monterey_jack,2204.0,2168.0,0.0,36.0
2022-09-02,waffle_fries,4317.720000000016,4209.080000000015,0.0,108.64
2022-09-02,roasted_corn_kernels,122.0,110.0,0.0,12.0
2022-09-02,crumbled_bacon,122.0,110.0,0.0,12.0
2022-09-02,avacado_lime_dressing,1172.0,1160.0,0.0,12.0
2022-09-02,red_bell_pepers,297.0,285.0,0.0,12.0
2022-09-02,grape tomatoes,1485.0,1425.0,0.0,60.0
2022-09-02,hard_boiled_egg,559.5,547.5,0.0,12.0
2022-09-02,blue_cheese,256.0,202.0,0.0,54.0
2022-09-02,apples,256.0,202.0,0.0,54.0
2022-09-02,strawberries,256.0,202.0,0.0,54.0
2022-09-02,blueberries,256.0,202.0,0.0,54.0
2022-09-02,harvest_nut_granola,256.0,202.0,0.0,54.0
2022-09-02,zesty_apple_vinagrette,256.0,202.0,0.0,54.0
2022-09-02,chicken_tenders,15968.0,15948.0,0.0,20.0
2022-09-02,biscuit,507.0,473.0,0.0,34.0
2022-09-02,chicken_mini_bread,3848.0,3812.0,0.0,36.0
2022-09-02,butter,952.5,951.0,0.0,1.5
2022-09-02,bacon,1011.0,1002.0,0.0,9.0
2022-09-02,tortilla,732.0,730.0,0.0,2.0
2022-09-02,eggs,150.0,126.0,0.0,24.0
2022-09-02,sausage,165.0,158.0,0.0,7.0
2022-09-02,bagel,349.0,339.0,0.0,10.0
2022-09-02,oatmeal,101.0,83.0,0.0,18.0
2022-09-02,fruit,83.0,406.5,350.0,26.5
2022-09-02,cream_cheese,109.0,105.0,0.0,4.0
2022-09-02,hash_brown,954.0,936.0,0.0,18.0
2022-09-02,yogurt_parfait,359.0,348.0,0.0,11.0
2022-09-02,cinamon_cluster,363.0,360.0,0.0,3.0
2022-09-02,lemonade,5449.800000000002,5397.200000000002,0.0,52.6
2022-09-02,straw,16734.0,16513.0,0.0,221.0
2022-09-02,small_drink_cup,5336.0,5296.0,0.0,40.0
2022-09-02,medium_drink_cup,6488.0,6342.0,0.0,146.0
2022-09-02,large_drink_cup,4910.0,4875.0,0.0,35.0
2022-09-02,lemonade_diet,3875.999999999999,3852.999999999999,0.0,23.0
2022-09-02,ice_tea_unsweet,2378.799999999987,2363.099999999987,0.0,15.700000000000001
2022-09-02,ice_tea_sweet,7590.2,7533.4,0.0,56.8
2022-09-02,soft_drink,3980.400000000012,3857.500000000012,0.0,122.89999999999998
2022-09-02,dasani_water_bottle,271.0,265.0,0.0,6.0
2022-09-02,orange_juice_bottle,1175.0,1170.0,0.0,5.0
2022-09-02,apple_juice,163.0,160.0,0.0,3.0
2022-09-02,ice_coffee,304.5,287.5,0.0,17.0
2022-09-02,coffee,2286.0,2266.0,0.0,20.0
2022-09-02,Coffee_box,123.0,105.0,0.0,18.0
2022-09-02,milk_chocolate,618.0,617.0,0.0,1.0
2022-09-02,milk,702.0,671.0,0.0,31.0
2022-09-02,icecream,458.0,389.0,0.0,69.0
2022-09-02,vanilla_flavor,410.0,408.0,0.0,2.0
2022-09-02,cream_flavor,560.0,550.0,0.0,10.0
2022-09-02,chunk_cookie,507.0,413.0,0.0,94.0
2022-09-02,chocolate_flavor,752.0,742.0,0.0,10.0
2022-09-02,strawberry_flavor,716.0,712.0,0.0,4.0
2022-09-02,frosted_extract,106.0,447.0,350.0,9.0
2022-09-02,icecream_cone,754.0,747.0,0.0,7.0
2022-09-02,icecream_come,778.0,768.0,0.0,10.0
2022-09-02,icecream_topping,772.0,762.0,0.0,10.0
2022-09-02,to_go_bag,14686.0,14573.0,0.0,113.0
2022-09-02,napkins,10430.0,9865.0,0.0,565.0
2022-09-02,ketchup,7846.0,7844.0,0.0,2.0
2022-09-02,ranch,7874.0,7871.0,0.0,3.0
2022-09-02,buffalo_sauce,8114.0,8104.0,0.0,10.0
2022-09-02,bbq_sauce,8224.0,8219.0,0.0,5.0
2022-09-02,polyneasian,8018.0,8000.0,0.0,18.0
2022-09-02,chickfala,7850.0,7840.0,0.0,10.0
2022-09-02,silverware,1068.0,1048.0,0.0,20.0
2022-09-03,fried_batter,494.20000000000033,353.8000000000003,0.0,140.4
2022-09-03,bun,297.0,281.0,0.0,16.0
2022-09-03,chicken_patty,394.0,329.5,0.0,64.5
2022-09-03,pickle_chips,2466.0,2418.0,0.0,48.0
2022-09-03,lettuce,754.0,750.0,0.0,4.0
2022-09-03,tomato,754.0,750.0,0.0,4.0
2022-09-03,cheese,363.5,341.5,0.0,22.0
2022-09-03,spice,1868.0,1838.0,0.0,30.0
2022-09-03,chicken_nuggets,10316.0,9904.5,0.0,411.5
2022-09-03,chicken_strips,8556.0,8448.0,0.0,108.0
2022-09-03,flat_bread,343.5,336.5,0.0,7.0
2022-09-03,mixed_greens,1074.0,1002.5,0.0,71.5
2022-09-03,shredded_monterey_jack,2132.0,2110.0,0.0,22.0
2022-09-03,waffle_fries,4100.440000000015,3937.660000000015,0.0,162.78
2022-09-03,roasted_corn_kernels,98.0,442.0,350.0,6.0
2022-09-03,crumbled_bacon,98.0,442.0,350.0,6.0
2022-09-03,avacado_lime_dressing,1148.0,1142.0,0.0,6.0
2022-09-03,red_bell_pepers,273.0,267.0,0.0,6.0
2022-09-03,grape tomatoes,1365.0,1335.0,0.0,30.0
2022-09-03,hard_boiled_egg,535.5,529.5,0.0,6.0
2022-09-03,blue_cheese,148.0,436.0,350.0,62.0
2022-09-03,apples,148.0,436.0,350.0,62.0
2022-09-03,strawberries,148.0,436.0,350.0,62.0
2022-09-03,blueberries,148.0,436.0,350.0,62.0
2022-09-03,harvest_nut_granola,148.0,436.0,350.0,62.0
2022-09-03,zesty_apple_vinagrette,148.0,436.0,350.0,62.0
2022-09-03,chicken_tenders,15928.0,15908.0,0.0,20.0
2022-09-03,biscuit,439.0,401.0,0.0,38.0
2022-09-03,chicken_mini_bread,3776.0,3767.0,0.0,9.0
2022-09-03,butter,949.5,947.75,0.0,1.75
2022-09-03,bacon,993.0,985.0,0.0,8.0
2022-09-03,tortilla,728.0,719.0,0.0,9.0
2022-09-03,eggs,102.0,423.0,350.0,29.0
2022-09-03,sausage,151.0,145.0,0.0,6.0
2022-09-03,bagel,329.0,312.0,0.0,17.0
2022-09-03,oatmeal,65.0,58.0,0.0,7.0
2022-09-03,fruit,730.0,711.5,0.0,18.5
2022-09-03,cream_cheese,101.0,91.0,0.0,10.0
2022-09-03,hash_brown,918.0,912.0,0.0,6.0
2022-09-03,yogurt_parfait,337.0,333.0,0.0,4.0
2022-09-03,cinamon_cluster,357.0,348.0,0.0,9.0
2022-09-03,lemonade,5344.600000000001,5290.500000000001,0.0,54.10000000000001
2022-09-03,straw,16292.0,16036.0,0.0,256.0
2022-09-03,small_drink_cup,5256.0,5216.0,0.0,40.0
2022-09-03,medium_drink_cup,6196.0,6018.0,0.0,178.0
2022-09-03,large_drink_cup,4840.0,4802.0,0.0,38.0
2022-09-03,lemonade_diet,3829.999999999999,3808.7999999999993,0.0,21.2
2022-09-03,ice_tea_unsweet,2347.3999999999874,2318.2999999999874,0.0,29.1
2022-09-03,ice_tea_sweet,7476.599999999999,7418.299999999999,0.0,58.3
2022-09-03,soft_drink,3734.6000000000117,3572.500000000012,0.0,162.10000000000002
2022-09-03,dasani_water_bottle,259.0,256.0,0.0,3.0
2022-09-03,orange_juice_bottle,1165.0,1148.0,0.0,17.0
2022-09-03,apple_juice,157.0,151.0,0.0,6.0
2022-09-03,ice_coffee,270.5,252.0,0.0,18.5
2022-09-03,coffee,2246.0,2228.5,0.0,17.5
2022-09-03,Coffee_box,87.0,78.0,0.0,9.0
2022-09-03,milk_chocolate,616.0,611.0,0.0,5.0
2022-09-03,milk,640.0,586.0,0.0,54.0
2022-09-03,icecream,320.0,207.0,0.0,113.0
2022-09-03,vanilla_flavor,406.0,390.0,0.0,16.0
2022-09-03,cream_flavor,540.0,531.0,0.0,9.0
2022-09-03,chunk_cookie,319.0,297.5,0.0,21.5
2022-09-03,chocolate_flavor,732.0,727.0,0.0,5.0
2022-09-03,strawberry_flavor,708.0,687.0,0.0,21.0
2022-09-03,frosted_extract,788.0,778.0,0.0,10.0
2022-09-03,icecream_cone,740.0,729.0,0.0,11.0
2022-09-03,icecream_come,758.0,758.0,0.0,0.0
2022-09-03,icecream_topping,752.0,741.0,0.0,11.0
2022-09-03,to_go_bag,14460.0,14350.0,0.0,110.0
2022-09-03,napkins,9300.0,8750.0,0.0,550.0
2022-09-03,ketchup,7842.0,7833.0,0.0,9.0
2022-09-03,ranch,7868.0,7857.0,0.0,11.0
2022-09-03,buffalo_sauce,8094.0,8086.0,0.0,8.0
2022-09-03,bbq_sauce,8214.0,8211.0,0.0,3.0
2022-09-03,polyneasian,7982.0,7974.0,0.0,8.0
2022-09-03,chickfala,7830.0,7821.0,0.0,9.0
2022-09-03,silverware,1028.0,1019.0,0.0,9.0
2022-09-05,fried_batter,213.4000000000003,625.6000000000004,525.0,112.8
2022-09-05,bun,265.0,219.0,0.0,46.0
2022-09-05,chicken_patty,265.0,899.0,700.0,66.0
2022-09-05,pickle_chips,2370.0,2232.0,0.0,138.0
2022-09-05,lettuce,746.0,706.0,0.0,40.0
2022-09-05,tomato,746.0,706.0,0.0,40.0
2022-09-05,cheese,319.5,281.5,0.0,38.0
2022-09-05,spice,1808.0,1780.0,0.0,28.0
2022-09-05,chicken_nuggets,9493.0,9099.0,0.0,394.0
2022-09-05,chicken_strips,8340.0,8313.0,0.0,27.0
2022-09-05,flat_bread,329.5,313.5,0.0,16.0
2022-09-05,mixed_greens,931.0,877.0,0.0,54.0
2022-09-05,shredded_monterey_jack,2088.0,2043.0,0.0,45.0
2022-09-05,waffle_fries,3774.8800000000147,3623.3000000000147,0.0,151.57999999999998
2022-09-05,roasted_corn_kernels,786.0,778.0,0.0,8.0
2022-09-05,crumbled_bacon,786.0,778.0,0.0,8.0
2022-09-05,avacado_lime_dressing,1136.0,1128.0,0.0,8.0
2022-09-05,red_bell_pepers,261.0,253.0,0.0,8.0
2022-09-05,grape tomatoes,1305.0,1265.0,0.0,40.0
2022-09-05,hard_boiled_egg,523.5,515.5,0.0,8.0
2022-09-05,blue_cheese,724.0,686.0,0.0,38.0
2022-09-05,apples,724.0,686.0,0.0,38.0
2022-09-05,strawberries,724.0,686.0,0.0,38.0
2022-09-05,blueberries,724.0,686.0,0.0,38.0
2022-09-05,harvest_nut_granola,724.0,686.0,0.0,38.0
2022-09-05,zesty_apple_vinagrette,724.0,686.0,0.0,38.0
2022-09-05,chicken_tenders,15888.0,15870.0,0.0,18.0
2022-09-05,biscuit,363.0,324.0,0.0,39.0
2022-09-05,chicken_mini_bread,3758.0,3704.0,0.0,54.0
2022-09-05,butter,946.0,944.75,0.0,1.25
2022-09-05,bacon,977.0,969.0,0.0,8.0
2022-09-05,tortilla,710.0,689.0,0.0,21.0
2022-09-05,eggs,744.0,705.0,0.0,39.0
2022-09-05,sausage,139.0,129.0,0.0,10.0
2022-09-05,bagel,295.0,250.0,0.0,45.0
2022-09-05,oatmeal,51.0,197.0,175.0,29.0
2022-09-05,fruit,693.0,661.0,0.0,32.0
2022-09-05,cream_cheese,81.0,59.0,0.0,22.0
2022-09-05,hash_brown,906.0,899.0,0.0,7.0
2022-09-05,yogurt_parfait,329.0,324.0,0.0,5.0
2022-09-05,cinamon_cluster,339.0,339.0,0.0,0.0
2022-09-05,lemonade,5236.400000000001,5183.000000000001,0.0,53.400000000000006
2022-09-05,straw,15780.0,15556.0,0.0,224.0
2022-09-05,small_drink_cup,5176.0,5128.0,0.0,48.0
2022-09-05,medium_drink_cup,5840.0,5692.0,0.0,148.0
2022-09-05,large_drink_cup,4764.0,4736.0,0.0,28.0
2022-09-05,lemonade_diet,3787.5999999999995,3768.2999999999993,0.0,19.3
2022-09-05,ice_tea_unsweet,2289.1999999999875,2268.9999999999877,0.0,20.2
2022-09-05,ice_tea_sweet,7359.999999999999,7321.899999999999,0.0,38.10000000000001
2022-09-05,soft_drink,3410.400000000012,3265.400000000012,0.0,145.0
2022-09-05,dasani_water_bottle,253.0,245.0,0.0,8.0
2022-09-05,orange_juice_bottle,1131.0,1118.0,0.0,13.0
2022-09-05,apple_juice,145.0,656.0,525.0,14.0
2022-09-05,ice_coffee,233.5,213.5,0.0,20.0
2022-09-05,coffee,2211.0,2182.5,0.0,28.5
2022-09-05,Coffee_box,69.0,64.0,0.0,5.0
2022-09-05,milk_chocolate,606.0,606.0,0.0,0.0
2022-09-05,milk,532.0,483.0,0.0,49.0
2022-09-05,icecream,94.0,336.0,350.0,108.0
2022-09-05,vanilla_flavor,374.0,359.0,0.0,15.0
2022-09-05,cream_flavor,522.0,513.0,0.0,9.0
2022-09-05,chunk_cookie,276.0,205.5,0.0,70.5
2022-09-05,chocolate_flavor,722.0,712.0,0.0,10.0
2022-09-05,strawberry_flavor,666.0,655.0,0.0,11.0
2022-09-05,frosted_extract,768.0,760.0,0.0,8.0
2022-09-05,icecream_cone,718.0,708.0,0.0,10.0
2022-09-05,icecream_come,758.0,750.0,0.0,8.0
2022-09-05,icecream_topping,730.0,725.0,0.0,5.0
2022-09-05,to_go_bag,14240.0,14113.0,0.0,127.0
2022-09-05,napkins,8200.0,7565.0,0.0,635.0
2022-09-05,ketchup,7824.0,7817.0,0.0,7.0
2022-09-05,ranch,7846.0,7844.0,0.0,2.0
2022-09-05,buffalo_sauce,8078.0,8076.0,0.0,2.0
2022-09-05,bbq_sauce,8208.0,8198.0,0.0,10.0
2022-09-05,polyneasian,7966.0,7961.0,0.0,5.0
2022-09-05,chickfala,7812.0,7807.0,0.0,5.0
2022-09-05,silverware,1010.0,4494.0,3500.0,16.0
2022-09-06,fried_batter,1037.8000000000004,892.4000000000004,0.0,145.4
2022-09-06,bun,173.0,636.0,525.0,62.0
2022-09-06,chicken_patty,1533.0,1444.5,0.0,88.5
2022-09-06,pickle_chips,2094.0,1908.0,0.0,186.0
2022-09-06,lettuce,666.0,600.0,0.0,66.0
2022-09-06,tomato,666.0,600.0,0.0,66.0
2022-09-06,cheese,243.5,198.5,0.0,45.0
2022-09-06,spice,1752.0,1730.0,0.0,22.0
2022-09-06,chicken_nuggets,8705.0,8154.0,0.0,551.0
2022-09-06,chicken_strips,8286.0,8219.0,0.0,67.0
2022-09-06,flat_bread,297.5,297.5,0.0,0.0
2022-09-06,mixed_greens,823.0,786.0,0.0,37.0
2022-09-06,shredded_monterey_jack,1998.0,1993.0,0.0,5.0
2022-09-06,waffle_fries,3471.720000000015,3314.4400000000146,0.0,157.28
2022-09-06,roasted_corn_kernels,770.0,769.0,0.0,1.0
2022-09-06,crumbled_bacon,770.0,769.0,0.0,1.0
2022-09-06,avacado_lime_dressing,1120.0,1119.0,0.0,1.0
2022-09-06,red_bell_pepers,245.0,244.0,0.0,1.0
2022-09-06,grape tomatoes,1225.0,1220.0,0.0,5.0
2022-09-06,hard_boiled_egg,507.5,506.5,0.0,1.0
2022-09-06,blue_cheese,648.0,612.0,0.0,36.0
2022-09-06,apples,648.0,612.0,0.0,36.0
2022-09-06,strawberries,648.0,612.0,0.0,36.0
2022-09-06,blueberries,648.0,612.0,0.0,36.0
2022-09-06,harvest_nut_granola,648.0,612.0,0.0,36.0
2022-09-06,zesty_apple_vinagrette,648.0,612.0,0.0,36.0
2022-09-06,chicken_tenders,15852.0,15834.0,0.0,18.0
2022-09-06,biscuit,285.0,251.0,0.0,34.0
2022-09-06,chicken_mini_bread,3650.0,3620.0,0.0,30.0
2022-09-06,butter,943.5,942.5,0.0,1.0
2022-09-06,bacon,961.0,956.0,0.0,5.0
2022-09-06,tortilla,668.0,664.0,0.0,4.0
2022-09-06,eggs,666.0,650.0,0.0,16.0
2022-09-06,sausage,119.0,115.0,0.0,4.0
2022-09-06,bagel,205.0,188.0,0.0,17.0
2022-09-06,oatmeal,343.0,327.0,0.0,16.0
2022-09-06,fruit,629.0,598.5,0.0,30.5
2022-09-06,cream_cheese,37.0,205.0,175.0,7.0
2022-09-06,hash_brown,892.0,881.0,0.0,11.0
2022-09-06,yogurt_parfait,319.0,303.0,0.0,16.0
2022-09-06,cinamon_cluster,339.0,335.0,0.0,4.0
2022-09-06,lemonade,5129.600000000001,5066.000000000001,0.0,63.60000000000001
2022-09-06,straw,15332.0,15036.0,0.0,296.0
2022-09-06,small_drink_cup,5080.0,5023.0,0.0,57.0
2022-09-06,medium_drink_cup,5544.0,5349.0,0.0,195.0
2022-09-06,large_drink_cup,4708.0,4664.0,0.0,44.0
2022-09-06,lemonade_diet,3748.999999999999,3731.899999999999,0.0,17.1
2022-09-06,ice_tea_unsweet,2248.799999999988,2212.199999999988,0.0,36.60000000000001
2022-09-06,ice_tea_sweet,7283.799999999998,7176.5999999999985,0.0,107.2
2022-09-06,soft_drink,3120.400000000012,13451.400000000012,10500.0,168.99999999999997
2022-09-06,dasani_water_bottle,237.0,229.0,0.0,8.0
2022-09-06,orange_juice_bottle,1105.0,1099.0,0.0,6.0
2022-09-06,apple_juice,1167.0,1161.0,0.0,6.0
2022-09-06,ice_coffee,193.5,181.0,0.0,12.5
2022-09-06,coffee,2154.0,2124.75,0.0,29.25
2022-09-06,Coffee_box,59.0,56.0,0.0,3.0
2022-09-06,milk_chocolate,606.0,590.0,0.0,16.0
2022-09-06,milk,434.0,409.0,0.0,25.0
2022-09-06,icecream,578.0,537.0,0.0,41.0
2022-09-06,vanilla_flavor,344.0,341.0,0.0,3.0
2022-09-06,cream_flavor,504.0,503.0,0.0,1.0
2022-09-06,chunk_cookie,135.0,446.5,350.0,38.5
2022-09-06,chocolate_flavor,702.0,688.0,0.0,14.0
2022-09-06,strawberry_flavor,644.0,644.0,0.0,0.0
2022-09-06,frosted_extract,752.0,747.0,0.0,5.0
2022-09-06,icecream_cone,698.0,697.0,0.0,1.0
2022-09-06,icecream_come,742.0,738.0,0.0,4.0
2022-09-06,icecream_topping,720.0,717.0,0.0,3.0
2022-09-06,to_go_bag,13986.0,13868.0,0.0,118.0
2022-09-06,napkins,6930.0,6340.0,0.0,590.0
2022-09-06,ketchup,7810.0,7805.0,0.0,5.0
2022-09-06,ranch,7842.0,7842.0,0.0,0.0
2022-09-06,buffalo_sauce,8074.0,8070.0,0.0,4.0
2022-09-06,bbq_sauce,8188.0,8174.0,0.0,14.0
2022-09-06,polyneasian,7956.0,7954.0,0.0,2.0
2022-09-06,chickfala,7802.0,7801.0,0.0,1.0
2022-09-06,silverware,7978.0,7967.0,0.0,11.0
2022-09-07,fried_batter,747.0000000000005,613.8000000000004,0.0,133.2
2022-09-07,bun,1099.0,1046.0,0.0,53.0
2022-09-07,chicken_patty,1356.0,1264.5,0.0,91.5
2022-09-07,pickle_chips,1722.0,1563.0,0.0,159.0
2022-09-07,lettuce,534.0,482.0,0.0,52.0
2022-09-07,tomato,534.0,482.0,0.0,52.0
2022-09-07,cheese,153.5,121.5,0.0,32.0
2022-09-07,spice,1708.0,1678.0,0.0,30.0
2022-09-07,chicken_nuggets,7603.0,7113.5,0.0,489.5
2022-09-07,chicken_strips,8152.0,8132.0,0.0,20.0
2022-09-07,flat_bread,297.5,292.5,0.0,5.0
2022-09-07,mixed_greens,749.0,673.5,0.0,75.5
2022-09-07,shredded_monterey_jack,1988.0,1957.0,0.0,31.0
2022-09-07,waffle_fries,3157.1600000000144,3006.6600000000144,0.0,150.5
2022-09-07,roasted_corn_kernels,768.0,753.0,0.0,15.0
2022-09-07,crumbled_bacon,768.0,753.0,0.0,15.0
2022-09-07,avacado_lime_dressing,1118.0,1103.0,0.0,15.0
2022-09-07,red_bell_pepers,243.0,228.0,0.0,15.0
2022-09-07,grape tomatoes,1215.0,1140.0,0.0,75.0
2022-09-07,hard_boiled_egg,505.5,490.5,0.0,15.0
2022-09-07,blue_cheese,576.0,518.0,0.0,58.0
2022-09-07,apples,576.0,518.0,0.0,58.0
2022-09-07,strawberries,576.0,518.0,0.0,58.0
2022-09-07,blueberries,576.0,518.0,0.0,58.0
2022-09-07,harvest_nut_granola,576.0,518.0,0.0,58.0
2022-09-07,zesty_apple_vinagrette,576.0,518.0,0.0,58.0
2022-09-07,chicken_tenders,15816.0,15810.0,0.0,6.0
2022-09-07,biscuit,217.0,191.0,0.0,26.0
2022-09-07,chicken_mini_bread,3590.0,3542.0,0.0,48.0
2022-09-07,butter,941.5,940.0,0.0,1.5
2022-09-07,bacon,951.0,947.0,0.0,4.0
2022-09-07,tortilla,660.0,649.0,0.0,11.0
2022-09-07,eggs,634.0,617.0,0.0,17.0
2022-09-07,sausage,111.0,110.0,0.0,1.0
2022-09-07,bagel,171.0,154.0,0.0,17.0
2022-09-07,oatmeal,311.0,295.0,0.0,16.0
2022-09-07,fruit,568.0,555.5,0.0,12.5
2022-09-07,cream_cheese,373.0,362.0,0.0,11.0
2022-09-07,hash_brown,870.0,865.0,0.0,5.0
2022-09-07,yogurt_parfait,287.0,273.0,0.0,14.0
2022-09-07,cinamon_cluster,331.0,320.0,0.0,11.0
2022-09-07,lemonade,5002.400000000001,4949.200000000001,0.0,53.2
2022-09-07,straw,14740.0,14489.0,0.0,251.0
2022-09-07,small_drink_cup,4966.0,4921.0,0.0,45.0
2022-09-07,medium_drink_cup,5154.0,4990.0,0.0,164.0
2022-09-07,large_drink_cup,4620.0,4578.0,0.0,42.0
2022-09-07,lemonade_diet,3714.7999999999993,3692.499999999999,0.0,22.299999999999997
2022-09-07,ice_tea_unsweet,2175.599999999988,2141.999999999988,0.0,33.6
2022-09-07,ice_tea_sweet,7069.399999999999,7003.899999999999,0.0,65.5
2022-09-07,soft_drink,23782.400000000012,23629.50000000001,0.0,152.90000000000003
2022-09-07,dasani_water_bottle,221.0,215.0,0.0,6.0
2022-09-07,orange_juice_bottle,1093.0,1088.0,0.0,5.0
2022-09-07,apple_juice,1155.0,1143.0,0.0,12.0
2022-09-07,ice_coffee,168.5,159.75,0.0,8.75
2022-09-07,coffee,2095.5,2078.0,0.0,17.5
2022-09-07,Coffee_box,53.0,218.0,175.0,10.0
2022-09-07,milk_chocolate,574.0,569.0,0.0,5.0
2022-09-07,milk,384.0,356.0,0.0,28.0
2022-09-07,icecream,496.0,438.0,0.0,58.0
2022-09-07,vanilla_flavor,338.0,337.0,0.0,1.0
2022-09-07,cream_flavor,502.0,492.0,0.0,10.0
2022-09-07,chunk_cookie,758.0,682.0,0.0,76.0
2022-09-07,chocolate_flavor,674.0,673.0,0.0,1.0
2022-09-07,strawberry_flavor,644.0,633.0,0.0,11.0
2022-09-07,frosted_extract,742.0,738.0,0.0,4.0
2022-09-07,icecream_cone,696.0,692.0,0.0,4.0
2022-09-07,icecream_come,734.0,726.0,0.0,8.0
2022-09-07,icecream_topping,714.0,711.0,0.0,3.0
2022-09-07,to_go_bag,13750.0,13629.0,0.0,121.0
2022-09-07,napkins,5750.0,5145.0,0.0,605.0
2022-09-07,ketchup,7800.0,7792.0,0.0,8.0
2022-09-07,ranch,7842.0,7836.0,0.0,6.0
2022-09-07,buffalo_sauce,8066.0,8052.0,0.0,14.0
2022-09-07,bbq_sauce,8160.0,8147.0,0.0,13.0
2022-09-07,polyneasian,7952.0,7947.0,0.0,5.0
2022-09-07,chickfala,7800.0,7785.0,0.0,15.0
2022-09-07,silverware,7956.0,7949.0,0.0,7.0
2022-09-08,fried_batter,480.6000000000004,318.2000000000004,0.0,162.4
2022-09-08,bun,993.0,927.0,0.0,66.0
2022-09-08,chicken_patty,1173.0,1074.0,0.0,99.0
2022-09-08,pickle_chips,1404.0,1206.0,0.0,198.0
2022-09-08,lettuce,430.0,374.0,0.0,56.0
2022-09-08,tomato,430.0,374.0,0.0,56.0
2022-09-08,cheese,89.5,286.0,262.5,66.0
2022-09-08,spice,1648.0,1609.0,0.0,39.0
2022-09-08,chicken_nuggets,6624.0,6257.5,0.0,366.5
2022-09-08,chicken_strips,8112.0,8015.0,0.0,97.0
2022-09-08,flat_bread,287.5,270.5,0.0,17.0
2022-09-08,mixed_greens,598.0,537.5,0.0,60.5
2022-09-08,shredded_monterey_jack,1926.0,1903.0,0.0,23.0
2022-09-08,waffle_fries,2856.1600000000144,13218.700000000015,10500.0,137.46
2022-09-08,roasted_corn_kernels,738.0,736.0,0.0,2.0
2022-09-08,crumbled_bacon,738.0,736.0,0.0,2.0
2022-09-08,avacado_lime_dressing,1088.0,1086.0,0.0,2.0
2022-09-08,red_bell_pepers,213.0,211.0,0.0,2.0
2022-09-08,grape tomatoes,1065.0,1055.0,0.0,10.0
2022-09-08,hard_boiled_egg,475.5,473.5,0.0,2.0
2022-09-08,blue_cheese,460.0,410.0,0.0,50.0
2022-09-08,apples,460.0,410.0,0.0,50.0
2022-09-08,strawberries,460.0,410.0,0.0,50.0
2022-09-08,blueberries,460.0,410.0,0.0,50.0
2022-09-08,harvest_nut_granola,460.0,410.0,0.0,50.0
2022-09-08,zesty_apple_vinagrette,460.0,410.0,0.0,50.0
2022-09-08,chicken_tenders,15804.0,15778.0,0.0,26.0
2022-09-08,biscuit,165.0,641.0,525.0,49.0
2022-09-08,chicken_mini_bread,3494.0,3452.0,0.0,42.0
2022-09-08,butter,938.5,937.5,0.0,1.0
2022-09-08,bacon,943.0,930.0,0.0,13.0
2022-09-08,tortilla,638.0,634.0,0.0,4.0
2022-09-08,eggs,600.0,558.0,0.0,42.0
2022-09-08,sausage,109.0,97.0,0.0,12.0
2022-09-08,bagel,137.0,112.0,0.0,25.0
2022-09-08,oatmeal,279.0,270.0,0.0,9.0
2022-09-08,fruit,543.0,528.0,0.0,15.0
2022-09-08,cream_cheese,351.0,351.0,0.0,0.0
2022-09-08,hash_brown,860.0,857.0,0.0,3.0
2022-09-08,yogurt_parfait,259.0,249.0,0.0,10.0
2022-09-08,cinamon_cluster,309.0,298.0,0.0,11.0
2022-09-08,lemonade,4896.000000000001,4849.000000000001,0.0,47.000000000000014
2022-09-08,straw,14238.0,14020.0,0.0,218.0
2022-09-08,small_drink_cup,4876.0,4858.0,0.0,18.0
2022-09-08,medium_drink_cup,4826.0,4654.0,0.0,172.0
2022-09-08,large_drink_cup,4536.0,4508.0,0.0,28.0
2022-09-08,lemonade_diet,3670.199999999999,3650.999999999999,0.0,19.2
2022-09-08,ice_tea_unsweet,2108.3999999999883,2080.1999999999884,0.0,28.200000000000003
2022-09-08,ice_tea_sweet,6938.399999999999,6885.799999999998,0.0,52.60000000000001
2022-09-08,soft_drink,23476.60000000001,23337.200000000008,0.0,139.4
2022-09-08,dasani_water_bottle,209.0,198.0,0.0,11.0
2022-09-08,orange_juice_bottle,1083.0,1074.0,0.0,9.0
2022-09-08,apple_juice,1131.0,1121.0,0.0,10.0
2022-09-08,ice_coffee,151.0,128.0,0.0,23.0
2022-09-08,coffee,2060.5,2024.25,0.0,36.25
2022-09-08,Coffee_box,383.0,368.0,0.0,15.0
2022-09-08,milk_chocolate,564.0,561.0,0.0,3.0
2022-09-08,milk,328.0,311.0,0.0,17.0
2022-09-08,icecream,380.0,339.0,0.0,41.0
2022-09-08,vanilla_flavor,336.0,333.0,0.0,3.0
2022-09-08,cream_flavor,482.0,475.0,0.0,7.0
2022-09-08,chunk_cookie,606.0,541.5,0.0,64.5
2022-09-08,chocolate_flavor,672.0,670.0,0.0,2.0
2022-09-08,strawberry_flavor,622.0,620.0,0.0,2.0
2022-09-08,frosted_extract,734.0,725.0,0.0,9.0
2022-09-08,icecream_cone,688.0,683.0,0.0,5.0
2022-09-08,icecream_come,718.0,710.0,0.0,8.0
2022-09-08,icecream_topping,708.0,703.0,0.0,5.0
2022-09-08,to_go_bag,13508.0,13393.0,0.0,115.0
2022-09-08,napkins,4540.0,3965.0,0.0,575.0
2022-09-08,ketchup,7784.0,7776.0,0.0,8.0
2022-09-08,ranch,7830.0,7824.0,0.0,6.0
2022-09-08,buffalo_sauce,8038.0,8033.0,0.0,5.0
2022-09-08,bbq_sauce,8134.0,8131.0,0.0,3.0
2022-09-08,polyneasian,7942.0,7931.0,0.0,11.0
2022-09-08,chickfala,7770.0,7770.0,0.0,0.0
2022-09-08,silverware,7942.0,7939.0,0.0,3.0
2022-09-09,fried_batter,155.80000000000038,516.6000000000004,525.0,164.2
2022-09-09,bun,861.0,806.0,0.0,55.0
2022-09-09,chicken_patty,975.0,873.5,0.0,101.5
2022-09-09,pickle_chips,1008.0,843.0,0.0,165.0
2022-09-09,lettuce,318.0,254.0,0.0,64.0
2022-09-09,tomato,318.0,254.0,0.0,64.0
2022-09-09,cheese,482.5,426.5,0.0,56.0
2022-09-09,spice,1570.0,1541.0,0.0,29.0
2022-09-09,chicken_nuggets,5891.0,5374.0,0.0,517.0
2022-09-09,chicken_strips,7918.0,7873.0,0.0,45.0
2022-09-09,flat_bread,253.5,245.5,0.0,8.0
2022-09-09,mixed_greens,477.0,406.0,0.0,71.0
2022-09-09,shredded_monterey_jack,1880.0,1856.0,0.0,24.0
2022-09-09,waffle_fries,23581.240000000016,23436.240000000016,0.0,145.0
2022-09-09,roasted_corn_kernels,734.0,725.0,0.0,9.0
2022-09-09,crumbled_bacon,734.0,725.0,0.0,9.0
2022-09-09,avacado_lime_dressing,1084.0,1075.0,0.0,9.0
2022-09-09,red_bell_pepers,209.0,200.0,0.0,9.0
2022-09-09,grape tomatoes,1045.0,1000.0,0.0,45.0
2022-09-09,hard_boiled_egg,471.5,462.5,0.0,9.0
2022-09-09,blue_cheese,360.0,302.0,0.0,58.0
2022-09-09,apples,360.0,302.0,0.0,58.0
2022-09-09,strawberries,360.0,302.0,0.0,58.0
2022-09-09,blueberries,360.0,302.0,0.0,58.0
2022-09-09,harvest_nut_granola,360.0,302.0,0.0,58.0
2022-09-09,zesty_apple_vinagrette,360.0,302.0,0.0,58.0
2022-09-09,chicken_tenders,15752.0,15728.0,0.0,24.0
2022-09-09,biscuit,1117.0,1076.0,0.0,41.0
2022-09-09,chicken_mini_bread,3410.0,3365.0,0.0,45.0
2022-09-09,butter,936.5,933.75,0.0,2.75
2022-09-09,bacon,917.0,910.0,0.0,7.0
2022-09-09,tortilla,630.0,623.0,0.0,7.0
2022-09-09,eggs,516.0,485.0,0.0,31.0
2022-09-09,sausage,85.0,77.0,0.0,8.0
2022-09-09,bagel,87.0,68.0,0.0,19.0
2022-09-09,oatmeal,261.0,243.0,0.0,18.0
2022-09-09,fruit,513.0,492.5,0.0,20.5
2022-09-09,cream_cheese,351.0,347.0,0.0,4.0
2022-09-09,hash_brown,854.0,843.0,0.0,11.0
2022-09-09,yogurt_parfait,239.0,225.0,0.0,14.0
2022-09-09,cinamon_cluster,287.0,279.0,0.0,8.0
2022-09-09,lemonade,4802.000000000001,4750.700000000001,0.0,51.300000000000004
2022-09-09,straw,13802.0,13586.0,0.0,216.0
2022-09-09,small_drink_cup,4840.0,4807.0,0.0,33.0
2022-09-09,medium_drink_cup,4482.0,4325.0,0.0,157.0
2022-09-09,large_drink_cup,4480.0,4454.0,0.0,26.0
2022-09-09,lemonade_diet,3631.7999999999993,3604.499999999999,0.0,27.299999999999997
2022-09-09,ice_tea_unsweet,2051.9999999999886,2038.2999999999886,0.0,13.7
2022-09-09,ice_tea_sweet,6833.199999999998,6800.599999999998,0.0,32.6
2022-09-09,soft_drink,23197.800000000007,23057.400000000005,0.0,140.39999999999998
2022-09-09,dasani_water_bottle,187.0,182.0,0.0,5.0
2022-09-09,orange_juice_bottle,1065.0,1058.0,0.0,7.0
2022-09-09,apple_juice,1111.0,1096.0,0.0,15.0
2022-09-09,ice_coffee,105.0,444.5,350.0,10.5
2022-09-09,coffee,1988.0,1968.25,0.0,19.75
2022-09-09,Coffee_box,353.0,345.0,0.0,8.0
2022-09-09,milk_chocolate,558.0,549.0,0.0,9.0
2022-09-09,milk,294.0,251.0,0.0,43.0
2022-09-09,icecream,298.0,207.0,0.0,91.0
2022-09-09,vanilla_flavor,330.0,315.0,0.0,15.0
2022-09-09,cream_flavor,468.0,463.0,0.0,5.0
2022-09-09,chunk_cookie,477.0,434.5,0.0,42.5
2022-09-09,chocolate_flavor,668.0,665.0,0.0,3.0
2022-09-09,strawberry_flavor,618.0,607.0,0.0,11.0
2022-09-09,frosted_extract,716.0,714.0,0.0,2.0
2022-09-09,icecream_cone,678.0,668.0,0.0,10.0
2022-09-09,icecream_come,702.0,689.0,0.0,13.0
2022-09-09,icecream_topping,698.0,694.0,0.0,4.0
2022-09-09,to_go_bag,13278.0,13169.0,0.0,109.0
2022-09-09,napkins,3390.0,13345.0,10500.0,545.0
2022-09-09,ketchup,7768.0,7767.0,0.0,1.0
2022-09-09,ranch,7818.0,7811.0,0.0,7.0
2022-09-09,buffalo_sauce,8028.0,8022.0,0.0,6.0
2022-09-09,bbq_sauce,8128.0,8121.0,0.0,7.0
2022-09-09,polyneasian,7920.0,7910.0,0.0,10.0
2022-09-09,chickfala,7770.0,7757.0,0.0,13.0
2022-09-09,silverware,7936.0,7924.0,0.0,12.0
2022-09-10,fried_batter,877.4000000000003,537.8000000000004,1050.0,1389.6
2022-09-10,bun,751.0,277.0,0.0,474.0
2022-09-10,chicken_patty,772.0,618.5,700.0,853.5
2022-09-10,pickle_chips,678.0,1006.0,1750.0,1422.0
2022-09-10,lettuce,190.0,136.0,350.0,404.0
2022-09-10,tomato,190.0,136.0,350.0,404.0
2022-09-10,cheese,370.5,254.0,262.5,379.0
2022-09-10,spice,1512.0,1214.0,0.0,298.0
2022-09-10,chicken_nuggets,4857.0,7262.0,7000.0,4595.0
2022-09-10,chicken_strips,7828.0,7343.0,0.0,485.0
2022-09-10,flat_bread,237.5,179.5,0.0,58.0
2022-09-10,mixed_greens,335.0,344.0,700.0,691.0
2022-09-10,shredded_monterey_jack,1832.0,1618.0,0.0,214.0
2022-09-10,waffle_fries,23291.240000000016,21888.620000000017,0.0,1402.6199999999994
2022-09-10,roasted_corn_kernels,716.0,613.0,0.0,103.0
2022-09-10,crumbled_bacon,716.0,613.0,0.0,103.0
2022-09-10,avacado_lime_dressing,1066.0,963.0,0.0,103.0
2022-09-10,red_bell_pepers,191.0,613.0,525.0,103.0
2022-09-10,grape tomatoes,955.0,440.0,0.0,515.0
2022-09-10,hard_boiled_egg,453.5,350.5,0.0,103.0
2022-09-10,blue_cheese,244.0,385.0,700.0,559.0
2022-09-10,apples,244.0,385.0,700.0,559.0
2022-09-10,strawberries,244.0,385.0,700.0,559.0
2022-09-10,blueberries,244.0,385.0,700.0,559.0
2022-09-10,harvest_nut_granola,244.0,385.0,700.0,559.0
2022-09-10,zesty_apple_vinagrette,244.0,385.0,700.0,559.0
2022-09-10,chicken_tenders,15704.0,15546.0,0.0,158.0
2022-09-10,biscuit,1035.0,709.0,0.0,326.0
2022-09-10,chicken_mini_bread,3320.0,2804.0,0.0,516.0
2022-09-10,butter,931.0,916.75,0.0,14.25
2022-09-10,bacon,903.0,826.0,0.0,77.0
2022-09-10,tortilla,616.0,563.0,0.0,53.0
2022-09-10,eggs,454.0,224.0,0.0,230.0
2022-09-10,sausage,69.0,199.0,175.0,45.0
2022-09-10,bagel,49.0,192.0,350.0,207.0
2022-09-10,oatmeal,225.0,141.0,0.0,84.0
2022-09-10,fruit,472.0,220.5,0.0,251.5
2022-09-10,cream_cheese,343.0,274.0,0.0,69.0
2022-09-10,hash_brown,832.0,738.0,0.0,94.0
2022-09-10,yogurt_parfait,211.0,125.0,0.0,86.0
2022-09-10,cinamon_cluster,271.0,181.0,0.0,90.0
2022-09-10,lemonade,4699.400000000001,4124.200000000001,0.0,575.2000000000003
2022-09-10,straw,13370.0,11047.0,0.0,2323.0
2022-09-10,small_drink_cup,4774.0,4382.0,0.0,392.0
2022-09-10,medium_drink_cup,4168.0,2612.0,0.0,1556.0
2022-09-10,large_drink_cup,4428.0,4053.0,0.0,375.0
2022-09-10,lemonade_diet,3577.199999999999,3366.299999999999,0.0,210.90000000000003
2022-09-10,ice_tea_unsweet,2024.5999999999885,1716.5999999999885,0.0,307.9999999999999
2022-09-10,ice_tea_sweet,6767.999999999997,6272.099999999998,0.0,495.9
2022-09-10,soft_drink,22917.000000000004,21488.800000000003,0.0,1428.2000000000003
2022-09-10,dasani_water_bottle,177.0,622.0,525.0,80.0
2022-09-10,orange_juice_bottle,1051.0,968.0,0.0,83.0
2022-09-10,apple_juice,1081.0,1010.0,0.0,71.0
2022-09-10,ice_coffee,784.0,645.0,0.0,139.0
2022-09-10,coffee,1948.5,1672.25,0.0,276.25
2022-09-10,Coffee_box,337.0,256.0,0.0,81.0
2022-09-10,milk_chocolate,540.0,429.0,0.0,111.0
2022-09-10,milk,208.0,167.0,350.0,391.0
2022-09-10,icecream,116.0,368.0,1050.0,798.0
2022-09-10,vanilla_flavor,300.0,200.0,0.0,100.0
2022-09-10,cream_flavor,458.0,384.0,0.0,74.0
2022-09-10,chunk_cookie,392.0,346.0,700.0,746.0
2022-09-10,chocolate_flavor,662.0,593.0,0.0,69.0
2022-09-10,strawberry_flavor,596.0,523.0,0.0,73.0
2022-09-10,frosted_extract,712.0,633.0,0.0,79.0
2022-09-10,icecream_cone,658.0,562.0,0.0,96.0
2022-09-10,icecream_come,676.0,606.0,0.0,70.0
2022-09-10,icecream_topping,690.0,621.0,0.0,69.0
2022-09-10,to_go_bag,13060.0,11934.0,0.0,1126.0
2022-09-10,napkins,23300.0,17670.0,0.0,5630.0
2022-09-10,ketchup,7766.0,7684.0,0.0,82.0
2022-09-10,ranch,7804.0,7747.0,0.0,57.0
2022-09-10,buffalo_sauce,8016.0,7951.0,0.0,65.0
2022-09-10,bbq_sauce,8114.0,8026.0,0.0,88.0
2022-09-10,polyneasian,7900.0,7824.0,0.0,76.0
2022-09-10,chickfala,7744.0,7685.0,0.0,59.0
2022-09-10,silverware,7912.0,7810.0,0.0,102.0
2022-09-12,fried_batter,198.2000000000005,570.8000000000005,525.0,152.4
2022-09-12,bun,-197.0,260.0,525.0,68.0
2022-09-12,chicken_patty,465.0,361.5,0.0,103.5
2022-09-12,pickle_chips,1334.0,1130.0,0.0,204.0
2022-09-12,lettuce,82.0,366.0,350.0,66.0
2022-09-12,tomato,82.0,366.0,350.0,66.0
2022-09-12,cheese,137.5,337.0,262.5,63.0
2022-09-12,spice,916.0,886.0,0.0,30.0
2022-09-12,chicken_nuggets,9667.0,9384.5,0.0,282.5
2022-09-12,chicken_strips,6858.0,6791.0,0.0,67.0
2022-09-12,flat_bread,121.5,116.5,0.0,5.0
2022-09-12,mixed_greens,353.0,288.5,0.0,64.5
2022-09-12,shredded_monterey_jack,1404.0,1385.0,0.0,19.0
2022-09-12,waffle_fries,20486.00000000002,20328.760000000017,0.0,157.24
2022-09-12,roasted_corn_kernels,510.0,506.0,0.0,4.0
2022-09-12,crumbled_bacon,510.0,506.0,0.0,4.0
2022-09-12,avacado_lime_dressing,860.0,856.0,0.0,4.0
2022-09-12,red_bell_pepers,1035.0,1031.0,0.0,4.0
2022-09-12,grape tomatoes,-75.0,780.0,875.0,20.0
2022-09-12,hard_boiled_egg,247.5,243.5,0.0,4.0
2022-09-12,blue_cheese,526.0,468.0,0.0,58.0
2022-09-12,apples,526.0,468.0,0.0,58.0
2022-09-12,strawberries,526.0,468.0,0.0,58.0
2022-09-12,blueberries,526.0,468.0,0.0,58.0
2022-09-12,harvest_nut_granola,526.0,468.0,0.0,58.0
2022-09-12,zesty_apple_vinagrette,526.0,468.0,0.0,58.0
2022-09-12,chicken_tenders,15388.0,15346.0,0.0,42.0
2022-09-12,biscuit,383.0,339.0,0.0,44.0
2022-09-12,chicken_mini_bread,2288.0,2216.0,0.0,72.0
2022-09-12,butter,902.5,901.25,0.0,1.25
2022-09-12,bacon,749.0,737.0,0.0,12.0
2022-09-12,tortilla,510.0,500.0,0.0,10.0
2022-09-12,eggs,-6.0,304.0,350.0,40.0
2022-09-12,sausage,329.0,319.0,0.0,10.0
2022-09-12,bagel,335.0,310.0,0.0,25.0
2022-09-12,oatmeal,57.0,51.0,0.0,6.0
2022-09-12,fruit,-31.0,306.0,350.0,13.0
2022-09-12,cream_cheese,205.0,196.0,0.0,9.0
2022-09-12,hash_brown,644.0,631.0,0.0,13.0
2022-09-12,yogurt_parfait,39.0,212.0,175.0,2.0
2022-09-12,cinamon_cluster,91.0,83.0,0.0,8.0
2022-09-12,lemonade,3549.0000000000005,3502.6000000000004,0.0,46.4
2022-09-12,straw,8724.0,8486.0,0.0,238.0
2022-09-12,small_drink_cup,3990.0,3948.0,0.0,42.0
2022-09-12,medium_drink_cup,1056.0,4405.0,3500.0,151.0
2022-09-12,large_drink_cup,3678.0,3633.0,0.0,45.0
2022-09-12,lemonade_diet,3155.3999999999987,3133.299999999999,0.0,22.1
2022-09-12,ice_tea_unsweet,1408.5999999999885,1377.0999999999885,0.0,31.499999999999996
2022-09-12,ice_tea_sweet,5776.199999999998,5732.099999999998,0.0,44.10000000000001
2022-09-12,soft_drink,20060.600000000002,19914.7,0.0,145.9
2022-09-12,dasani_water_bottle,1067.0,1061.0,0.0,6.0
2022-09-12,orange_juice_bottle,885.0,879.0,0.0,6.0
2022-09-12,apple_juice,939.0,926.0,0.0,13.0
2022-09-12,ice_coffee,506.0,490.25,0.0,15.75
2022-09-12,coffee,1396.0,1383.5,0.0,12.5
2022-09-12,Coffee_box,175.0,162.0,0.0,13.0
2022-09-12,milk_chocolate,318.0,308.0,0.0,10.0
2022-09-12,milk,126.0,436.0,350.0,40.0
2022-09-12,icecream,620.0,550.0,0.0,70.0
2022-09-12,vanilla_flavor,100.0,448.0,350.0,2.0
2022-09-12,cream_flavor,310.0,305.0,0.0,5.0
2022-09-12,chunk_cookie,300.0,244.5,0.0,55.5
2022-09-12,chocolate_flavor,524.0,516.0,0.0,8.0
2022-09-12,strawberry_flavor,450.0,435.0,0.0,15.0
2022-09-12,frosted_extract,554.0,542.0,0.0,12.0
2022-09-12,icecream_cone,466.0,464.0,0.0,2.0
2022-09-12,icecream_come,536.0,528.0,0.0,8.0
2022-09-12,icecream_topping,552.0,541.0,0.0,11.0
2022-09-12,to_go_bag,10808.0,10688.0,0.0,120.0
2022-09-12,napkins,12040.0,11440.0,0.0,600.0
2022-09-12,ketchup,7602.0,7598.0,0.0,4.0
2022-09-12,ranch,7690.0,7686.0,0.0,4.0
2022-09-12,buffalo_sauce,7886.0,7878.0,0.0,8.0
2022-09-12,bbq_sauce,7938.0,7926.0,0.0,12.0
2022-09-12,polyneasian,7748.0,7738.0,0.0,10.0
2022-09-12,chickfala,7626.0,7623.0,0.0,3.0
2022-09-12,silverware,7708.0,7699.0,0.0,9.0
2022-09-13,fried_batter,943.4000000000007,797.0000000000007,0.0,146.4
2022-09-13,bun,717.0,679.0,0.0,38.0
2022-09-13,chicken_patty,258.0,875.5,700.0,82.5
2022-09-13,pickle_chips,926.0,812.0,0.0,114.0
2022-09-13,lettuce,650.0,604.0,0.0,46.0
2022-09-13,tomato,650.0,604.0,0.0,46.0
2022-09-13,cheese,536.5,473.5,0.0,63.0
2022-09-13,spice,856.0,822.0,0.0,34.0
2022-09-13,chicken_nuggets,9102.0,8693.0,0.0,409.0
2022-09-13,chicken_strips,6724.0,6689.0,0.0,35.0
2022-09-13,flat_bread,111.5,105.5,0.0,6.0
2022-09-13,mixed_greens,224.0,864.0,700.0,60.0
2022-09-13,shredded_monterey_jack,1366.0,1347.0,0.0,19.0
2022-09-13,waffle_fries,20171.520000000015,19994.140000000014,0.0,177.38
2022-09-13,roasted_corn_kernels,502.0,502.0,0.0,0.0
2022-09-13,crumbled_bacon,502.0,502.0,0.0,0.0
2022-09-13,avacado_lime_dressing,852.0,852.0,0.0,0.0
2022-09-13,red_bell_pepers,1027.0,1027.0,0.0,0.0
2022-09-13,grape tomatoes,1635.0,1635.0,0.0,0.0
2022-09-13,hard_boiled_egg,239.5,239.5,0.0,0.0
2022-09-13,blue_cheese,410.0,353.0,0.0,57.0
2022-09-13,apples,410.0,353.0,0.0,57.0
2022-09-13,strawberries,410.0,353.0,0.0,57.0
2022-09-13,blueberries,410.0,353.0,0.0,57.0
2022-09-13,harvest_nut_granola,410.0,353.0,0.0,57.0
2022-09-13,zesty_apple_vinagrette,410.0,353.0,0.0,57.0
2022-09-13,chicken_tenders,15304.0,15290.0,0.0,14.0
2022-09-13,biscuit,295.0,247.0,0.0,48.0
2022-09-13,chicken_mini_bread,2144.0,2078.0,0.0,66.0
2022-09-13,butter,900.0,900.0,0.0,0.0
2022-09-13,bacon,725.0,718.0,0.0,7.0
2022-09-13,tortilla,490.0,477.0,0.0,13.0
2022-09-13,eggs,614.0,561.0,0.0,53.0
2022-09-13,sausage,309.0,287.0,0.0,22.0
2022-09-13,bagel,285.0,255.0,0.0,30.0
2022-09-13,oatmeal,45.0,211.0,175.0,9.0
2022-09-13,fruit,643.0,613.0,0.0,30.0
2022-09-13,cream_cheese,187.0,178.0,0.0,9.0
2022-09-13,hash_brown,618.0,615.0,0.0,3.0
2022-09-13,yogurt_parfait,385.0,380.0,0.0,5.0
2022-09-13,cinamon_cluster,75.0,74.0,0.0,1.0
2022-09-13,lemonade,3456.2000000000003,3414.2000000000003,0.0,41.99999999999999
2022-09-13,straw,8248.0,7991.0,0.0,257.0
2022-09-13,small_drink_cup,3906.0,3862.0,0.0,44.0
2022-09-13,medium_drink_cup,7754.0,7578.0,0.0,176.0
2022-09-13,large_drink_cup,3588.0,3551.0,0.0,37.0
2022-09-13,lemonade_diet,3111.199999999999,3074.599999999999,0.0,36.599999999999994
2022-09-13,ice_tea_unsweet,1345.5999999999885,1330.0999999999885,0.0,15.5
2022-09-13,ice_tea_sweet,5687.999999999997,5620.399999999997,0.0,67.60000000000001
2022-09-13,soft_drink,19768.8,19612.899999999998,0.0,155.89999999999998
2022-09-13,dasani_water_bottle,1055.0,1051.0,0.0,4.0
2022-09-13,orange_juice_bottle,873.0,862.0,0.0,11.0
2022-09-13,apple_juice,913.0,899.0,0.0,14.0
2022-09-13,ice_coffee,474.5,459.0,0.0,15.5
2022-09-13,coffee,1371.0,1339.25,0.0,31.75
2022-09-13,Coffee_box,149.0,139.0,0.0,10.0
2022-09-13,milk_chocolate,298.0,286.0,0.0,12.0
2022-09-13,milk,746.0,729.0,0.0,17.0
2022-09-13,icecream,480.0,435.0,0.0,45.0
2022-09-13,vanilla_flavor,796.0,795.0,0.0,1.0
2022-09-13,cream_flavor,300.0,298.0,0.0,2.0
2022-09-13,chunk_cookie,189.0,120.0,0.0,69.0
2022-09-13,chocolate_flavor,508.0,501.0,0.0,7.0
2022-09-13,strawberry_flavor,420.0,419.0,0.0,1.0
2022-09-13,frosted_extract,530.0,520.0,0.0,10.0
2022-09-13,icecream_cone,462.0,448.0,0.0,14.0
2022-09-13,icecream_come,520.0,511.0,0.0,9.0
2022-09-13,icecream_topping,530.0,530.0,0.0,0.0
2022-09-13,to_go_bag,10568.0,10448.0,0.0,120.0
2022-09-13,napkins,10840.0,10240.0,0.0,600.0
2022-09-13,ketchup,7594.0,7585.0,0.0,9.0
2022-09-13,ranch,7682.0,7673.0,0.0,9.0
2022-09-13,buffalo_sauce,7870.0,7867.0,0.0,3.0
2022-09-13,bbq_sauce,7914.0,7911.0,0.0,3.0
2022-09-13,polyneasian,7728.0,7722.0,0.0,6.0
2022-09-13,chickfala,7620.0,7613.0,0.0,7.0
2022-09-13,silverware,7690.0,7678.0,0.0,12.0
2022-09-14,fried_batter,650.6000000000007,526.6000000000007,0.0,124.0
2022-09-14,bun,641.0,594.0,0.0,47.0
2022-09-14,chicken_patty,1493.0,1394.5,0.0,98.5
2022-09-14,pickle_chips,698.0,557.0,0.0,141.0
2022-09-14,lettuce,558.0,488.0,0.0,70.0
2022-09-14,tomato,558.0,488.0,0.0,70.0
2022-09-14,cheese,410.5,342.5,0.0,68.0
2022-09-14,spice,788.0,768.0,0.0,20.0
2022-09-14,chicken_nuggets,8284.0,7937.0,0.0,347.0
2022-09-14,chicken_strips,6654.0,6603.0,0.0,51.0
2022-09-14,flat_bread,99.5,97.5,0.0,2.0
2022-09-14,mixed_greens,1504.0,1439.0,0.0,65.0
2022-09-14,shredded_monterey_jack,1328.0,1305.0,0.0,23.0
2022-09-14,waffle_fries,19816.760000000013,19666.68000000001,0.0,150.08
2022-09-14,roasted_corn_kernels,502.0,485.0,0.0,17.0
2022-09-14,crumbled_bacon,502.0,485.0,0.0,17.0
2022-09-14,avacado_lime_dressing,852.0,835.0,0.0,17.0
2022-09-14,red_bell_pepers,1027.0,1010.0,0.0,17.0
2022-09-14,grape tomatoes,1635.0,1550.0,0.0,85.0
2022-09-14,hard_boiled_egg,239.5,222.5,0.0,17.0
2022-09-14,blue_cheese,296.0,249.0,0.0,47.0
2022-09-14,apples,296.0,249.0,0.0,47.0
2022-09-14,strawberries,296.0,249.0,0.0,47.0
2022-09-14,blueberries,296.0,249.0,0.0,47.0
2022-09-14,harvest_nut_granola,296.0,249.0,0.0,47.0
2022-09-14,zesty_apple_vinagrette,296.0,249.0,0.0,47.0
2022-09-14,chicken_tenders,15276.0,15276.0,0.0,0.0
2022-09-14,biscuit,199.0,159.0,0.0,40.0
2022-09-14,chicken_mini_bread,2012.0,1949.0,0.0,63.0
2022-09-14,butter,900.0,898.5,0.0,1.5
2022-09-14,bacon,711.0,706.0,0.0,5.0
2022-09-14,tortilla,464.0,460.0,0.0,4.0
2022-09-14,eggs,508.0,471.0,0.0,37.0
2022-09-14,sausage,265.0,249.0,0.0,16.0
2022-09-14,bagel,225.0,198.0,0.0,27.0
2022-09-14,oatmeal,377.0,369.0,0.0,8.0
2022-09-14,fruit,583.0,561.0,0.0,22.0
2022-09-14,cream_cheese,169.0,166.0,0.0,3.0
2022-09-14,hash_brown,612.0,610.0,0.0,2.0
2022-09-14,yogurt_parfait,375.0,365.0,0.0,10.0
2022-09-14,cinamon_cluster,73.0,53.0,0.0,20.0
2022-09-14,lemonade,3372.2000000000003,3313.4,0.0,58.800000000000004
2022-09-14,straw,7734.0,7520.0,0.0,214.0
2022-09-14,small_drink_cup,3818.0,3802.0,0.0,16.0
2022-09-14,medium_drink_cup,7402.0,7251.0,0.0,151.0
2022-09-14,large_drink_cup,3514.0,3467.0,0.0,47.0
2022-09-14,lemonade_diet,3037.999999999999,3015.099999999999,0.0,22.9
2022-09-14,ice_tea_unsweet,1314.5999999999885,1288.9999999999886,0.0,25.599999999999998
2022-09-14,ice_tea_sweet,5552.7999999999965,5499.199999999996,0.0,53.599999999999994
2022-09-14,soft_drink,19456.999999999996,19319.899999999998,0.0,137.1
2022-09-14,dasani_water_bottle,1047.0,1039.0,0.0,8.0
2022-09-14,orange_juice_bottle,851.0,851.0,0.0,0.0
2022-09-14,apple_juice,885.0,880.0,0.0,5.0
2022-09-14,ice_coffee,443.5,426.5,0.0,17.0
2022-09-14,coffee,1307.5,1283.25,0.0,24.25
2022-09-14,Coffee_box,129.0,118.0,0.0,11.0
2022-09-14,milk_chocolate,274.0,273.0,0.0,1.0
2022-09-14,milk,712.0,687.0,0.0,25.0
2022-09-14,icecream,390.0,322.0,0.0,68.0
2022-09-14,vanilla_flavor,794.0,781.0,0.0,13.0
2022-09-14,cream_flavor,296.0,293.0,0.0,3.0
2022-09-14,chunk_cookie,51.0,320.5,350.0,80.5
2022-09-14,chocolate_flavor,494.0,490.0,0.0,4.0
2022-09-14,strawberry_flavor,418.0,413.0,0.0,5.0
2022-09-14,frosted_extract,510.0,507.0,0.0,3.0
2022-09-14,icecream_cone,434.0,421.0,0.0,13.0
2022-09-14,icecream_come,502.0,497.0,0.0,5.0
2022-09-14,icecream_topping,530.0,502.0,0.0,28.0
2022-09-14,to_go_bag,10328.0,10208.0,0.0,120.0
2022-09-14,napkins,9640.0,9040.0,0.0,600.0
2022-09-14,ketchup,7576.0,7565.0,0.0,11.0
2022-09-14,ranch,7664.0,7657.0,0.0,7.0
2022-09-14,buffalo_sauce,7864.0,7860.0,0.0,4.0
2022-09-14,bbq_sauce,7908.0,7901.0,0.0,7.0
2022-09-14,polyneasian,7716.0,7705.0,0.0,11.0
2022-09-14,chickfala,7606.0,7588.0,0.0,18.0
2022-09-14,silverware,7666.0,7653.0,0.0,13.0
2022-09-15,fried_batter,402.6000000000007,259.8000000000007,0.0,142.8
2022-09-15,bun,547.0,500.0,0.0,47.0
2022-09-15,chicken_patty,1296.0,1206.5,0.0,89.5
2022-09-15,pickle_chips,416.0,2025.0,1750.0,141.0
2022-09-15,lettuce,418.0,368.0,0.0,50.0
2022-09-15,tomato,418.0,368.0,0.0,50.0
2022-09-15,cheese,274.5,233.5,0.0,41.0
2022-09-15,spice,748.0,717.0,0.0,31.0
2022-09-15,chicken_nuggets,7590.0,7213.0,0.0,377.0
2022-09-15,chicken_strips,6552.0,6478.0,0.0,74.0
2022-09-15,flat_bread,95.5,91.5,0.0,4.0
2022-09-15,mixed_greens,1374.0,1322.0,0.0,52.0
2022-09-15,shredded_monterey_jack,1282.0,1263.0,0.0,19.0
2022-09-15,waffle_fries,19516.60000000001,19376.18000000001,0.0,140.42000000000002
2022-09-15,roasted_corn_kernels,468.0,463.0,0.0,5.0
2022-09-15,crumbled_bacon,468.0,463.0,0.0,5.0
2022-09-15,avacado_lime_dressing,818.0,813.0,0.0,5.0
2022-09-15,red_bell_pepers,993.0,988.0,0.0,5.0
2022-09-15,grape tomatoes,1465.0,1440.0,0.0,25.0
2022-09-15,hard_boiled_egg,205.5,200.5,0.0,5.0
2022-09-15,blue_cheese,202.0,157.0,0.0,45.0
2022-09-15,apples,202.0,157.0,0.0,45.0
2022-09-15,strawberries,202.0,157.0,0.0,45.0
2022-09-15,blueberries,202.0,157.0,0.0,45.0
2022-09-15,harvest_nut_granola,202.0,157.0,0.0,45.0
2022-09-15,zesty_apple_vinagrette,202.0,157.0,0.0,45.0
2022-09-15,chicken_tenders,15276.0,15272.0,0.0,4.0
2022-09-15,biscuit,119.0,598.0,525.0,46.0
2022-09-15,chicken_mini_bread,1886.0,1817.0,0.0,69.0
2022-09-15,butter,897.0,894.75,0.0,2.25
2022-09-15,bacon,701.0,699.0,0.0,2.0
2022-09-15,tortilla,456.0,446.0,0.0,10.0
2022-09-15,eggs,434.0,408.0,0.0,26.0
2022-09-15,sausage,233.0,219.0,0.0,14.0
2022-09-15,bagel,171.0,149.0,0.0,22.0
2022-09-15,oatmeal,361.0,333.0,0.0,28.0
2022-09-15,fruit,539.0,523.0,0.0,16.0
2022-09-15,cream_cheese,163.0,154.0,0.0,9.0
2022-09-15,hash_brown,608.0,604.0,0.0,4.0
2022-09-15,yogurt_parfait,355.0,344.0,0.0,11.0
2022-09-15,cinamon_cluster,33.0,197.0,175.0,11.0
2022-09-15,lemonade,3254.6,3171.6,0.0,83.00000000000003
2022-09-15,straw,7306.0,7065.0,0.0,241.0
2022-09-15,small_drink_cup,3786.0,3744.0,0.0,42.0
2022-09-15,medium_drink_cup,7100.0,6941.0,0.0,159.0
2022-09-15,large_drink_cup,3420.0,3380.0,0.0,40.0
2022-09-15,lemonade_diet,2992.199999999999,2978.799999999999,0.0,13.4
2022-09-15,ice_tea_unsweet,1263.3999999999887,1224.1999999999887,0.0,39.2
2022-09-15,ice_tea_sweet,5445.599999999996,5403.499999999995,0.0,42.1
2022-09-15,soft_drink,19182.8,19042.7,0.0,140.10000000000002
2022-09-15,dasani_water_bottle,1031.0,1027.0,0.0,4.0
2022-09-15,orange_juice_bottle,851.0,841.0,0.0,10.0
2022-09-15,apple_juice,875.0,866.0,0.0,9.0
2022-09-15,ice_coffee,409.5,383.0,0.0,26.5
2022-09-15,coffee,1259.0,1229.75,0.0,29.25
2022-09-15,Coffee_box,107.0,100.0,0.0,7.0
2022-09-15,milk_chocolate,272.0,270.0,0.0,2.0
2022-09-15,milk,662.0,614.0,0.0,48.0
2022-09-15,icecream,254.0,167.0,0.0,87.0
2022-09-15,vanilla_flavor,768.0,768.0,0.0,0.0
2022-09-15,cream_flavor,290.0,287.0,0.0,3.0
2022-09-15,chunk_cookie,590.0,562.5,0.0,27.5
2022-09-15,chocolate_flavor,486.0,475.0,0.0,11.0
2022-09-15,strawberry_flavor,408.0,385.0,0.0,23.0
2022-09-15,frosted_extract,504.0,493.0,0.0,11.0
2022-09-15,icecream_cone,408.0,407.0,0.0,1.0
2022-09-15,icecream_come,492.0,480.0,0.0,12.0
2022-09-15,icecream_topping,474.0,460.0,0.0,14.0
2022-09-15,to_go_bag,10088.0,9965.0,0.0,123.0
2022-09-15,napkins,8440.0,7825.0,0.0,615.0
2022-09-15,ketchup,7554.0,7547.0,0.0,7.0
2022-09-15,ranch,7650.0,7636.0,0.0,14.0
2022-09-15,buffalo_sauce,7856.0,7850.0,0.0,6.0
2022-09-15,bbq_sauce,7894.0,7882.0,0.0,12.0
2022-09-15,polyneasian,7694.0,7687.0,0.0,7.0
2022-09-15,chickfala,7570.0,7558.0,0.0,12.0
2022-09-15,silverware,7640.0,7636.0,0.0,4.0
2022-09-16,fried_batter,117.00000000000068,523.8000000000006,525.0,118.2
2022-09-16,bun,453.0,392.0,0.0,61.0
2022-09-16,chicken_patty,1117.0,1042.5,0.0,74.5
2022-09-16,pickle_chips,3634.0,3451.0,0.0,183.0
2022-09-16,lettuce,318.0,250.0,0.0,68.0
2022-09-16,tomato,318.0,250.0,0.0,68.0
2022-09-16,cheese,192.5,137.5,0.0,55.0
2022-09-16,spice,686.0,659.0,0.0,27.0
2022-09-16,chicken_nuggets,6836.0,6448.0,0.0,388.0
2022-09-16,chicken_strips,6404.0,6368.0,0.0,36.0
2022-09-16,flat_bread,87.5,336.0,262.5,14.0
2022-09-16,mixed_greens,1270.0,1206.0,0.0,64.0
2022-09-16,shredded_monterey_jack,1244.0,1207.0,0.0,37.0
2022-09-16,waffle_fries,19235.760000000013,19092.86000000001,0.0,142.89999999999998
2022-09-16,roasted_corn_kernels,458.0,447.0,0.0,11.0
2022-09-16,crumbled_bacon,458.0,447.0,0.0,11.0
2022-09-16,avacado_lime_dressing,808.0,797.0,0.0,11.0
2022-09-16,red_bell_pepers,983.0,972.0,0.0,11.0
2022-09-16,grape tomatoes,1415.0,1360.0,0.0,55.0
2022-09-16,hard_boiled_egg,195.5,184.5,0.0,11.0
2022-09-16,blue_cheese,112.0,416.0,350.0,46.0
2022-09-16,apples,112.0,416.0,350.0,46.0
2022-09-16,strawberries,112.0,416.0,350.0,46.0
2022-09-16,blueberries,112.0,416.0,350.0,46.0
2022-09-16,harvest_nut_granola,112.0,416.0,350.0,46.0
2022-09-16,zesty_apple_vinagrette,112.0,416.0,350.0,46.0
2022-09-16,chicken_tenders,15268.0,15262.0,0.0,6.0
2022-09-16,biscuit,1077.0,1039.0,0.0,38.0
2022-09-16,chicken_mini_bread,1748.0,1688.0,0.0,60.0
2022-09-16,butter,892.5,891.0,0.0,1.5
2022-09-16,bacon,697.0,687.0,0.0,10.0
2022-09-16,tortilla,436.0,424.0,0.0,12.0
2022-09-16,eggs,382.0,349.0,0.0,33.0
2022-09-16,sausage,205.0,194.0,0.0,11.0
2022-09-16,bagel,127.0,114.0,0.0,13.0
2022-09-16,oatmeal,305.0,289.0,0.0,16.0
2022-09-16,fruit,507.0,469.0,0.0,38.0
2022-09-16,cream_cheese,145.0,135.0,0.0,10.0
2022-09-16,hash_brown,600.0,592.0,0.0,8.0
2022-09-16,yogurt_parfait,333.0,324.0,0.0,9.0
2022-09-16,cinamon_cluster,361.0,351.0,0.0,10.0
2022-09-16,lemonade,3088.6,3025.1,0.0,63.50000000000001
2022-09-16,straw,6824.0,6601.0,0.0,223.0
2022-09-16,small_drink_cup,3702.0,3650.0,0.0,52.0
2022-09-16,medium_drink_cup,6782.0,6640.0,0.0,142.0
2022-09-16,large_drink_cup,3340.0,3311.0,0.0,29.0
2022-09-16,lemonade_diet,2965.3999999999987,2942.5999999999985,0.0,22.8
2022-09-16,ice_tea_unsweet,1184.9999999999886,1163.4999999999886,0.0,21.5
2022-09-16,ice_tea_sweet,5361.399999999995,5312.399999999995,0.0,49.000000000000014
2022-09-16,soft_drink,18902.600000000002,18763.4,0.0,139.2
2022-09-16,dasani_water_bottle,1023.0,994.0,0.0,29.0
2022-09-16,orange_juice_bottle,831.0,824.0,0.0,7.0
2022-09-16,apple_juice,857.0,854.0,0.0,3.0
2022-09-16,ice_coffee,356.5,351.75,0.0,4.75
2022-09-16,coffee,1200.5,1175.75,0.0,24.75
2022-09-16,Coffee_box,93.0,85.0,0.0,8.0
2022-09-16,milk_chocolate,268.0,255.0,0.0,13.0
2022-09-16,milk,566.0,521.0,0.0,45.0
2022-09-16,icecream,80.0,336.0,350.0,94.0
2022-09-16,vanilla_flavor,768.0,758.0,0.0,10.0
2022-09-16,cream_flavor,284.0,276.0,0.0,8.0
2022-09-16,chunk_cookie,535.0,501.0,0.0,34.0
2022-09-16,chocolate_flavor,464.0,458.0,0.0,6.0
2022-09-16,strawberry_flavor,362.0,351.0,0.0,11.0
2022-09-16,frosted_extract,482.0,478.0,0.0,4.0
2022-09-16,icecream_cone,406.0,400.0,0.0,6.0
2022-09-16,icecream_come,468.0,450.0,0.0,18.0
2022-09-16,icecream_topping,446.0,439.0,0.0,7.0
2022-09-16,to_go_bag,9842.0,9718.0,0.0,124.0
2022-09-16,napkins,7210.0,6590.0,0.0,620.0
2022-09-16,ketchup,7540.0,7533.0,0.0,7.0
2022-09-16,ranch,7622.0,7612.0,0.0,10.0
2022-09-16,buffalo_sauce,7844.0,7841.0,0.0,3.0
2022-09-16,bbq_sauce,7870.0,7861.0,0.0,9.0
2022-09-16,polyneasian,7680.0,7667.0,0.0,13.0
2022-09-16,chickfala,7546.0,7541.0,0.0,5.0
2022-09-16,silverware,7632.0,7611.0,0.0,21.0
2022-09-17,fried_batter,930.6000000000006,164.8000000000004,525.0,1290.8000000000002
2022-09-17,bun,331.0,442.0,525.0,414.0
2022-09-17,chicken_patty,968.0,237.0,0.0,731.0
2022-09-17,pickle_chips,3268.0,2026.0,0.0,1242.0
2022-09-17,lettuce,182.0,446.0,700.0,436.0
2022-09-17,tomato,182.0,446.0,700.0,436.0
2022-09-17,cheese,82.5,167.5,525.0,440.0
2022-09-17,spice,632.0,366.0,0.0,266.0
2022-09-17,chicken_nuggets,6060.0,7843.0,7000.0,5217.0
2022-09-17,chicken_strips,6332.0,5859.0,0.0,473.0
2022-09-17,flat_bread,584.5,524.5,0.0,60.0
2022-09-17,mixed_greens,1142.0,572.0,0.0,570.0
2022-09-17,shredded_monterey_jack,1170.0,972.0,0.0,198.0
2022-09-17,waffle_fries,18949.96000000001,17623.52000000001,0.0,1326.4399999999994
2022-09-17,roasted_corn_kernels,436.0,360.0,0.0,76.0
2022-09-17,crumbled_bacon,436.0,360.0,0.0,76.0
2022-09-17,avacado_lime_dressing,786.0,710.0,0.0,76.0
2022-09-17,red_bell_pepers,961.0,885.0,0.0,76.0
2022-09-17,grape tomatoes,1305.0,925.0,0.0,380.0
2022-09-17,hard_boiled_egg,173.5,97.5,0.0,76.0
2022-09-17,blue_cheese,720.0,256.0,0.0,464.0
2022-09-17,apples,720.0,256.0,0.0,464.0
2022-09-17,strawberries,720.0,256.0,0.0,464.0
2022-09-17,blueberries,720.0,256.0,0.0,464.0
2022-09-17,harvest_nut_granola,720.0,256.0,0.0,464.0
2022-09-17,zesty_apple_vinagrette,720.0,256.0,0.0,464.0
2022-09-17,chicken_tenders,15256.0,15098.0,0.0,158.0
2022-09-17,biscuit,1001.0,642.0,0.0,359.0
2022-09-17,chicken_mini_bread,1628.0,1232.0,0.0,396.0
2022-09-17,butter,889.5,875.5,0.0,14.0
2022-09-17,bacon,677.0,610.0,0.0,67.0
2022-09-17,tortilla,412.0,350.0,0.0,62.0
2022-09-17,eggs,316.0,382.0,350.0,284.0
2022-09-17,sausage,183.0,95.0,0.0,88.0
2022-09-17,bagel,101.0,62.0,175.0,214.0
2022-09-17,oatmeal,273.0,150.0,0.0,123.0
2022-09-17,fruit,431.0,160.5,0.0,270.5
2022-09-17,cream_cheese,125.0,50.0,0.0,75.0
2022-09-17,hash_brown,584.0,524.0,0.0,60.0
2022-09-17,yogurt_parfait,315.0,236.0,0.0,79.0
2022-09-17,cinamon_cluster,341.0,250.0,0.0,91.0
2022-09-17,lemonade,2961.6,2353.2999999999997,0.0,608.3000000000002
2022-09-17,straw,6378.0,4053.0,0.0,2325.0
2022-09-17,small_drink_cup,3598.0,3252.0,0.0,346.0
2022-09-17,medium_drink_cup,6498.0,4971.0,0.0,1527.0
2022-09-17,large_drink_cup,3282.0,2830.0,0.0,452.0
2022-09-17,lemonade_diet,2919.7999999999984,2686.0999999999985,0.0,233.70000000000005
2022-09-17,ice_tea_unsweet,1141.9999999999886,4375.299999999989,3500.0,266.7
2022-09-17,ice_tea_sweet,5263.399999999995,4778.199999999995,0.0,485.2
2022-09-17,soft_drink,18624.2,17181.3,0.0,1442.8999999999999
2022-09-17,dasani_water_bottle,965.0,910.0,0.0,55.0
2022-09-17,orange_juice_bottle,817.0,707.0,0.0,110.0
2022-09-17,apple_juice,851.0,780.0,0.0,71.0
2022-09-17,ice_coffee,347.0,168.75,0.0,178.25
2022-09-17,coffee,1151.0,918.5,0.0,232.5
2022-09-17,Coffee_box,77.0,175.0,175.0,77.0
2022-09-17,milk_chocolate,242.0,152.0,0.0,90.0
2022-09-17,milk,476.0,159.0,0.0,317.0
2022-09-17,icecream,592.0,262.0,350.0,680.0
2022-09-17,vanilla_flavor,748.0,680.0,0.0,68.0
2022-09-17,cream_flavor,268.0,178.0,0.0,90.0
2022-09-17,chunk_cookie,467.0,268.0,350.0,549.0
2022-09-17,chocolate_flavor,452.0,396.0,0.0,56.0
2022-09-17,strawberry_flavor,340.0,286.0,0.0,54.0
2022-09-17,frosted_extract,474.0,416.0,0.0,58.0
2022-09-17,icecream_cone,394.0,322.0,0.0,72.0
2022-09-17,icecream_come,432.0,360.0,0.0,72.0
2022-09-17,icecream_topping,432.0,333.0,0.0,99.0
2022-09-17,to_go_bag,9594.0,8488.0,0.0,1106.0
2022-09-17,napkins,5970.0,10940.0,10500.0,5530.0
2022-09-17,ketchup,7526.0,7454.0,0.0,72.0
2022-09-17,ranch,7602.0,7524.0,0.0,78.0
2022-09-17,buffalo_sauce,7838.0,7785.0,0.0,53.0
2022-09-17,bbq_sauce,7852.0,7770.0,0.0,82.0
2022-09-17,polyneasian,7654.0,7611.0,0.0,43.0
2022-09-17,chickfala,7536.0,7485.0,0.0,51.0
2022-09-17,silverware,7590.0,7525.0,0.0,65.0
2022-09-19,fried_batter,-600.9999999999998,331.2000000000002,1050.0,117.8
2022-09-19,bun,553.0,531.0,0.0,22.0
2022-09-19,chicken_patty,-494.0,847.0,1400.0,59.0
2022-09-19,pickle_chips,784.0,718.0,0.0,66.0
2022-09-19,lettuce,710.0,686.0,0.0,24.0
2022-09-19,tomato,710.0,686.0,0.0,24.0
2022-09-19,cheese,252.5,218.5,0.0,34.0
2022-09-19,spice,100.0,1128.0,1050.0,22.0
2022-09-19,chicken_nuggets,9626.0,9259.0,0.0,367.0
2022-09-19,chicken_strips,5386.0,5297.0,0.0,89.0
2022-09-19,flat_bread,464.5,458.5,0.0,6.0
2022-09-19,mixed_greens,2.0,646.0,700.0,56.0
2022-09-19,shredded_monterey_jack,774.0,752.0,0.0,22.0
2022-09-19,waffle_fries,16297.080000000013,16147.720000000012,0.0,149.36
2022-09-19,roasted_corn_kernels,284.0,278.0,0.0,6.0
2022-09-19,crumbled_bacon,284.0,278.0,0.0,6.0
2022-09-19,avacado_lime_dressing,634.0,628.0,0.0,6.0
2022-09-19,red_bell_pepers,809.0,803.0,0.0,6.0
2022-09-19,grape tomatoes,545.0,515.0,0.0,30.0
2022-09-19,hard_boiled_egg,21.5,278.0,262.5,6.0
2022-09-19,blue_cheese,-208.0,445.0,700.0,47.0
2022-09-19,apples,-208.0,445.0,700.0,47.0
2022-09-19,strawberries,-208.0,445.0,700.0,47.0
2022-09-19,blueberries,-208.0,445.0,700.0,47.0
2022-09-19,harvest_nut_granola,-208.0,445.0,700.0,47.0
2022-09-19,zesty_apple_vinagrette,-208.0,445.0,700.0,47.0
2022-09-19,chicken_tenders,14940.0,14938.0,0.0,2.0
2022-09-19,biscuit,283.0,239.0,0.0,44.0
2022-09-19,chicken_mini_bread,836.0,791.0,0.0,45.0
2022-09-19,butter,861.5,860.0,0.0,1.5
2022-09-19,bacon,543.0,534.0,0.0,9.0
2022-09-19,tortilla,288.0,278.0,0.0,10.0
2022-09-19,eggs,448.0,416.0,0.0,32.0
2022-09-19,sausage,7.0,173.0,175.0,9.0
2022-09-19,bagel,23.0,179.0,175.0,19.0
2022-09-19,oatmeal,27.0,191.0,175.0,11.0
2022-09-19,fruit,-110.0,215.0,350.0,25.0
2022-09-19,cream_cheese,-25.0,144.0,175.0,6.0
2022-09-19,hash_brown,464.0,455.0,0.0,9.0
2022-09-19,yogurt_parfait,157.0,153.0,0.0,4.0
2022-09-19,cinamon_cluster,159.0,147.0,0.0,12.0
2022-09-19,lemonade,1744.9999999999995,1651.1999999999996,0.0,93.80000000000001
2022-09-19,straw,1728.0,11953.0,10500.0,275.0
2022-09-19,small_drink_cup,2906.0,2853.0,0.0,53.0
2022-09-19,medium_drink_cup,3444.0,3272.0,0.0,172.0
2022-09-19,large_drink_cup,2378.0,2328.0,0.0,50.0
2022-09-19,lemonade_diet,2452.3999999999987,2434.0999999999985,0.0,18.299999999999997
2022-09-19,ice_tea_unsweet,7608.599999999989,7589.999999999989,0.0,18.6
2022-09-19,ice_tea_sweet,4292.999999999995,4219.599999999996,0.0,73.40000000000002
2022-09-19,soft_drink,15738.4,15564.6,0.0,173.79999999999998
2022-09-19,dasani_water_bottle,855.0,851.0,0.0,4.0
2022-09-19,orange_juice_bottle,597.0,591.0,0.0,6.0
2022-09-19,apple_juice,709.0,705.0,0.0,4.0
2022-09-19,ice_coffee,-9.5,331.75,350.0,8.75
2022-09-19,coffee,686.0,658.0,0.0,28.0
2022-09-19,Coffee_box,273.0,258.0,0.0,15.0
2022-09-19,milk_chocolate,62.0,408.0,350.0,4.0
2022-09-19,milk,-158.0,153.0,350.0,39.0
2022-09-19,icecream,-68.0,201.0,350.0,81.0
2022-09-19,vanilla_flavor,612.0,599.0,0.0,13.0
2022-09-19,cream_flavor,88.0,430.0,350.0,8.0
2022-09-19,chunk_cookie,69.0,396.0,350.0,23.0
2022-09-19,chocolate_flavor,340.0,331.0,0.0,9.0
2022-09-19,strawberry_flavor,232.0,226.0,0.0,6.0
2022-09-19,frosted_extract,358.0,346.0,0.0,12.0
2022-09-19,icecream_cone,250.0,242.0,0.0,8.0
2022-09-19,icecream_come,288.0,287.0,0.0,1.0
2022-09-19,icecream_topping,234.0,224.0,0.0,10.0
2022-09-19,to_go_bag,7382.0,7272.0,0.0,110.0
2022-09-19,napkins,15910.0,15360.0,0.0,550.0
2022-09-19,ketchup,7382.0,7380.0,0.0,2.0
2022-09-19,ranch,7446.0,7437.0,0.0,9.0
2022-09-19,buffalo_sauce,7732.0,7718.0,0.0,14.0
2022-09-19,bbq_sauce,7688.0,7685.0,0.0,3.0
2022-09-19,polyneasian,7568.0,7564.0,0.0,4.0
2022-09-19,chickfala,7434.0,7432.0,0.0,2.0
2022-09-19,silverware,7460.0,7458.0,0.0,2.0
2022-09-20,fried_batter,1263.4000000000003,1131.0000000000002,0.0,132.4
2022-09-20,bun,509.0,461.0,0.0,48.0
2022-09-20,chicken_patty,2188.0,2100.5,0.0,87.5
2022-09-20,pickle_chips,652.0,508.0,0.0,144.0
2022-09-20,lettuce,662.0,620.0,0.0,42.0
2022-09-20,tomato,662.0,620.0,0.0,42.0
2022-09-20,cheese,184.5,139.5,0.0,45.0
2022-09-20,spice,2156.0,2134.0,0.0,22.0
2022-09-20,chicken_nuggets,8892.0,8388.5,0.0,503.5
2022-09-20,chicken_strips,5208.0,5151.0,0.0,57.0
2022-09-20,flat_bread,452.5,445.5,0.0,7.0
2022-09-20,mixed_greens,1290.0,1224.5,0.0,65.5
2022-09-20,shredded_monterey_jack,730.0,707.0,0.0,23.0
2022-09-20,waffle_fries,15998.360000000011,15847.680000000011,0.0,150.68
2022-09-20,roasted_corn_kernels,272.0,258.0,0.0,14.0
2022-09-20,crumbled_bacon,272.0,258.0,0.0,14.0
2022-09-20,avacado_lime_dressing,622.0,608.0,0.0,14.0
2022-09-20,red_bell_pepers,797.0,783.0,0.0,14.0
2022-09-20,grape tomatoes,485.0,415.0,0.0,70.0
2022-09-20,hard_boiled_egg,534.5,520.5,0.0,14.0
2022-09-20,blue_cheese,1098.0,1050.0,0.0,48.0
2022-09-20,apples,1098.0,1050.0,0.0,48.0
2022-09-20,strawberries,1098.0,1050.0,0.0,48.0
2022-09-20,blueberries,1098.0,1050.0,0.0,48.0
2022-09-20,harvest_nut_granola,1098.0,1050.0,0.0,48.0
2022-09-20,zesty_apple_vinagrette,1098.0,1050.0,0.0,48.0
2022-09-20,chicken_tenders,14936.0,14922.0,0.0,14.0
2022-09-20,biscuit,195.0,156.0,0.0,39.0
2022-09-20,chicken_mini_bread,746.0,713.0,0.0,33.0
2022-09-20,butter,858.5,858.0,0.0,0.5
2022-09-20,bacon,525.0,514.0,0.0,11.0
2022-09-20,tortilla,268.0,266.0,0.0,2.0
2022-09-20,eggs,384.0,358.0,0.0,26.0
2022-09-20,sausage,339.0,332.0,0.0,7.0
2022-09-20,bagel,335.0,317.0,0.0,18.0
2022-09-20,oatmeal,355.0,344.0,0.0,11.0
2022-09-20,fruit,540.0,518.0,0.0,22.0
2022-09-20,cream_cheese,313.0,309.0,0.0,4.0
2022-09-20,hash_brown,446.0,435.0,0.0,11.0
2022-09-20,yogurt_parfait,149.0,140.0,0.0,9.0
2022-09-20,cinamon_cluster,135.0,127.0,0.0,8.0
2022-09-20,lemonade,1557.3999999999996,1507.8999999999996,0.0,49.5
2022-09-20,straw,22178.0,21939.0,0.0,239.0
2022-09-20,small_drink_cup,2800.0,2763.0,0.0,37.0
2022-09-20,medium_drink_cup,3100.0,2935.0,0.0,165.0
2022-09-20,large_drink_cup,2278.0,2241.0,0.0,37.0
2022-09-20,lemonade_diet,2415.7999999999984,2400.1999999999985,0.0,15.600000000000001
2022-09-20,ice_tea_unsweet,7571.399999999989,7550.999999999989,0.0,20.4
2022-09-20,ice_tea_sweet,4146.199999999996,4084.4999999999964,0.0,61.7
2022-09-20,soft_drink,15390.800000000001,15236.1,0.0,154.70000000000002
2022-09-20,dasani_water_bottle,847.0,837.0,0.0,10.0
2022-09-20,orange_juice_bottle,585.0,577.0,0.0,8.0
2022-09-20,apple_juice,701.0,692.0,0.0,9.0
2022-09-20,ice_coffee,673.0,654.5,0.0,18.5
2022-09-20,coffee,630.0,614.75,0.0,15.25
2022-09-20,Coffee_box,243.0,239.0,0.0,4.0
2022-09-20,milk_chocolate,754.0,749.0,0.0,5.0
2022-09-20,milk,464.0,427.0,0.0,37.0
2022-09-20,icecream,470.0,392.0,0.0,78.0
2022-09-20,vanilla_flavor,586.0,576.0,0.0,10.0
2022-09-20,cream_flavor,772.0,768.0,0.0,4.0
2022-09-20,chunk_cookie,723.0,646.0,0.0,77.0
2022-09-20,chocolate_flavor,322.0,311.0,0.0,11.0
2022-09-20,strawberry_flavor,220.0,216.0,0.0,4.0
2022-09-20,frosted_extract,334.0,327.0,0.0,7.0
2022-09-20,icecream_cone,234.0,220.0,0.0,14.0
2022-09-20,icecream_come,286.0,280.0,0.0,6.0
2022-09-20,icecream_topping,214.0,207.0,0.0,7.0
2022-09-20,to_go_bag,7162.0,7044.0,0.0,118.0
2022-09-20,napkins,14810.0,14220.0,0.0,590.0
2022-09-20,ketchup,7378.0,7378.0,0.0,0.0
2022-09-20,ranch,7428.0,7426.0,0.0,2.0
2022-09-20,buffalo_sauce,7704.0,7695.0,0.0,9.0
2022-09-20,bbq_sauce,7682.0,7672.0,0.0,10.0
2022-09-20,polyneasian,7560.0,7549.0,0.0,11.0
2022-09-20,chickfala,7430.0,7415.0,0.0,15.0
2022-09-20,silverware,7456.0,7449.0,0.0,7.0
2022-09-21,fried_batter,998.6000000000003,865.2000000000003,0.0,133.39999999999998
2022-09-21,bun,413.0,371.0,0.0,42.0
2022-09-21,chicken_patty,2013.0,1943.5,0.0,69.5
2022-09-21,pickle_chips,364.0,1988.0,1750.0,126.0
2022-09-21,lettuce,578.0,556.0,0.0,22.0
2022-09-21,tomato,578.0,556.0,0.0,22.0
2022-09-21,cheese,94.5,333.0,262.5,24.0
2022-09-21,spice,2112.0,2088.0,0.0,24.0
2022-09-21,chicken_nuggets,7885.0,7293.5,0.0,591.5
2022-09-21,chicken_strips,5094.0,5004.0,0.0,90.0
2022-09-21,flat_bread,438.5,431.5,0.0,7.0
2022-09-21,mixed_greens,1159.0,1115.5,0.0,43.5
2022-09-21,shredded_monterey_jack,684.0,668.0,0.0,16.0
2022-09-21,waffle_fries,15697.000000000011,15530.64000000001,0.0,166.36
2022-09-21,roasted_corn_kernels,244.0,239.0,0.0,5.0
2022-09-21,crumbled_bacon,244.0,239.0,0.0,5.0
2022-09-21,avacado_lime_dressing,594.0,589.0,0.0,5.0
2022-09-21,red_bell_pepers,769.0,764.0,0.0,5.0
2022-09-21,grape tomatoes,345.0,320.0,0.0,25.0
2022-09-21,hard_boiled_egg,506.5,501.5,0.0,5.0
2022-09-21,blue_cheese,1002.0,967.0,0.0,35.0
2022-09-21,apples,1002.0,967.0,0.0,35.0
2022-09-21,strawberries,1002.0,967.0,0.0,35.0
2022-09-21,blueberries,1002.0,967.0,0.0,35.0
2022-09-21,harvest_nut_granola,1002.0,967.0,0.0,35.0
2022-09-21,zesty_apple_vinagrette,1002.0,967.0,0.0,35.0
2022-09-21,chicken_tenders,14908.0,14906.0,0.0,2.0
2022-09-21,biscuit,117.0,617.0,525.0,25.0
2022-09-21,chicken_mini_bread,680.0,656.0,0.0,24.0
2022-09-21,butter,857.5,855.25,0.0,2.25
2022-09-21,bacon,503.0,495.0,0.0,8.0
2022-09-21,tortilla,264.0,260.0,0.0,4.0
2022-09-21,eggs,332.0,315.0,0.0,17.0
2022-09-21,sausage,325.0,324.0,0.0,1.0
2022-09-21,bagel,299.0,294.0,0.0,5.0
2022-09-21,oatmeal,333.0,323.0,0.0,10.0
2022-09-21,fruit,496.0,471.0,0.0,25.0
2022-09-21,cream_cheese,305.0,305.0,0.0,0.0
2022-09-21,hash_brown,424.0,418.0,0.0,6.0
2022-09-21,yogurt_parfait,131.0,128.0,0.0,3.0
2022-09-21,cinamon_cluster,119.0,102.0,0.0,17.0
2022-09-21,lemonade,1458.3999999999996,1396.6999999999996,0.0,61.70000000000002
2022-09-21,straw,21700.0,21442.0,0.0,258.0
2022-09-21,small_drink_cup,2726.0,2684.0,0.0,42.0
2022-09-21,medium_drink_cup,2770.0,2596.0,0.0,174.0
2022-09-21,large_drink_cup,2204.0,2162.0,0.0,42.0
2022-09-21,lemonade_diet,2384.5999999999985,2347.7999999999984,0.0,36.800000000000004
2022-09-21,ice_tea_unsweet,7530.599999999989,7506.999999999989,0.0,23.6
2022-09-21,ice_tea_sweet,4022.7999999999965,3982.6999999999966,0.0,40.1
2022-09-21,soft_drink,15081.4,14913.4,0.0,168.0
2022-09-21,dasani_water_bottle,827.0,815.0,0.0,12.0
2022-09-21,orange_juice_bottle,569.0,566.0,0.0,3.0
2022-09-21,apple_juice,683.0,656.0,0.0,27.0
2022-09-21,ice_coffee,636.0,630.5,0.0,5.5
2022-09-21,coffee,599.5,563.5,0.0,36.0
2022-09-21,Coffee_box,235.0,221.0,0.0,14.0
2022-09-21,milk_chocolate,744.0,737.0,0.0,7.0
2022-09-21,milk,390.0,358.0,0.0,32.0
2022-09-21,icecream,314.0,251.0,0.0,63.0
2022-09-21,vanilla_flavor,566.0,557.0,0.0,9.0
2022-09-21,cream_flavor,764.0,761.0,0.0,3.0
2022-09-21,chunk_cookie,569.0,538.5,0.0,30.5
2022-09-21,chocolate_flavor,300.0,291.0,0.0,9.0
2022-09-21,strawberry_flavor,212.0,207.0,0.0,5.0
2022-09-21,frosted_extract,320.0,318.0,0.0,2.0
2022-09-21,icecream_cone,206.0,200.0,0.0,6.0
2022-09-21,icecream_come,274.0,269.0,0.0,5.0
2022-09-21,icecream_topping,200.0,194.0,0.0,6.0
2022-09-21,to_go_bag,6926.0,6826.0,0.0,100.0
2022-09-21,napkins,13630.0,13130.0,0.0,500.0
2022-09-21,ketchup,7378.0,7370.0,0.0,8.0
2022-09-21,ranch,7424.0,7410.0,0.0,14.0
2022-09-21,buffalo_sauce,7686.0,7683.0,0.0,3.0
2022-09-21,bbq_sauce,7662.0,7658.0,0.0,4.0
2022-09-21,polyneasian,7538.0,7525.0,0.0,13.0
2022-09-21,chickfala,7400.0,7392.0,0.0,8.0
2022-09-21,silverware,7442.0,7436.0,0.0,6.0
2022-09-22,fried_batter,731.8000000000003,585.4000000000003,0.0,146.39999999999998
2022-09-22,bun,329.0,281.0,0.0,48.0
2022-09-22,chicken_patty,1874.0,1793.5,0.0,80.5
2022-09-22,pickle_chips,3612.0,3468.0,0.0,144.0
2022-09-22,lettuce,534.0,474.0,0.0,60.0
2022-09-22,tomato,534.0,474.0,0.0,60.0
2022-09-22,cheese,571.5,523.5,0.0,48.0
2022-09-22,spice,2064.0,2031.0,0.0,33.0
2022-09-22,chicken_nuggets,6702.0,6265.5,0.0,436.5
2022-09-22,chicken_strips,4914.0,4858.0,0.0,56.0
2022-09-22,flat_bread,424.5,415.5,0.0,9.0
2022-09-22,mixed_greens,1072.0,1018.5,0.0,53.5
2022-09-22,shredded_monterey_jack,652.0,628.0,0.0,24.0
2022-09-22,waffle_fries,15364.28000000001,15201.56000000001,0.0,162.72
2022-09-22,roasted_corn_kernels,234.0,230.0,0.0,4.0
2022-09-22,crumbled_bacon,234.0,230.0,0.0,4.0
2022-09-22,avacado_lime_dressing,584.0,580.0,0.0,4.0
2022-09-22,red_bell_pepers,759.0,755.0,0.0,4.0
2022-09-22,grape tomatoes,295.0,275.0,0.0,20.0
2022-09-22,hard_boiled_egg,496.5,492.5,0.0,4.0
2022-09-22,blue_cheese,932.0,887.0,0.0,45.0
2022-09-22,apples,932.0,887.0,0.0,45.0
2022-09-22,strawberries,932.0,887.0,0.0,45.0
2022-09-22,blueberries,932.0,887.0,0.0,45.0
2022-09-22,harvest_nut_granola,932.0,887.0,0.0,45.0
2022-09-22,zesty_apple_vinagrette,932.0,887.0,0.0,45.0
2022-09-22,chicken_tenders,14904.0,14890.0,0.0,14.0
2022-09-22,biscuit,1117.0,1073.0,0.0,44.0
2022-09-22,chicken_mini_bread,632.0,590.0,0.0,42.0
2022-09-22,butter,853.0,850.75,0.0,2.25
2022-09-22,bacon,487.0,485.0,0.0,2.0
2022-09-22,tortilla,256.0,245.0,0.0,11.0
2022-09-22,eggs,298.0,269.0,0.0,29.0
2022-09-22,sausage,323.0,307.0,0.0,16.0
2022-09-22,bagel,289.0,268.0,0.0,21.0
2022-09-22,oatmeal,313.0,291.0,0.0,22.0
2022-09-22,fruit,446.0,397.0,0.0,49.0
2022-09-22,cream_cheese,305.0,302.0,0.0,3.0
2022-09-22,hash_brown,412.0,408.0,0.0,4.0
2022-09-22,yogurt_parfait,125.0,123.0,0.0,2.0
2022-09-22,cinamon_cluster,85.0,79.0,0.0,6.0
2022-09-22,lemonade,1334.9999999999995,1285.1999999999996,0.0,49.800000000000004
2022-09-22,straw,21184.0,20896.0,0.0,288.0
2022-09-22,small_drink_cup,2642.0,2601.0,0.0,41.0
2022-09-22,medium_drink_cup,2422.0,2236.0,0.0,186.0
2022-09-22,large_drink_cup,2120.0,2059.0,0.0,61.0
2022-09-22,lemonade_diet,2310.999999999998,2268.699999999998,0.0,42.300000000000004
2022-09-22,ice_tea_unsweet,7483.399999999989,7450.999999999989,0.0,32.4
2022-09-22,ice_tea_sweet,3942.5999999999967,3887.0999999999967,0.0,55.500000000000014
2022-09-22,soft_drink,14745.4,14581.3,0.0,164.1
2022-09-22,dasani_water_bottle,803.0,796.0,0.0,7.0
2022-09-22,orange_juice_bottle,563.0,560.0,0.0,3.0
2022-09-22,apple_juice,629.0,621.0,0.0,8.0
2022-09-22,ice_coffee,625.0,606.75,0.0,18.25
2022-09-22,coffee,527.5,494.25,0.0,33.25
2022-09-22,Coffee_box,207.0,195.0,0.0,12.0
2022-09-22,milk_chocolate,730.0,726.0,0.0,4.0
2022-09-22,milk,326.0,294.0,0.0,32.0
2022-09-22,icecream,188.0,112.0,0.0,76.0
2022-09-22,vanilla_flavor,548.0,544.0,0.0,4.0
2022-09-22,cream_flavor,758.0,754.0,0.0,4.0
2022-09-22,chunk_cookie,508.0,485.0,0.0,23.0
2022-09-22,chocolate_flavor,282.0,273.0,0.0,9.0
2022-09-22,strawberry_flavor,202.0,191.0,0.0,11.0
2022-09-22,frosted_extract,316.0,313.0,0.0,3.0
2022-09-22,icecream_cone,194.0,185.0,0.0,9.0
2022-09-22,icecream_come,264.0,253.0,0.0,11.0
2022-09-22,icecream_topping,188.0,179.0,0.0,9.0
2022-09-22,to_go_bag,6726.0,6597.0,0.0,129.0
2022-09-22,napkins,12630.0,11985.0,0.0,645.0
2022-09-22,ketchup,7362.0,7353.0,0.0,9.0
2022-09-22,ranch,7396.0,7384.0,0.0,12.0
2022-09-22,buffalo_sauce,7680.0,7675.0,0.0,5.0
2022-09-22,bbq_sauce,7654.0,7635.0,0.0,19.0
2022-09-22,polyneasian,7512.0,7505.0,0.0,7.0
2022-09-22,chickfala,7384.0,7378.0,0.0,6.0
2022-09-22,silverware,7430.0,7420.0,0.0,10.0
2022-09-23,fried_batter,439.00000000000034,275.60000000000036,0.0,163.4
2022-09-23,bun,233.0,175.0,0.0,58.0
2022-09-23,chicken_patty,1713.0,1629.5,0.0,83.5
2022-09-23,pickle_chips,3324.0,3150.0,0.0,174.0
2022-09-23,lettuce,414.0,376.0,0.0,38.0
2022-09-23,tomato,414.0,376.0,0.0,38.0
2022-09-23,cheese,475.5,438.5,0.0,37.0
2022-09-23,spice,1998.0,1972.0,0.0,26.0
2022-09-23,chicken_nuggets,5829.0,5440.0,0.0,389.0
2022-09-23,chicken_strips,4802.0,4744.0,0.0,58.0
2022-09-23,flat_bread,406.5,402.5,0.0,4.0
2022-09-23,mixed_greens,965.0,910.0,0.0,55.0
2022-09-23,shredded_monterey_jack,604.0,575.0,0.0,29.0
2022-09-23,waffle_fries,15038.840000000011,14906.74000000001,0.0,132.10000000000002
2022-09-23,roasted_corn_kernels,226.0,220.0,0.0,6.0
2022-09-23,crumbled_bacon,226.0,220.0,0.0,6.0
2022-09-23,avacado_lime_dressing,576.0,570.0,0.0,6.0
2022-09-23,red_bell_pepers,751.0,745.0,0.0,6.0
2022-09-23,grape tomatoes,255.0,1100.0,875.0,30.0
2022-09-23,hard_boiled_egg,488.5,482.5,0.0,6.0
2022-09-23,blue_cheese,842.0,795.0,0.0,47.0
2022-09-23,apples,842.0,795.0,0.0,47.0
2022-09-23,strawberries,842.0,795.0,0.0,47.0
2022-09-23,blueberries,842.0,795.0,0.0,47.0
2022-09-23,harvest_nut_granola,842.0,795.0,0.0,47.0
2022-09-23,zesty_apple_vinagrette,842.0,795.0,0.0,47.0
2022-09-23,chicken_tenders,14876.0,14852.0,0.0,24.0
2022-09-23,biscuit,1029.0,1001.0,0.0,28.0
2022-09-23,chicken_mini_bread,548.0,2211.0,1750.0,87.0
2022-09-23,butter,848.5,847.75,0.0,0.75
2022-09-23,bacon,483.0,478.0,0.0,5.0
2022-09-23,tortilla,234.0,215.0,0.0,19.0
2022-09-23,eggs,240.0,203.0,0.0,37.0
2022-09-23,sausage,291.0,284.0,0.0,7.0
2022-09-23,bagel,247.0,219.0,0.0,28.0
2022-09-23,oatmeal,269.0,255.0,0.0,14.0
2022-09-23,fruit,348.0,323.5,0.0,24.5
2022-09-23,cream_cheese,299.0,290.0,0.0,9.0
2022-09-23,hash_brown,404.0,398.0,0.0,6.0
2022-09-23,yogurt_parfait,121.0,114.0,0.0,7.0
2022-09-23,cinamon_cluster,73.0,58.0,0.0,15.0
2022-09-23,lemonade,1235.3999999999996,1151.8999999999996,0.0,83.50000000000001
2022-09-23,straw,20608.0,20333.0,0.0,275.0
2022-09-23,small_drink_cup,2560.0,2510.0,0.0,50.0
2022-09-23,medium_drink_cup,2050.0,1876.0,0.0,174.0
2022-09-23,large_drink_cup,1998.0,1947.0,0.0,51.0
2022-09-23,lemonade_diet,2226.399999999998,2200.0999999999976,0.0,26.299999999999997
2022-09-23,ice_tea_unsweet,7418.599999999989,7383.799999999989,0.0,34.800000000000004
2022-09-23,ice_tea_sweet,3831.5999999999967,3760.999999999997,0.0,70.60000000000001
2022-09-23,soft_drink,14417.199999999999,14268.8,0.0,148.4
2022-09-23,dasani_water_bottle,789.0,779.0,0.0,10.0
2022-09-23,orange_juice_bottle,557.0,549.0,0.0,8.0
2022-09-23,apple_juice,613.0,611.0,0.0,2.0
2022-09-23,ice_coffee,588.5,573.25,0.0,15.25
2022-09-23,coffee,461.0,433.75,0.0,27.25
2022-09-23,Coffee_box,183.0,177.0,0.0,6.0
2022-09-23,milk_chocolate,722.0,716.0,0.0,6.0
2022-09-23,milk,262.0,232.0,0.0,30.0
2022-09-23,icecream,36.0,330.0,350.0,56.0
2022-09-23,vanilla_flavor,540.0,540.0,0.0,0.0
2022-09-23,cream_flavor,750.0,748.0,0.0,2.0
2022-09-23,chunk_cookie,462.0,413.0,0.0,49.0
2022-09-23,chocolate_flavor,264.0,254.0,0.0,10.0
2022-09-23,strawberry_flavor,180.0,172.0,0.0,8.0
2022-09-23,frosted_extract,310.0,301.0,0.0,9.0
2022-09-23,icecream_cone,176.0,171.0,0.0,5.0
2022-09-23,icecream_come,242.0,231.0,0.0,11.0
2022-09-23,icecream_topping,170.0,162.0,0.0,8.0
2022-09-23,to_go_bag,6468.0,6351.0,0.0,117.0
2022-09-23,napkins,11340.0,10755.0,0.0,585.0
2022-09-23,ketchup,7344.0,7336.0,0.0,8.0
2022-09-23,ranch,7372.0,7360.0,0.0,12.0
2022-09-23,buffalo_sauce,7670.0,7666.0,0.0,4.0
2022-09-23,bbq_sauce,7616.0,7616.0,0.0,0.0
2022-09-23,polyneasian,7498.0,7486.0,0.0,12.0
2022-09-23,chickfala,7372.0,7360.0,0.0,12.0
2022-09-23,silverware,7410.0,7396.0,0.0,14.0
2022-09-24,fried_batter,112.20000000000036,546.2000000000004,525.0,91.0
2022-09-24,bun,117.0,610.0,525.0,32.0
2022-09-24,chicken_patty,1546.0,1483.0,0.0,63.0
2022-09-24,pickle_chips,2976.0,2880.0,0.0,96.0
2022-09-24,lettuce,338.0,304.0,0.0,34.0
2022-09-24,tomato,338.0,304.0,0.0,34.0
2022-09-24,cheese,401.5,373.5,0.0,28.0
2022-09-24,spice,1946.0,1912.0,0.0,34.0
2022-09-24,chicken_nuggets,5051.0,4627.0,0.0,424.0
2022-09-24,chicken_strips,4686.0,4657.0,0.0,29.0
2022-09-24,flat_bread,398.5,388.5,0.0,10.0
2022-09-24,mixed_greens,855.0,774.0,0.0,81.0
2022-09-24,shredded_monterey_jack,546.0,525.0,0.0,21.0
2022-09-24,waffle_fries,14774.64000000001,14637.000000000011,0.0,137.64000000000001
2022-09-24,roasted_corn_kernels,214.0,207.0,0.0,7.0
2022-09-24,crumbled_bacon,214.0,207.0,0.0,7.0
2022-09-24,avacado_lime_dressing,564.0,557.0,0.0,7.0
2022-09-24,red_bell_pepers,739.0,732.0,0.0,7.0
2022-09-24,grape tomatoes,1945.0,1910.0,0.0,35.0
2022-09-24,hard_boiled_egg,476.5,469.5,0.0,7.0
2022-09-24,blue_cheese,748.0,679.0,0.0,69.0
2022-09-24,apples,748.0,679.0,0.0,69.0
2022-09-24,strawberries,748.0,679.0,0.0,69.0
2022-09-24,blueberries,748.0,679.0,0.0,69.0
2022-09-24,harvest_nut_granola,748.0,679.0,0.0,69.0
2022-09-24,zesty_apple_vinagrette,748.0,679.0,0.0,69.0
2022-09-24,chicken_tenders,14828.0,14806.0,0.0,22.0
2022-09-24,biscuit,973.0,944.0,0.0,29.0
2022-09-24,chicken_mini_bread,3874.0,3838.0,0.0,36.0
2022-09-24,butter,847.0,846.5,0.0,0.5
2022-09-24,bacon,473.0,462.0,0.0,11.0
2022-09-24,tortilla,196.0,192.0,0.0,4.0
2022-09-24,eggs,166.0,151.0,0.0,15.0
2022-09-24,sausage,277.0,277.0,0.0,0.0
2022-09-24,bagel,191.0,182.0,0.0,9.0
2022-09-24,oatmeal,241.0,213.0,0.0,28.0
2022-09-24,fruit,299.0,271.5,0.0,27.5
2022-09-24,cream_cheese,281.0,274.0,0.0,7.0
2022-09-24,hash_brown,392.0,387.0,0.0,5.0
2022-09-24,yogurt_parfait,107.0,101.0,0.0,6.0
2022-09-24,cinamon_cluster,43.0,211.0,175.0,7.0
2022-09-24,lemonade,1068.3999999999996,1044.9999999999995,0.0,23.4
2022-09-24,straw,20058.0,19827.0,0.0,231.0
2022-09-24,small_drink_cup,2460.0,2427.0,0.0,33.0
2022-09-24,medium_drink_cup,1702.0,1558.0,0.0,144.0
2022-09-24,large_drink_cup,1896.0,1842.0,0.0,54.0
2022-09-24,lemonade_diet,2173.7999999999975,2145.9999999999973,0.0,27.800000000000004
2022-09-24,ice_tea_unsweet,7348.999999999989,7315.599999999989,0.0,33.400000000000006
2022-09-24,ice_tea_sweet,3690.399999999997,3604.899999999997,0.0,85.5
2022-09-24,soft_drink,14120.4,13972.0,0.0,148.4
2022-09-24,dasani_water_bottle,769.0,757.0,0.0,12.0
2022-09-24,orange_juice_bottle,541.0,538.0,0.0,3.0
2022-09-24,apple_juice,609.0,609.0,0.0,0.0
2022-09-24,ice_coffee,558.0,534.0,0.0,24.0
2022-09-24,coffee,406.5,380.0,0.0,26.5
2022-09-24,Coffee_box,171.0,163.0,0.0,8.0
2022-09-24,milk_chocolate,710.0,706.0,0.0,4.0
2022-09-24,milk,202.0,178.0,0.0,24.0
2022-09-24,icecream,624.0,580.0,0.0,44.0
2022-09-24,vanilla_flavor,540.0,535.0,0.0,5.0
2022-09-24,cream_flavor,746.0,746.0,0.0,0.0
2022-09-24,chunk_cookie,364.0,349.0,0.0,15.0
2022-09-24,chocolate_flavor,244.0,236.0,0.0,8.0
2022-09-24,strawberry_flavor,164.0,161.0,0.0,3.0
2022-09-24,frosted_extract,292.0,291.0,0.0,1.0
2022-09-24,icecream_cone,166.0,162.0,0.0,4.0
2022-09-24,icecream_come,220.0,212.0,0.0,8.0
2022-09-24,icecream_topping,154.0,151.0,0.0,3.0
2022-09-24,to_go_bag,6234.0,6134.0,0.0,100.0
2022-09-24,napkins,10170.0,9670.0,0.0,500.0
2022-09-24,ketchup,7328.0,7325.0,0.0,3.0
2022-09-24,ranch,7348.0,7344.0,0.0,4.0
2022-09-24,buffalo_sauce,7662.0,7658.0,0.0,4.0
2022-09-24,bbq_sauce,7616.0,7602.0,0.0,14.0
2022-09-24,polyneasian,7474.0,7460.0,0.0,14.0
2022-09-24,chickfala,7348.0,7343.0,0.0,5.0
2022-09-24,silverware,7382.0,7375.0,0.0,7.0
2022-09-26,fried_batter,980.2000000000003,829.2000000000003,0.0,150.99999999999997
2022-09-26,bun,1103.0,1058.0,0.0,45.0
2022-09-26,chicken_patty,1420.0,1337.5,0.0,82.5
2022-09-26,pickle_chips,2784.0,2649.0,0.0,135.0
2022-09-26,lettuce,270.0,224.0,0.0,46.0
2022-09-26,tomato,270.0,224.0,0.0,46.0
2022-09-26,cheese,345.5,304.5,0.0,41.0
2022-09-26,spice,1878.0,1848.0,0.0,30.0
2022-09-26,chicken_nuggets,4203.0,3710.0,0.0,493.0
2022-09-26,chicken_strips,4628.0,4555.0,0.0,73.0
2022-09-26,flat_bread,378.5,370.5,0.0,8.0
2022-09-26,mixed_greens,693.0,636.0,0.0,57.0
2022-09-26,shredded_monterey_jack,504.0,477.0,0.0,27.0
2022-09-26,waffle_fries,14499.360000000011,14341.480000000012,0.0,157.88
2022-09-26,roasted_corn_kernels,200.0,184.0,0.0,16.0
2022-09-26,crumbled_bacon,200.0,184.0,0.0,16.0
2022-09-26,avacado_lime_dressing,550.0,534.0,0.0,16.0
2022-09-26,red_bell_pepers,725.0,709.0,0.0,16.0
2022-09-26,grape tomatoes,1875.0,1795.0,0.0,80.0
2022-09-26,hard_boiled_egg,462.5,446.5,0.0,16.0
2022-09-26,blue_cheese,610.0,573.0,0.0,37.0
2022-09-26,apples,610.0,573.0,0.0,37.0
2022-09-26,strawberries,610.0,573.0,0.0,37.0
2022-09-26,blueberries,610.0,573.0,0.0,37.0
2022-09-26,harvest_nut_granola,610.0,573.0,0.0,37.0
2022-09-26,zesty_apple_vinagrette,610.0,573.0,0.0,37.0
2022-09-26,chicken_tenders,14784.0,14784.0,0.0,0.0
2022-09-26,biscuit,915.0,846.0,0.0,69.0
2022-09-26,chicken_mini_bread,3802.0,3724.0,0.0,78.0
2022-09-26,butter,846.0,842.0,0.0,4.0
2022-09-26,bacon,451.0,449.0,0.0,2.0
2022-09-26,tortilla,188.0,185.0,0.0,3.0
2022-09-26,eggs,136.0,115.0,0.0,21.0
2022-09-26,sausage,277.0,261.0,0.0,16.0
2022-09-26,bagel,173.0,154.0,0.0,19.0
2022-09-26,oatmeal,185.0,175.0,0.0,10.0
2022-09-26,fruit,244.0,215.0,0.0,29.0
2022-09-26,cream_cheese,267.0,255.0,0.0,12.0
2022-09-26,hash_brown,382.0,372.0,0.0,10.0
2022-09-26,yogurt_parfait,95.0,93.0,0.0,2.0
2022-09-26,cinamon_cluster,379.0,373.0,0.0,6.0
2022-09-26,lemonade,1021.5999999999996,4474.299999999999,3500.0,47.30000000000001
2022-09-26,straw,19596.0,19315.0,0.0,281.0
2022-09-26,small_drink_cup,2394.0,2342.0,0.0,52.0
2022-09-26,medium_drink_cup,1414.0,1236.0,0.0,178.0
2022-09-26,large_drink_cup,1788.0,1737.0,0.0,51.0
2022-09-26,lemonade_diet,2118.199999999997,2088.399999999997,0.0,29.800000000000004
2022-09-26,ice_tea_unsweet,7282.19999999999,7237.19999999999,0.0,45.0
2022-09-26,ice_tea_sweet,3519.399999999997,3479.999999999997,0.0,39.400000000000006
2022-09-26,soft_drink,13823.6,13670.300000000001,0.0,153.3
2022-09-26,dasani_water_bottle,745.0,743.0,0.0,2.0
2022-09-26,orange_juice_bottle,535.0,526.0,0.0,9.0
2022-09-26,apple_juice,609.0,598.0,0.0,11.0
2022-09-26,ice_coffee,510.0,503.25,0.0,6.75
2022-09-26,coffee,353.5,320.5,0.0,33.0
2022-09-26,Coffee_box,155.0,137.0,0.0,18.0
2022-09-26,milk_chocolate,702.0,696.0,0.0,6.0
2022-09-26,milk,154.0,116.0,0.0,38.0
2022-09-26,icecream,536.0,471.0,0.0,65.0
2022-09-26,vanilla_flavor,530.0,529.0,0.0,1.0
2022-09-26,cream_flavor,746.0,735.0,0.0,11.0
2022-09-26,chunk_cookie,334.0,283.5,0.0,50.5
2022-09-26,chocolate_flavor,228.0,223.0,0.0,5.0
2022-09-26,strawberry_flavor,158.0,148.0,0.0,10.0
2022-09-26,frosted_extract,290.0,284.0,0.0,6.0
2022-09-26,icecream_cone,158.0,147.0,0.0,11.0
2022-09-26,icecream_come,204.0,204.0,0.0,0.0
2022-09-26,icecream_topping,148.0,132.0,0.0,16.0
2022-09-26,to_go_bag,6034.0,5909.0,0.0,125.0
2022-09-26,napkins,9170.0,8545.0,0.0,625.0
2022-09-26,ketchup,7322.0,7311.0,0.0,11.0
2022-09-26,ranch,7340.0,7327.0,0.0,13.0
2022-09-26,buffalo_sauce,7654.0,7651.0,0.0,3.0
2022-09-26,bbq_sauce,7588.0,7586.0,0.0,2.0
2022-09-26,polyneasian,7446.0,7444.0,0.0,2.0
2022-09-26,chickfala,7338.0,7333.0,0.0,5.0
2022-09-26,silverware,7368.0,7361.0,0.0,7.0
2022-09-27,fried_batter,678.2000000000003,552.6000000000003,0.0,125.60000000000001
2022-09-27,bun,1013.0,973.0,0.0,40.0
2022-09-27,chicken_patty,1255.0,1168.0,0.0,87.0
2022-09-27,pickle_chips,2514.0,2394.0,0.0,120.0
2022-09-27,lettuce,178.0,130.0,0.0,48.0
2022-09-27,tomato,178.0,130.0,0.0,48.0
2022-09-27,cheese,263.5,227.5,0.0,36.0
2022-09-27,spice,1818.0,1794.0,0.0,24.0
2022-09-27,chicken_nuggets,3217.0,2850.0,0.0,367.0
2022-09-27,chicken_strips,4482.0,4424.0,0.0,58.0
2022-09-27,flat_bread,362.5,352.5,0.0,10.0
2022-09-27,mixed_greens,579.0,502.0,0.0,77.0
2022-09-27,shredded_monterey_jack,450.0,432.0,0.0,18.0
2022-09-27,waffle_fries,14183.600000000013,14030.420000000013,0.0,153.17999999999998
2022-09-27,roasted_corn_kernels,168.0,164.0,0.0,4.0
2022-09-27,crumbled_bacon,168.0,164.0,0.0,4.0
2022-09-27,avacado_lime_dressing,518.0,514.0,0.0,4.0
2022-09-27,red_bell_pepers,693.0,689.0,0.0,4.0
2022-09-27,grape tomatoes,1715.0,1695.0,0.0,20.0
2022-09-27,hard_boiled_egg,430.5,426.5,0.0,4.0
2022-09-27,blue_cheese,536.0,468.0,0.0,68.0
2022-09-27,apples,536.0,468.0,0.0,68.0
2022-09-27,strawberries,536.0,468.0,0.0,68.0
2022-09-27,blueberries,536.0,468.0,0.0,68.0
2022-09-27,harvest_nut_granola,536.0,468.0,0.0,68.0
2022-09-27,zesty_apple_vinagrette,536.0,468.0,0.0,68.0
2022-09-27,chicken_tenders,14784.0,14772.0,0.0,12.0
2022-09-27,biscuit,777.0,760.0,0.0,17.0
2022-09-27,chicken_mini_bread,3646.0,3610.0,0.0,36.0
2022-09-27,butter,838.0,836.25,0.0,1.75
2022-09-27,bacon,447.0,445.0,0.0,2.0
2022-09-27,tortilla,182.0,178.0,0.0,4.0
2022-09-27,eggs,94.0,428.0,350.0,16.0
2022-09-27,sausage,245.0,243.0,0.0,2.0
2022-09-27,bagel,135.0,105.0,0.0,30.0
2022-09-27,oatmeal,165.0,150.0,0.0,15.0
2022-09-27,fruit,186.0,157.5,0.0,28.5
2022-09-27,cream_cheese,243.0,230.0,0.0,13.0
2022-09-27,hash_brown,362.0,353.0,0.0,9.0
2022-09-27,yogurt_parfait,91.0,86.0,0.0,5.0
2022-09-27,cinamon_cluster,367.0,354.0,0.0,13.0
2022-09-27,lemonade,7926.999999999999,7867.199999999999,0.0,59.8
2022-09-27,straw,19034.0,18781.0,0.0,253.0
2022-09-27,small_drink_cup,2290.0,2255.0,0.0,35.0
2022-09-27,medium_drink_cup,1058.0,4382.0,3500.0,176.0
2022-09-27,large_drink_cup,1686.0,1644.0,0.0,42.0
2022-09-27,lemonade_diet,2058.5999999999967,2036.7999999999968,0.0,21.8
2022-09-27,ice_tea_unsweet,7192.19999999999,7167.39999999999,0.0,24.799999999999997
2022-09-27,ice_tea_sweet,3440.5999999999967,3382.5999999999967,0.0,58.0
2022-09-27,soft_drink,13517.000000000002,13367.900000000001,0.0,149.1
2022-09-27,dasani_water_bottle,741.0,740.0,0.0,1.0
2022-09-27,orange_juice_bottle,517.0,513.0,0.0,4.0
2022-09-27,apple_juice,587.0,581.0,0.0,6.0
2022-09-27,ice_coffee,496.5,479.75,0.0,16.75
2022-09-27,coffee,287.5,1324.5,1050.0,13.0
2022-09-27,Coffee_box,119.0,116.0,0.0,3.0
2022-09-27,milk_chocolate,690.0,680.0,0.0,10.0
2022-09-27,milk,78.0,381.0,350.0,47.0
2022-09-27,icecream,406.0,311.0,0.0,95.0
2022-09-27,vanilla_flavor,528.0,523.0,0.0,5.0
2022-09-27,cream_flavor,724.0,712.0,0.0,12.0
2022-09-27,chunk_cookie,233.0,187.0,0.0,46.0
2022-09-27,chocolate_flavor,218.0,204.0,0.0,14.0
2022-09-27,strawberry_flavor,138.0,129.0,0.0,9.0
2022-09-27,frosted_extract,278.0,261.0,0.0,17.0
2022-09-27,icecream_cone,136.0,128.0,0.0,8.0
2022-09-27,icecream_come,204.0,197.0,0.0,7.0
2022-09-27,icecream_topping,116.0,107.0,0.0,9.0
2022-09-27,to_go_bag,5784.0,5668.0,0.0,116.0
2022-09-27,napkins,7920.0,7340.0,0.0,580.0
2022-09-27,ketchup,7300.0,7289.0,0.0,11.0
2022-09-27,ranch,7314.0,7306.0,0.0,8.0
2022-09-27,buffalo_sauce,7648.0,7646.0,0.0,2.0
2022-09-27,bbq_sauce,7584.0,7581.0,0.0,3.0
2022-09-27,polyneasian,7442.0,7433.0,0.0,9.0
2022-09-27,chickfala,7328.0,7321.0,0.0,7.0
2022-09-27,silverware,7354.0,7345.0,0.0,9.0
2022-09-28,fried_batter,427.0000000000002,261.8000000000002,0.0,165.20000000000002
2022-09-28,bun,933.0,860.0,0.0,73.0
2022-09-28,chicken_patty,1081.0,969.5,0.0,111.5
2022-09-28,pickle_chips,2274.0,2055.0,0.0,219.0
2022-09-28,lettuce,82.0,360.0,350.0,72.0
2022-09-28,tomato,82.0,360.0,350.0,72.0
2022-09-28,cheese,191.5,130.5,0.0,61.0
2022-09-28,spice,1770.0,1744.0,0.0,26.0
2022-09-28,chicken_nuggets,2483.0,2173.5,0.0,309.5
2022-09-28,chicken_strips,4366.0,4298.0,0.0,68.0
2022-09-28,flat_bread,342.5,327.5,0.0,15.0
2022-09-28,mixed_greens,425.0,357.5,0.0,67.5
2022-09-28,shredded_monterey_jack,414.0,387.0,0.0,27.0
2022-09-28,waffle_fries,13877.240000000013,13728.700000000012,0.0,148.54
2022-09-28,roasted_corn_kernels,160.0,157.0,0.0,3.0
2022-09-28,crumbled_bacon,160.0,157.0,0.0,3.0
2022-09-28,avacado_lime_dressing,510.0,507.0,0.0,3.0
2022-09-28,red_bell_pepers,685.0,682.0,0.0,3.0
2022-09-28,grape tomatoes,1675.0,1660.0,0.0,15.0
2022-09-28,hard_boiled_egg,422.5,419.5,0.0,3.0
2022-09-28,blue_cheese,400.0,343.0,0.0,57.0
2022-09-28,apples,400.0,343.0,0.0,57.0
2022-09-28,strawberries,400.0,343.0,0.0,57.0
2022-09-28,blueberries,400.0,343.0,0.0,57.0
2022-09-28,harvest_nut_granola,400.0,343.0,0.0,57.0
2022-09-28,zesty_apple_vinagrette,400.0,343.0,0.0,57.0
2022-09-28,chicken_tenders,14760.0,14734.0,0.0,26.0
2022-09-28,biscuit,743.0,702.0,0.0,41.0
2022-09-28,chicken_mini_bread,3574.0,3499.0,0.0,75.0
2022-09-28,butter,834.5,832.5,0.0,2.0
2022-09-28,bacon,443.0,434.0,0.0,9.0
2022-09-28,tortilla,174.0,165.0,0.0,9.0
2022-09-28,eggs,762.0,728.0,0.0,34.0
2022-09-28,sausage,241.0,234.0,0.0,7.0
2022-09-28,bagel,75.0,56.0,0.0,19.0
2022-09-28,oatmeal,135.0,125.0,0.0,10.0
2022-09-28,fruit,129.0,446.5,350.0,32.5
2022-09-28,cream_cheese,217.0,214.0,0.0,3.0
2022-09-28,hash_brown,344.0,337.0,0.0,7.0
2022-09-28,yogurt_parfait,81.0,77.0,0.0,4.0
2022-09-28,cinamon_cluster,341.0,340.0,0.0,1.0
2022-09-28,lemonade,7807.399999999999,7763.199999999999,0.0,44.2
2022-09-28,straw,18528.0,18269.0,0.0,259.0
2022-09-28,small_drink_cup,2220.0,2167.0,0.0,53.0
2022-09-28,medium_drink_cup,7706.0,7539.0,0.0,167.0
2022-09-28,large_drink_cup,1602.0,1563.0,0.0,39.0
2022-09-28,lemonade_diet,2014.9999999999968,2003.9999999999968,0.0,11.0
2022-09-28,ice_tea_unsweet,7142.599999999989,7121.39999999999,0.0,21.200000000000003
2022-09-28,ice_tea_sweet,3324.5999999999967,3253.899999999997,0.0,70.7
2022-09-28,soft_drink,13218.800000000001,13051.800000000001,0.0,166.99999999999997
2022-09-28,dasani_water_bottle,739.0,734.0,0.0,5.0
2022-09-28,orange_juice_bottle,509.0,506.0,0.0,3.0
2022-09-28,apple_juice,575.0,565.0,0.0,10.0
2022-09-28,ice_coffee,463.0,437.75,0.0,25.25
2022-09-28,coffee,2361.5,2322.25,0.0,39.25
2022-09-28,Coffee_box,113.0,107.0,0.0,6.0
2022-09-28,milk_chocolate,670.0,663.0,0.0,7.0
2022-09-28,milk,684.0,643.0,0.0,41.0
2022-09-28,icecream,216.0,130.0,0.0,86.0
2022-09-28,vanilla_flavor,518.0,517.0,0.0,1.0
2022-09-28,cream_flavor,700.0,692.0,0.0,8.0
2022-09-28,chunk_cookie,141.0,109.0,0.0,32.0
2022-09-28,chocolate_flavor,190.0,176.0,0.0,14.0
2022-09-28,strawberry_flavor,120.0,105.0,0.0,15.0
2022-09-28,frosted_extract,244.0,238.0,0.0,6.0
2022-09-28,icecream_cone,120.0,110.0,0.0,10.0
2022-09-28,icecream_come,190.0,190.0,0.0,0.0
2022-09-28,icecream_topping,98.0,438.0,350.0,10.0
2022-09-28,to_go_bag,5552.0,5424.0,0.0,128.0
2022-09-28,napkins,6760.0,6120.0,0.0,640.0
2022-09-28,ketchup,7278.0,7267.0,0.0,11.0
2022-09-28,ranch,7298.0,7287.0,0.0,11.0
2022-09-28,buffalo_sauce,7644.0,7636.0,0.0,8.0
2022-09-28,bbq_sauce,7578.0,7573.0,0.0,5.0
2022-09-28,polyneasian,7424.0,7411.0,0.0,13.0
2022-09-28,chickfala,7314.0,7314.0,0.0,0.0
2022-09-28,silverware,7336.0,7320.0,0.0,16.0
2022-09-29,fried_batter,96.60000000000016,457.8000000000001,525.0,163.8
2022-09-29,bun,787.0,753.0,0.0,34.0
2022-09-29,chicken_patty,858.0,772.0,0.0,86.0
2022-09-29,pickle_chips,1836.0,1734.0,0.0,102.0
2022-09-29,lettuce,638.0,610.0,0.0,28.0
2022-09-29,tomato,638.0,610.0,0.0,28.0
2022-09-29,cheese,69.5,298.0,262.5,34.0
2022-09-29,spice,1718.0,1676.0,0.0,42.0
2022-09-29,chicken_nuggets,1864.0,8382.0,7000.0,482.0
2022-09-29,chicken_strips,4230.0,4144.0,0.0,86.0
2022-09-29,flat_bread,312.5,308.5,0.0,4.0
2022-09-29,mixed_greens,290.0,202.0,0.0,88.0
2022-09-29,shredded_monterey_jack,360.0,345.0,0.0,15.0
2022-09-29,waffle_fries,13580.16000000001,13411.100000000011,0.0,169.06
2022-09-29,roasted_corn_kernels,154.0,147.0,0.0,7.0
2022-09-29,crumbled_bacon,154.0,147.0,0.0,7.0
2022-09-29,avacado_lime_dressing,504.0,497.0,0.0,7.0
2022-09-29,red_bell_pepers,679.0,672.0,0.0,7.0
2022-09-29,grape tomatoes,1645.0,1610.0,0.0,35.0
2022-09-29,hard_boiled_egg,416.5,409.5,0.0,7.0
2022-09-29,blue_cheese,286.0,207.0,0.0,79.0
2022-09-29,apples,286.0,207.0,0.0,79.0
2022-09-29,strawberries,286.0,207.0,0.0,79.0
2022-09-29,blueberries,286.0,207.0,0.0,79.0
2022-09-29,harvest_nut_granola,286.0,207.0,0.0,79.0
2022-09-29,zesty_apple_vinagrette,286.0,207.0,0.0,79.0
2022-09-29,chicken_tenders,14708.0,14670.0,0.0,38.0
2022-09-29,biscuit,661.0,620.0,0.0,41.0
2022-09-29,chicken_mini_bread,3424.0,3382.0,0.0,42.0
2022-09-29,butter,830.5,828.5,0.0,2.0
2022-09-29,bacon,425.0,422.0,0.0,3.0
2022-09-29,tortilla,156.0,152.0,0.0,4.0
2022-09-29,eggs,694.0,670.0,0.0,24.0
2022-09-29,sausage,227.0,217.0,0.0,10.0
2022-09-29,bagel,37.0,195.0,175.0,17.0
2022-09-29,oatmeal,115.0,105.0,0.0,10.0
2022-09-29,fruit,764.0,752.5,0.0,11.5
2022-09-29,cream_cheese,211.0,210.0,0.0,1.0
2022-09-29,hash_brown,330.0,320.0,0.0,10.0
2022-09-29,yogurt_parfait,73.0,58.0,0.0,15.0
2022-09-29,cinamon_cluster,339.0,335.0,0.0,4.0
2022-09-29,lemonade,7718.999999999999,7664.699999999999,0.0,54.30000000000001
2022-09-29,straw,18010.0,17757.0,0.0,253.0
2022-09-29,small_drink_cup,2114.0,2076.0,0.0,38.0
2022-09-29,medium_drink_cup,7372.0,7204.0,0.0,168.0
2022-09-29,large_drink_cup,1524.0,1477.0,0.0,47.0
2022-09-29,lemonade_diet,1992.9999999999968,1956.7999999999968,0.0,36.2
2022-09-29,ice_tea_unsweet,7100.19999999999,7073.89999999999,0.0,26.299999999999997
2022-09-29,ice_tea_sweet,3183.199999999997,3109.699999999997,0.0,73.5
2022-09-29,soft_drink,12884.800000000001,12735.300000000001,0.0,149.5
2022-09-29,dasani_water_bottle,729.0,718.0,0.0,11.0
2022-09-29,orange_juice_bottle,503.0,495.0,0.0,8.0
2022-09-29,apple_juice,555.0,550.0,0.0,5.0
2022-09-29,ice_coffee,412.5,387.5,0.0,25.0
2022-09-29,coffee,2283.0,2274.25,0.0,8.75
2022-09-29,Coffee_box,101.0,98.0,0.0,3.0
2022-09-29,milk_chocolate,656.0,649.0,0.0,7.0
2022-09-29,milk,602.0,577.0,0.0,25.0
2022-09-29,icecream,44.0,337.0,350.0,57.0
2022-09-29,vanilla_flavor,516.0,513.0,0.0,3.0
2022-09-29,cream_flavor,684.0,676.0,0.0,8.0
2022-09-29,chunk_cookie,77.0,382.0,350.0,45.0
2022-09-29,chocolate_flavor,162.0,157.0,0.0,5.0
2022-09-29,strawberry_flavor,90.0,438.0,350.0,2.0
2022-09-29,frosted_extract,232.0,226.0,0.0,6.0
2022-09-29,icecream_cone,100.0,442.0,350.0,8.0
2022-09-29,icecream_come,190.0,177.0,0.0,13.0
2022-09-29,icecream_topping,778.0,773.0,0.0,5.0
2022-09-29,to_go_bag,5296.0,5179.0,0.0,117.0
2022-09-29,napkins,5480.0,4895.0,0.0,585.0
2022-09-29,ketchup,7256.0,7256.0,0.0,0.0
2022-09-29,ranch,7276.0,7257.0,0.0,19.0
2022-09-29,buffalo_sauce,7628.0,7628.0,0.0,0.0
2022-09-29,bbq_sauce,7568.0,7567.0,0.0,1.0
2022-09-29,polyneasian,7398.0,7385.0,0.0,13.0
2022-09-29,chickfala,7314.0,7311.0,0.0,3.0
2022-09-29,silverware,7304.0,7296.0,0.0,8.0
2022-09-30,fried_batter,819.0000000000002,694.6000000000003,0.0,124.4
2022-09-30,bun,719.0,681.0,0.0,38.0
2022-09-30,chicken_patty,686.0,602.0,0.0,84.0
2022-09-30,pickle_chips,1632.0,1518.0,0.0,114.0
2022-09-30,lettuce,582.0,544.0,0.0,38.0
2022-09-30,tomato,582.0,544.0,0.0,38.0
2022-09-30,cheese,526.5,474.5,0.0,52.0
2022-09-30,spice,1634.0,1586.0,0.0,48.0
2022-09-30,chicken_nuggets,14900.0,14506.0,0.0,394.0
2022-09-30,chicken_strips,4058.0,4042.0,0.0,16.0
2022-09-30,flat_bread,304.5,298.5,0.0,6.0
2022-09-30,mixed_greens,114.0,744.0,700.0,70.0
2022-09-30,shredded_monterey_jack,330.0,320.0,0.0,10.0
2022-09-30,waffle_fries,13242.040000000012,13102.440000000011,0.0,139.60000000000002
2022-09-30,roasted_corn_kernels,140.0,137.0,0.0,3.0
2022-09-30,crumbled_bacon,140.0,137.0,0.0,3.0
2022-09-30,avacado_lime_dressing,490.0,487.0,0.0,3.0
2022-09-30,red_bell_pepers,665.0,662.0,0.0,3.0
2022-09-30,grape tomatoes,1575.0,1560.0,0.0,15.0
2022-09-30,hard_boiled_egg,402.5,399.5,0.0,3.0
2022-09-30,blue_cheese,128.0,414.0,350.0,64.0
2022-09-30,apples,128.0,414.0,350.0,64.0
2022-09-30,strawberries,128.0,414.0,350.0,64.0
2022-09-30,blueberries,128.0,414.0,350.0,64.0
2022-09-30,harvest_nut_granola,128.0,414.0,350.0,64.0
2022-09-30,zesty_apple_vinagrette,128.0,414.0,350.0,64.0
2022-09-30,chicken_tenders,14632.0,14624.0,0.0,8.0
2022-09-30,biscuit,579.0,538.0,0.0,41.0
2022-09-30,chicken_mini_bread,3340.0,3295.0,0.0,45.0
2022-09-30,butter,826.5,824.25,0.0,2.25
2022-09-30,bacon,419.0,406.0,0.0,13.0
2022-09-30,tortilla,148.0,147.0,0.0,1.0
2022-09-30,eggs,646.0,612.0,0.0,34.0
2022-09-30,sausage,207.0,198.0,0.0,9.0
2022-09-30,bagel,353.0,337.0,0.0,16.0
2022-09-30,oatmeal,95.0,73.0,0.0,22.0
2022-09-30,fruit,741.0,714.5,0.0,26.5
2022-09-30,cream_cheese,209.0,205.0,0.0,4.0
2022-09-30,hash_brown,310.0,306.0,0.0,4.0
2022-09-30,yogurt_parfait,43.0,213.0,175.0,5.0
2022-09-30,cinamon_cluster,331.0,329.0,0.0,2.0
2022-09-30,lemonade,7610.399999999999,7581.699999999999,0.0,28.7
2022-09-30,straw,17504.0,17268.0,0.0,236.0
2022-09-30,small_drink_cup,2038.0,1996.0,0.0,42.0
2022-09-30,medium_drink_cup,7036.0,6874.0,0.0,162.0
2022-09-30,large_drink_cup,1430.0,1398.0,0.0,32.0
2022-09-30,lemonade_diet,1920.5999999999967,1908.3999999999967,0.0,12.2
2022-09-30,ice_tea_unsweet,7047.599999999989,7025.599999999989,0.0,22.0
2022-09-30,ice_tea_sweet,3036.199999999997,2987.099999999997,0.0,49.1
2022-09-30,soft_drink,12585.800000000001,12420.6,0.0,165.20000000000002
2022-09-30,dasani_water_bottle,707.0,704.0,0.0,3.0
2022-09-30,orange_juice_bottle,487.0,477.0,0.0,10.0
2022-09-30,apple_juice,545.0,540.0,0.0,5.0
2022-09-30,ice_coffee,362.5,340.0,0.0,22.5
2022-09-30,coffee,2265.5,2253.0,0.0,12.5
2022-09-30,Coffee_box,95.0,82.0,0.0,13.0
2022-09-30,milk_chocolate,642.0,639.0,0.0,3.0
2022-09-30,milk,552.0,511.0,0.0,41.0
2022-09-30,icecream,630.0,553.0,0.0,77.0
2022-09-30,vanilla_flavor,510.0,496.0,0.0,14.0
2022-09-30,cream_flavor,668.0,662.0,0.0,6.0
2022-09-30,chunk_cookie,687.0,669.0,0.0,18.0
2022-09-30,chocolate_flavor,152.0,146.0,0.0,6.0
2022-09-30,strawberry_flavor,786.0,777.0,0.0,9.0
2022-09-30,frosted_extract,220.0,211.0,0.0,9.0
2022-09-30,icecream_cone,784.0,778.0,0.0,6.0
2022-09-30,icecream_come,164.0,163.0,0.0,1.0
2022-09-30,icecream_topping,768.0,759.0,0.0,9.0
2022-09-30,to_go_bag,5062.0,4948.0,0.0,114.0
2022-09-30,napkins,4310.0,3740.0,0.0,570.0
2022-09-30,ketchup,7256.0,7247.0,0.0,9.0
2022-09-30,ranch,7238.0,7233.0,0.0,5.0
2022-09-30,buffalo_sauce,7628.0,7616.0,0.0,12.0
2022-09-30,bbq_sauce,7566.0,7553.0,0.0,13.0
2022-09-30,polyneasian,7372.0,7365.0,0.0,7.0
2022-09-30,chickfala,7308.0,7300.0,0.0,8.0
2022-09-30,silverware,7288.0,7288.0,0.0,0.0
2022-10-01,fried_batter,570.2000000000003,408.8000000000003,0.0,161.39999999999998
2022-10-01,bun,643.0,585.0,0.0,58.0
2022-10-01,chicken_patty,518.0,415.5,0.0,102.5
2022-10-01,pickle_chips,1404.0,1230.0,0.0,174.0
2022-10-01,lettuce,506.0,438.0,0.0,68.0
2022-10-01,tomato,506.0,438.0,0.0,68.0
2022-10-01,cheese,422.5,380.5,0.0,42.0
2022-10-01,spice,1538.0,1510.0,0.0,28.0
2022-10-01,chicken_nuggets,14112.0,13747.5,0.0,364.5
2022-10-01,chicken_strips,4026.0,3992.0,0.0,34.0
2022-10-01,flat_bread,292.5,281.5,0.0,11.0
2022-10-01,mixed_greens,1374.0,1293.5,0.0,80.5
2022-10-01,shredded_monterey_jack,310.0,1346.0,1050.0,14.0
2022-10-01,waffle_fries,12962.840000000011,12819.120000000012,0.0,143.72000000000003
2022-10-01,roasted_corn_kernels,134.0,134.0,0.0,0.0
2022-10-01,crumbled_bacon,134.0,134.0,0.0,0.0
2022-10-01,avacado_lime_dressing,484.0,484.0,0.0,0.0
2022-10-01,red_bell_pepers,659.0,659.0,0.0,0.0
2022-10-01,grape tomatoes,1545.0,1545.0,0.0,0.0
2022-10-01,hard_boiled_egg,396.5,396.5,0.0,0.0
2022-10-01,blue_cheese,700.0,625.0,0.0,75.0
2022-10-01,apples,700.0,625.0,0.0,75.0
2022-10-01,strawberries,700.0,625.0,0.0,75.0
2022-10-01,blueberries,700.0,625.0,0.0,75.0
2022-10-01,harvest_nut_granola,700.0,625.0,0.0,75.0
2022-10-01,zesty_apple_vinagrette,700.0,625.0,0.0,75.0
2022-10-01,chicken_tenders,14616.0,14576.0,0.0,40.0
2022-10-01,biscuit,497.0,469.0,0.0,28.0
2022-10-01,chicken_mini_bread,3250.0,3187.0,0.0,63.0
2022-10-01,butter,822.0,821.75,0.0,0.25
2022-10-01,bacon,393.0,390.0,0.0,3.0
2022-10-01,tortilla,146.0,143.0,0.0,3.0
2022-10-01,eggs,578.0,567.0,0.0,11.0
2022-10-01,sausage,189.0,188.0,0.0,1.0
2022-10-01,bagel,321.0,308.0,0.0,13.0
2022-10-01,oatmeal,51.0,216.0,175.0,10.0
2022-10-01,fruit,688.0,664.5,0.0,23.5
2022-10-01,cream_cheese,201.0,196.0,0.0,5.0
2022-10-01,hash_brown,302.0,299.0,0.0,3.0
2022-10-01,yogurt_parfait,383.0,378.0,0.0,5.0
2022-10-01,cinamon_cluster,327.0,316.0,0.0,11.0
2022-10-01,lemonade,7552.999999999999,7499.699999999999,0.0,53.30000000000001
2022-10-01,straw,17032.0,16816.0,0.0,216.0
2022-10-01,small_drink_cup,1954.0,1914.0,0.0,40.0
2022-10-01,medium_drink_cup,6712.0,6571.0,0.0,141.0
2022-10-01,large_drink_cup,1366.0,1331.0,0.0,35.0
2022-10-01,lemonade_diet,1896.1999999999966,1883.2999999999965,0.0,12.9
2022-10-01,ice_tea_unsweet,7003.599999999989,6982.499999999989,0.0,21.1
2022-10-01,ice_tea_sweet,2937.9999999999973,2908.7999999999975,0.0,29.200000000000003
2022-10-01,soft_drink,12255.4,12118.1,0.0,137.3
2022-10-01,dasani_water_bottle,701.0,697.0,0.0,4.0
2022-10-01,orange_juice_bottle,467.0,455.0,0.0,12.0
2022-10-01,apple_juice,535.0,528.0,0.0,7.0
2022-10-01,ice_coffee,317.5,304.25,0.0,13.25
2022-10-01,coffee,2240.5,2219.25,0.0,21.25
2022-10-01,Coffee_box,69.0,66.0,0.0,3.0
2022-10-01,milk_chocolate,636.0,631.0,0.0,5.0
2022-10-01,milk,470.0,427.0,0.0,43.0
2022-10-01,icecream,476.0,377.0,0.0,99.0
2022-10-01,vanilla_flavor,482.0,475.0,0.0,7.0
2022-10-01,cream_flavor,656.0,645.0,0.0,11.0
2022-10-01,chunk_cookie,651.0,579.5,0.0,71.5
2022-10-01,chocolate_flavor,140.0,135.0,0.0,5.0
2022-10-01,strawberry_flavor,768.0,752.0,0.0,16.0
2022-10-01,frosted_extract,202.0,202.0,0.0,0.0
2022-10-01,icecream_cone,772.0,762.0,0.0,10.0
2022-10-01,icecream_come,162.0,151.0,0.0,11.0
2022-10-01,icecream_topping,750.0,749.0,0.0,1.0
2022-10-01,to_go_bag,4834.0,4722.0,0.0,112.0
2022-10-01,napkins,3170.0,13110.0,10500.0,560.0
2022-10-01,ketchup,7238.0,7229.0,0.0,9.0
2022-10-01,ranch,7228.0,7226.0,0.0,2.0
2022-10-01,buffalo_sauce,7604.0,7599.0,0.0,5.0
2022-10-01,bbq_sauce,7540.0,7520.0,0.0,20.0
2022-10-01,polyneasian,7358.0,7355.0,0.0,3.0
2022-10-01,chickfala,7292.0,7274.0,0.0,18.0
2022-10-01,silverware,7288.0,7280.0,0.0,8.0
2022-10-03,fried_batter,247.40000000000032,651.8000000000003,525.0,120.6
2022-10-03,bun,527.0,488.0,0.0,39.0
2022-10-03,chicken_patty,313.0,235.5,0.0,77.5
2022-10-03,pickle_chips,1056.0,939.0,0.0,117.0
2022-10-03,lettuce,370.0,318.0,0.0,52.0
2022-10-03,tomato,370.0,318.0,0.0,52.0
2022-10-03,cheese,338.5,302.5,0.0,36.0
2022-10-03,spice,1482.0,1449.0,0.0,33.0
2022-10-03,chicken_nuggets,13383.0,12998.5,0.0,384.5
2022-10-03,chicken_strips,3958.0,3890.0,0.0,68.0
2022-10-03,flat_bread,270.5,253.5,0.0,17.0
2022-10-03,mixed_greens,1213.0,1130.5,0.0,82.5
2022-10-03,shredded_monterey_jack,2382.0,2343.0,0.0,39.0
2022-10-03,waffle_fries,12675.400000000012,12531.000000000013,0.0,144.39999999999998
2022-10-03,roasted_corn_kernels,134.0,117.0,0.0,17.0
2022-10-03,crumbled_bacon,134.0,117.0,0.0,17.0
2022-10-03,avacado_lime_dressing,484.0,467.0,0.0,17.0
2022-10-03,red_bell_pepers,659.0,642.0,0.0,17.0
2022-10-03,grape tomatoes,1545.0,1460.0,0.0,85.0
2022-10-03,hard_boiled_egg,396.5,379.5,0.0,17.0
2022-10-03,blue_cheese,550.0,493.0,0.0,57.0
2022-10-03,apples,550.0,493.0,0.0,57.0
2022-10-03,strawberries,550.0,493.0,0.0,57.0
2022-10-03,blueberries,550.0,493.0,0.0,57.0
2022-10-03,harvest_nut_granola,550.0,493.0,0.0,57.0
2022-10-03,zesty_apple_vinagrette,550.0,493.0,0.0,57.0
2022-10-03,chicken_tenders,14536.0,14520.0,0.0,16.0
2022-10-03,biscuit,441.0,404.0,0.0,37.0
2022-10-03,chicken_mini_bread,3124.0,3088.0,0.0,36.0
2022-10-03,butter,821.5,818.75,0.0,2.75
2022-10-03,bacon,387.0,383.0,0.0,4.0
2022-10-03,tortilla,140.0,135.0,0.0,5.0
2022-10-03,eggs,556.0,541.0,0.0,15.0
2022-10-03,sausage,187.0,182.0,0.0,5.0
2022-10-03,bagel,295.0,282.0,0.0,13.0
2022-10-03,oatmeal,381.0,360.0,0.0,21.0
2022-10-03,fruit,641.0,609.5,0.0,31.5
2022-10-03,cream_cheese,191.0,184.0,0.0,7.0
2022-10-03,hash_brown,296.0,284.0,0.0,12.0
2022-10-03,yogurt_parfait,373.0,370.0,0.0,3.0
2022-10-03,cinamon_cluster,305.0,305.0,0.0,0.0
2022-10-03,lemonade,7446.399999999999,7393.899999999999,0.0,52.5
2022-10-03,straw,16600.0,16359.0,0.0,241.0
2022-10-03,small_drink_cup,1874.0,1826.0,0.0,48.0
2022-10-03,medium_drink_cup,6430.0,6282.0,0.0,148.0
2022-10-03,large_drink_cup,1296.0,1251.0,0.0,45.0
2022-10-03,lemonade_diet,1870.3999999999965,1841.3999999999965,0.0,28.999999999999996
2022-10-03,ice_tea_unsweet,6961.399999999989,6938.799999999988,0.0,22.6
2022-10-03,ice_tea_sweet,2879.5999999999976,2832.899999999998,0.0,46.7
2022-10-03,soft_drink,11980.800000000001,11824.800000000001,0.0,156.0
2022-10-03,dasani_water_bottle,693.0,684.0,0.0,9.0
2022-10-03,orange_juice_bottle,443.0,440.0,0.0,3.0
2022-10-03,apple_juice,521.0,511.0,0.0,10.0
2022-10-03,ice_coffee,291.0,280.5,0.0,10.5
2022-10-03,coffee,2198.0,2167.75,0.0,30.25
2022-10-03,Coffee_box,63.0,52.0,0.0,11.0
2022-10-03,milk_chocolate,626.0,616.0,0.0,10.0
2022-10-03,milk,384.0,354.0,0.0,30.0
2022-10-03,icecream,278.0,240.0,0.0,38.0
2022-10-03,vanilla_flavor,468.0,464.0,0.0,4.0
2022-10-03,cream_flavor,634.0,631.0,0.0,3.0
2022-10-03,chunk_cookie,508.0,432.5,0.0,75.5
2022-10-03,chocolate_flavor,130.0,130.0,0.0,0.0
2022-10-03,strawberry_flavor,736.0,727.0,0.0,9.0
2022-10-03,frosted_extract,202.0,200.0,0.0,2.0
2022-10-03,icecream_cone,752.0,749.0,0.0,3.0
2022-10-03,icecream_come,140.0,137.0,0.0,3.0
2022-10-03,icecream_topping,748.0,741.0,0.0,7.0
2022-10-03,to_go_bag,4610.0,4495.0,0.0,115.0
2022-10-03,napkins,23050.0,22475.0,0.0,575.0
2022-10-03,ketchup,7220.0,7212.0,0.0,8.0
2022-10-03,ranch,7224.0,7216.0,0.0,8.0
2022-10-03,buffalo_sauce,7594.0,7586.0,0.0,8.0
2022-10-03,bbq_sauce,7500.0,7493.0,0.0,7.0
2022-10-03,polyneasian,7352.0,7346.0,0.0,6.0
2022-10-03,chickfala,7256.0,7248.0,0.0,8.0
2022-10-03,silverware,7272.0,7268.0,0.0,4.0
2022-10-04,fried_batter,1056.2000000000003,922.6000000000003,0.0,133.60000000000002
2022-10-04,bun,449.0,409.0,0.0,40.0
2022-10-04,chicken_patty,158.0,787.5,700.0,70.5
2022-10-04,pickle_chips,822.0,702.0,0.0,120.0
2022-10-04,lettuce,266.0,230.0,0.0,36.0
2022-10-04,tomato,266.0,230.0,0.0,36.0
2022-10-04,cheese,266.5,233.5,0.0,33.0
2022-10-04,spice,1416.0,1400.0,0.0,16.0
2022-10-04,chicken_nuggets,12614.0,12121.5,0.0,492.5
2022-10-04,chicken_strips,3822.0,3740.0,0.0,82.0
2022-10-04,flat_bread,236.5,233.5,0.0,3.0
2022-10-04,mixed_greens,1048.0,997.5,0.0,50.5
2022-10-04,shredded_monterey_jack,2304.0,2277.0,0.0,27.0
2022-10-04,waffle_fries,12386.600000000013,12239.420000000013,0.0,147.18
2022-10-04,roasted_corn_kernels,100.0,448.0,350.0,2.0
2022-10-04,crumbled_bacon,100.0,448.0,350.0,2.0
2022-10-04,avacado_lime_dressing,450.0,448.0,0.0,2.0
2022-10-04,red_bell_pepers,625.0,623.0,0.0,2.0
2022-10-04,grape tomatoes,1375.0,1365.0,0.0,10.0
2022-10-04,hard_boiled_egg,362.5,360.5,0.0,2.0
2022-10-04,blue_cheese,436.0,389.0,0.0,47.0
2022-10-04,apples,436.0,389.0,0.0,47.0
2022-10-04,strawberries,436.0,389.0,0.0,47.0
2022-10-04,blueberries,436.0,389.0,0.0,47.0
2022-10-04,harvest_nut_granola,436.0,389.0,0.0,47.0
2022-10-04,zesty_apple_vinagrette,436.0,389.0,0.0,47.0
2022-10-04,chicken_tenders,14504.0,14494.0,0.0,10.0
2022-10-04,biscuit,367.0,336.0,0.0,31.0
2022-10-04,chicken_mini_bread,3052.0,3016.0,0.0,36.0
2022-10-04,butter,816.0,815.75,0.0,0.25
2022-10-04,bacon,379.0,375.0,0.0,4.0
2022-10-04,tortilla,130.0,108.0,0.0,22.0
2022-10-04,eggs,526.0,489.0,0.0,37.0
2022-10-04,sausage,177.0,170.0,0.0,7.0
2022-10-04,bagel,269.0,258.0,0.0,11.0
2022-10-04,oatmeal,339.0,322.0,0.0,17.0
2022-10-04,fruit,578.0,557.0,0.0,21.0
2022-10-04,cream_cheese,177.0,174.0,0.0,3.0
2022-10-04,hash_brown,272.0,264.0,0.0,8.0
2022-10-04,yogurt_parfait,367.0,360.0,0.0,7.0
2022-10-04,cinamon_cluster,305.0,296.0,0.0,9.0
2022-10-04,lemonade,7341.399999999999,7289.899999999999,0.0,51.49999999999999
2022-10-04,straw,16118.0,15904.0,0.0,214.0
2022-10-04,small_drink_cup,1778.0,1743.0,0.0,35.0
2022-10-04,medium_drink_cup,6134.0,5965.0,0.0,169.0
2022-10-04,large_drink_cup,1206.0,1196.0,0.0,10.0
2022-10-04,lemonade_diet,1812.3999999999965,1792.8999999999965,0.0,19.5
2022-10-04,ice_tea_unsweet,6916.199999999988,6909.999999999988,0.0,6.199999999999999
2022-10-04,ice_tea_sweet,2786.199999999998,2739.799999999998,0.0,46.4
2022-10-04,soft_drink,11668.800000000001,11516.7,0.0,152.1
2022-10-04,dasani_water_bottle,675.0,664.0,0.0,11.0
2022-10-04,orange_juice_bottle,437.0,434.0,0.0,3.0
2022-10-04,apple_juice,501.0,492.0,0.0,9.0
2022-10-04,ice_coffee,270.0,254.25,0.0,15.75
2022-10-04,coffee,2137.5,2113.75,0.0,23.75
2022-10-04,Coffee_box,41.0,207.0,175.0,9.0
2022-10-04,milk_chocolate,606.0,604.0,0.0,2.0
2022-10-04,milk,324.0,291.0,0.0,33.0
2022-10-04,icecream,202.0,142.0,0.0,60.0
2022-10-04,vanilla_flavor,460.0,454.0,0.0,6.0
2022-10-04,cream_flavor,628.0,622.0,0.0,6.0
2022-10-04,chunk_cookie,357.0,322.0,0.0,35.0
2022-10-04,chocolate_flavor,130.0,130.0,0.0,0.0
2022-10-04,strawberry_flavor,718.0,705.0,0.0,13.0
2022-10-04,frosted_extract,198.0,183.0,0.0,15.0
2022-10-04,icecream_cone,746.0,746.0,0.0,0.0
2022-10-04,icecream_come,134.0,124.0,0.0,10.0
2022-10-04,icecream_topping,734.0,728.0,0.0,6.0
2022-10-04,to_go_bag,4380.0,4280.0,0.0,100.0
2022-10-04,napkins,21900.0,21400.0,0.0,500.0
2022-10-04,ketchup,7204.0,7200.0,0.0,4.0
2022-10-04,ranch,7208.0,7205.0,0.0,3.0
2022-10-04,buffalo_sauce,7578.0,7578.0,0.0,0.0
2022-10-04,bbq_sauce,7486.0,7483.0,0.0,3.0
2022-10-04,polyneasian,7340.0,7333.0,0.0,7.0
2022-10-04,chickfala,7240.0,7224.0,0.0,16.0
2022-10-04,silverware,7264.0,7261.0,0.0,3.0
2022-10-05,fried_batter,789.0000000000002,668.2000000000003,0.0,120.80000000000001
2022-10-05,bun,369.0,343.0,0.0,26.0
2022-10-05,chicken_patty,1417.0,1358.5,0.0,58.5
2022-10-05,pickle_chips,582.0,504.0,0.0,78.0
2022-10-05,lettuce,194.0,170.0,0.0,24.0
2022-10-05,tomato,194.0,170.0,0.0,24.0
2022-10-05,cheese,200.5,154.5,0.0,46.0
2022-10-05,spice,1384.0,1365.0,0.0,19.0
2022-10-05,chicken_nuggets,11629.0,11244.0,0.0,385.0
2022-10-05,chicken_strips,3658.0,3573.0,0.0,85.0
2022-10-05,flat_bread,230.5,218.5,0.0,12.0
2022-10-05,mixed_greens,947.0,878.0,0.0,69.0
2022-10-05,shredded_monterey_jack,2250.0,2227.0,0.0,23.0
2022-10-05,waffle_fries,12092.240000000013,11937.300000000012,0.0,154.94
2022-10-05,roasted_corn_kernels,796.0,789.0,0.0,7.0
2022-10-05,crumbled_bacon,796.0,789.0,0.0,7.0
2022-10-05,avacado_lime_dressing,446.0,439.0,0.0,7.0
2022-10-05,red_bell_pepers,621.0,614.0,0.0,7.0
2022-10-05,grape tomatoes,1355.0,1320.0,0.0,35.0
2022-10-05,hard_boiled_egg,358.5,351.5,0.0,7.0
2022-10-05,blue_cheese,342.0,286.0,0.0,56.0
2022-10-05,apples,342.0,286.0,0.0,56.0
2022-10-05,strawberries,342.0,286.0,0.0,56.0
2022-10-05,blueberries,342.0,286.0,0.0,56.0
2022-10-05,harvest_nut_granola,342.0,286.0,0.0,56.0
2022-10-05,zesty_apple_vinagrette,342.0,286.0,0.0,56.0
2022-10-05,chicken_tenders,14484.0,14462.0,0.0,22.0
2022-10-05,biscuit,305.0,265.0,0.0,40.0
2022-10-05,chicken_mini_bread,2980.0,2953.0,0.0,27.0
2022-10-05,butter,815.5,814.75,0.0,0.75
2022-10-05,bacon,371.0,356.0,0.0,15.0
2022-10-05,tortilla,86.0,432.0,350.0,4.0
2022-10-05,eggs,452.0,414.0,0.0,38.0
2022-10-05,sausage,163.0,150.0,0.0,13.0
2022-10-05,bagel,247.0,231.0,0.0,16.0
2022-10-05,oatmeal,305.0,286.0,0.0,19.0
2022-10-05,fruit,536.0,510.0,0.0,26.0
2022-10-05,cream_cheese,171.0,168.0,0.0,3.0
2022-10-05,hash_brown,256.0,246.0,0.0,10.0
2022-10-05,yogurt_parfait,353.0,347.0,0.0,6.0
2022-10-05,cinamon_cluster,287.0,284.0,0.0,3.0
2022-10-05,lemonade,7238.399999999999,7177.799999999998,0.0,60.6
2022-10-05,straw,15690.0,15455.0,0.0,235.0
2022-10-05,small_drink_cup,1708.0,1672.0,0.0,36.0
2022-10-05,medium_drink_cup,5796.0,5632.0,0.0,164.0
2022-10-05,large_drink_cup,1186.0,1151.0,0.0,35.0
2022-10-05,lemonade_diet,1773.3999999999965,1750.2999999999965,0.0,23.1
2022-10-05,ice_tea_unsweet,6903.799999999988,6883.499999999988,0.0,20.299999999999997
2022-10-05,ice_tea_sweet,2693.399999999998,2647.699999999998,0.0,45.7
2022-10-05,soft_drink,11364.6,11214.9,0.0,149.7
2022-10-05,dasani_water_bottle,653.0,644.0,0.0,9.0
2022-10-05,orange_juice_bottle,431.0,426.0,0.0,5.0
2022-10-05,apple_juice,483.0,481.0,0.0,2.0
2022-10-05,ice_coffee,238.5,233.5,0.0,5.0
2022-10-05,coffee,2090.0,2074.5,0.0,15.5
2022-10-05,Coffee_box,373.0,372.0,0.0,1.0
2022-10-05,milk_chocolate,602.0,596.0,0.0,6.0
2022-10-05,milk,258.0,230.0,0.0,28.0
2022-10-05,icecream,82.0,366.0,350.0,66.0
2022-10-05,vanilla_flavor,448.0,445.0,0.0,3.0
2022-10-05,cream_flavor,616.0,601.0,0.0,15.0
2022-10-05,chunk_cookie,287.0,177.5,0.0,109.5
2022-10-05,chocolate_flavor,130.0,126.0,0.0,4.0
2022-10-05,strawberry_flavor,692.0,686.0,0.0,6.0
2022-10-05,frosted_extract,168.0,165.0,0.0,3.0
2022-10-05,icecream_cone,746.0,746.0,0.0,0.0
2022-10-05,icecream_come,114.0,104.0,0.0,10.0
2022-10-05,icecream_topping,722.0,719.0,0.0,3.0
2022-10-05,to_go_bag,4180.0,4090.0,0.0,90.0
2022-10-05,napkins,20900.0,20450.0,0.0,450.0
2022-10-05,ketchup,7196.0,7191.0,0.0,5.0
2022-10-05,ranch,7202.0,7198.0,0.0,4.0
2022-10-05,buffalo_sauce,7578.0,7567.0,0.0,11.0
2022-10-05,bbq_sauce,7480.0,7476.0,0.0,4.0
2022-10-05,polyneasian,7326.0,7315.0,0.0,11.0
2022-10-05,chickfala,7208.0,7204.0,0.0,4.0
2022-10-05,silverware,7258.0,7255.0,0.0,3.0
2022-10-06,fried_batter,547.4000000000003,420.6000000000003,0.0,126.80000000000001
2022-10-06,bun,317.0,275.0,0.0,42.0
2022-10-06,chicken_patty,1300.0,1233.5,0.0,66.5
2022-10-06,pickle_chips,426.0,2050.0,1750.0,126.0
2022-10-06,lettuce,146.0,108.0,0.0,38.0
2022-10-06,tomato,146.0,108.0,0.0,38.0
2022-10-06,cheese,108.5,329.0,262.5,42.0
2022-10-06,spice,1346.0,1340.0,0.0,6.0
2022-10-06,chicken_nuggets,10859.0,10435.0,0.0,424.0
2022-10-06,chicken_strips,3488.0,3406.0,0.0,82.0
2022-10-06,flat_bread,206.5,202.5,0.0,4.0
2022-10-06,mixed_greens,809.0,761.0,0.0,48.0
2022-10-06,shredded_monterey_jack,2204.0,2179.0,0.0,25.0
2022-10-06,waffle_fries,11782.360000000011,11629.480000000012,0.0,152.88
2022-10-06,roasted_corn_kernels,782.0,776.0,0.0,6.0
2022-10-06,crumbled_bacon,782.0,776.0,0.0,6.0
2022-10-06,avacado_lime_dressing,432.0,426.0,0.0,6.0
2022-10-06,red_bell_pepers,607.0,601.0,0.0,6.0
2022-10-06,grape tomatoes,1285.0,1255.0,0.0,30.0
2022-10-06,hard_boiled_egg,344.5,338.5,0.0,6.0
2022-10-06,blue_cheese,230.0,190.0,0.0,40.0
2022-10-06,apples,230.0,190.0,0.0,40.0
2022-10-06,strawberries,230.0,190.0,0.0,40.0
2022-10-06,blueberries,230.0,190.0,0.0,40.0
2022-10-06,harvest_nut_granola,230.0,190.0,0.0,40.0
2022-10-06,zesty_apple_vinagrette,230.0,190.0,0.0,40.0
2022-10-06,chicken_tenders,14440.0,14416.0,0.0,24.0
2022-10-06,biscuit,225.0,207.0,0.0,18.0
2022-10-06,chicken_mini_bread,2926.0,2875.0,0.0,51.0
2022-10-06,butter,814.0,813.75,0.0,0.25
2022-10-06,bacon,341.0,334.0,0.0,7.0
2022-10-06,tortilla,778.0,763.0,0.0,15.0
2022-10-06,eggs,376.0,338.0,0.0,38.0
2022-10-06,sausage,137.0,128.0,0.0,9.0
2022-10-06,bagel,215.0,195.0,0.0,20.0
2022-10-06,oatmeal,267.0,265.0,0.0,2.0
2022-10-06,fruit,484.0,477.0,0.0,7.0
2022-10-06,cream_cheese,165.0,160.0,0.0,5.0
2022-10-06,hash_brown,236.0,232.0,0.0,4.0
2022-10-06,yogurt_parfait,341.0,340.0,0.0,1.0
2022-10-06,cinamon_cluster,281.0,270.0,0.0,11.0
2022-10-06,lemonade,7117.199999999998,7061.099999999998,0.0,56.10000000000001
2022-10-06,straw,15220.0,14975.0,0.0,245.0
2022-10-06,small_drink_cup,1636.0,1611.0,0.0,25.0
2022-10-06,medium_drink_cup,5468.0,5295.0,0.0,173.0
2022-10-06,large_drink_cup,1116.0,1069.0,0.0,47.0
2022-10-06,lemonade_diet,1727.1999999999966,1691.7999999999965,0.0,35.4
2022-10-06,ice_tea_unsweet,6863.199999999988,6845.699999999988,0.0,17.5
2022-10-06,ice_tea_sweet,2601.999999999998,2574.099999999998,0.0,27.9
2022-10-06,soft_drink,11065.199999999999,10899.4,0.0,165.8
2022-10-06,dasani_water_bottle,635.0,625.0,0.0,10.0
2022-10-06,orange_juice_bottle,421.0,418.0,0.0,3.0
2022-10-06,apple_juice,479.0,467.0,0.0,12.0
2022-10-06,ice_coffee,228.5,210.0,0.0,18.5
2022-10-06,coffee,2059.0,2031.0,0.0,28.0
2022-10-06,Coffee_box,371.0,363.0,0.0,8.0
2022-10-06,milk_chocolate,590.0,583.0,0.0,7.0
2022-10-06,milk,202.0,174.0,0.0,28.0
2022-10-06,icecream,650.0,597.0,0.0,53.0
2022-10-06,vanilla_flavor,442.0,440.0,0.0,2.0
2022-10-06,cream_flavor,586.0,578.0,0.0,8.0
2022-10-06,chunk_cookie,68.0,359.0,350.0,59.0
2022-10-06,chocolate_flavor,122.0,116.0,0.0,6.0
2022-10-06,strawberry_flavor,680.0,674.0,0.0,6.0
2022-10-06,frosted_extract,162.0,157.0,0.0,5.0
2022-10-06,icecream_cone,746.0,743.0,0.0,3.0
2022-10-06,icecream_come,94.0,438.0,350.0,6.0
2022-10-06,icecream_topping,716.0,711.0,0.0,5.0
2022-10-06,to_go_bag,4000.0,3892.0,0.0,108.0
2022-10-06,napkins,20000.0,19460.0,0.0,540.0
2022-10-06,ketchup,7186.0,7179.0,0.0,7.0
2022-10-06,ranch,7194.0,7190.0,0.0,4.0
2022-10-06,buffalo_sauce,7556.0,7541.0,0.0,15.0
2022-10-06,bbq_sauce,7472.0,7457.0,0.0,15.0
2022-10-06,polyneasian,7304.0,7291.0,0.0,13.0
2022-10-06,chickfala,7200.0,7196.0,0.0,4.0
2022-10-06,silverware,7252.0,7250.0,0.0,2.0
2022-10-07,fried_batter,293.8000000000003,158.6000000000003,0.0,135.2
2022-10-07,bun,233.0,187.0,0.0,46.0
2022-10-07,chicken_patty,1167.0,1076.5,0.0,90.5
2022-10-07,pickle_chips,3674.0,3536.0,0.0,138.0
2022-10-07,lettuce,70.0,386.0,350.0,34.0
2022-10-07,tomato,70.0,386.0,350.0,34.0
2022-10-07,cheese,549.5,501.5,0.0,48.0
2022-10-07,spice,1334.0,1302.0,0.0,32.0
2022-10-07,chicken_nuggets,10011.0,9491.0,0.0,520.0
2022-10-07,chicken_strips,3324.0,3276.0,0.0,48.0
2022-10-07,flat_bread,198.5,194.5,0.0,4.0
2022-10-07,mixed_greens,713.0,649.0,0.0,64.0
2022-10-07,shredded_monterey_jack,2154.0,2133.0,0.0,21.0
2022-10-07,waffle_fries,11476.600000000013,11346.340000000013,0.0,130.26
2022-10-07,roasted_corn_kernels,770.0,756.0,0.0,14.0
2022-10-07,crumbled_bacon,770.0,756.0,0.0,14.0
2022-10-07,avacado_lime_dressing,420.0,406.0,0.0,14.0
2022-10-07,red_bell_pepers,595.0,581.0,0.0,14.0
2022-10-07,grape tomatoes,1225.0,1155.0,0.0,70.0
2022-10-07,hard_boiled_egg,332.5,318.5,0.0,14.0
2022-10-07,blue_cheese,150.0,102.0,0.0,48.0
2022-10-07,apples,150.0,102.0,0.0,48.0
2022-10-07,strawberries,150.0,102.0,0.0,48.0
2022-10-07,blueberries,150.0,102.0,0.0,48.0
2022-10-07,harvest_nut_granola,150.0,102.0,0.0,48.0
2022-10-07,zesty_apple_vinagrette,150.0,102.0,0.0,48.0
2022-10-07,chicken_tenders,14392.0,14392.0,0.0,0.0
2022-10-07,biscuit,189.0,153.0,0.0,36.0
2022-10-07,chicken_mini_bread,2824.0,2770.0,0.0,54.0
2022-10-07,butter,813.5,811.5,0.0,2.0
2022-10-07,bacon,327.0,319.0,0.0,8.0
2022-10-07,tortilla,748.0,745.0,0.0,3.0
2022-10-07,eggs,300.0,266.0,0.0,34.0
2022-10-07,sausage,119.0,112.0,0.0,7.0
2022-10-07,bagel,175.0,144.0,0.0,31.0
2022-10-07,oatmeal,263.0,257.0,0.0,6.0
2022-10-07,fruit,470.0,442.0,0.0,28.0
2022-10-07,cream_cheese,155.0,147.0,0.0,8.0
2022-10-07,hash_brown,228.0,216.0,0.0,12.0
2022-10-07,yogurt_parfait,339.0,329.0,0.0,10.0
2022-10-07,cinamon_cluster,259.0,254.0,0.0,5.0
2022-10-07,lemonade,7004.999999999997,6911.499999999997,0.0,93.50000000000001
2022-10-07,straw,14730.0,14485.0,0.0,245.0
2022-10-07,small_drink_cup,1586.0,1540.0,0.0,46.0
2022-10-07,medium_drink_cup,5122.0,4964.0,0.0,158.0
2022-10-07,large_drink_cup,1022.0,4481.0,3500.0,41.0
2022-10-07,lemonade_diet,1656.3999999999965,1640.2999999999965,0.0,16.099999999999998
2022-10-07,ice_tea_unsweet,6828.199999999988,6803.199999999988,0.0,25.0
2022-10-07,ice_tea_sweet,2546.199999999998,2477.699999999998,0.0,68.5
2022-10-07,soft_drink,10733.6,10595.7,0.0,137.9
2022-10-07,dasani_water_bottle,615.0,607.0,0.0,8.0
2022-10-07,orange_juice_bottle,415.0,411.0,0.0,4.0
2022-10-07,apple_juice,455.0,438.0,0.0,17.0
2022-10-07,ice_coffee,191.5,168.75,0.0,22.75
2022-10-07,coffee,2003.0,1962.75,0.0,40.25
2022-10-07,Coffee_box,355.0,349.0,0.0,6.0
2022-10-07,milk_chocolate,576.0,568.0,0.0,8.0
2022-10-07,milk,146.0,446.0,350.0,50.0
2022-10-07,icecream,544.0,445.0,0.0,99.0
2022-10-07,vanilla_flavor,438.0,425.0,0.0,13.0
2022-10-07,cream_flavor,570.0,560.0,0.0,10.0
2022-10-07,chunk_cookie,650.0,627.0,0.0,23.0
2022-10-07,chocolate_flavor,110.0,449.0,350.0,11.0
2022-10-07,strawberry_flavor,668.0,658.0,0.0,10.0
2022-10-07,frosted_extract,152.0,150.0,0.0,2.0
2022-10-07,icecream_cone,740.0,735.0,0.0,5.0
2022-10-07,icecream_come,782.0,776.0,0.0,6.0
2022-10-07,icecream_topping,706.0,696.0,0.0,10.0
2022-10-07,to_go_bag,3784.0,3664.0,0.0,120.0
2022-10-07,napkins,18920.0,18320.0,0.0,600.0
2022-10-07,ketchup,7172.0,7167.0,0.0,5.0
2022-10-07,ranch,7186.0,7182.0,0.0,4.0
2022-10-07,buffalo_sauce,7526.0,7512.0,0.0,14.0
2022-10-07,bbq_sauce,7442.0,7430.0,0.0,12.0
2022-10-07,polyneasian,7278.0,7260.0,0.0,18.0
2022-10-07,chickfala,7192.0,7190.0,0.0,2.0
2022-10-07,silverware,7248.0,7243.0,0.0,5.0
2022-10-08,fried_batter,23.40000000000032,403.6000000000003,525.0,144.8
2022-10-08,bun,141.0,622.0,525.0,44.0
2022-10-08,chicken_patty,986.0,907.5,0.0,78.5
2022-10-08,pickle_chips,3398.0,3266.0,0.0,132.0
2022-10-08,lettuce,702.0,640.0,0.0,62.0
2022-10-08,tomato,702.0,640.0,0.0,62.0
2022-10-08,cheese,453.5,403.5,0.0,50.0
2022-10-08,spice,1270.0,1245.0,0.0,25.0
2022-10-08,chicken_nuggets,8971.0,8458.0,0.0,513.0
2022-10-08,chicken_strips,3228.0,3171.0,0.0,57.0
2022-10-08,flat_bread,190.5,190.5,0.0,0.0
2022-10-08,mixed_greens,585.0,517.0,0.0,68.0
2022-10-08,shredded_monterey_jack,2112.0,2090.0,0.0,22.0
2022-10-08,waffle_fries,11216.080000000013,11077.420000000013,0.0,138.66000000000003
2022-10-08,roasted_corn_kernels,742.0,735.0,0.0,7.0
2022-10-08,crumbled_bacon,742.0,735.0,0.0,7.0
2022-10-08,avacado_lime_dressing,392.0,385.0,0.0,7.0
2022-10-08,red_bell_pepers,567.0,560.0,0.0,7.0
2022-10-08,grape tomatoes,1085.0,1050.0,0.0,35.0
2022-10-08,hard_boiled_egg,304.5,297.5,0.0,7.0
2022-10-08,blue_cheese,54.0,343.0,350.0,61.0
2022-10-08,apples,54.0,343.0,350.0,61.0
2022-10-08,strawberries,54.0,343.0,350.0,61.0
2022-10-08,blueberries,54.0,343.0,350.0,61.0
2022-10-08,harvest_nut_granola,54.0,343.0,350.0,61.0
2022-10-08,zesty_apple_vinagrette,54.0,343.0,350.0,61.0
2022-10-08,chicken_tenders,14392.0,14376.0,0.0,16.0
2022-10-08,biscuit,117.0,614.0,525.0,28.0
2022-10-08,chicken_mini_bread,2716.0,2626.0,0.0,90.0
2022-10-08,butter,809.5,808.5,0.0,1.0
2022-10-08,bacon,311.0,307.0,0.0,4.0
2022-10-08,tortilla,742.0,727.0,0.0,15.0
2022-10-08,eggs,232.0,198.0,0.0,34.0
2022-10-08,sausage,105.0,92.0,0.0,13.0
2022-10-08,bagel,113.0,101.0,0.0,12.0
2022-10-08,oatmeal,251.0,229.0,0.0,22.0
2022-10-08,fruit,414.0,403.5,0.0,10.5
2022-10-08,cream_cheese,139.0,131.0,0.0,8.0
2022-10-08,hash_brown,204.0,898.0,700.0,6.0
2022-10-08,yogurt_parfait,319.0,308.0,0.0,11.0
2022-10-08,cinamon_cluster,249.0,248.0,0.0,1.0
2022-10-08,lemonade,6817.999999999997,6770.999999999997,0.0,47.0
2022-10-08,straw,14240.0,13990.0,0.0,250.0
2022-10-08,small_drink_cup,1494.0,1462.0,0.0,32.0
2022-10-08,medium_drink_cup,4806.0,4636.0,0.0,170.0
2022-10-08,large_drink_cup,7940.0,7892.0,0.0,48.0
2022-10-08,lemonade_diet,1624.1999999999966,1603.6999999999966,0.0,20.5
2022-10-08,ice_tea_unsweet,6778.199999999988,6727.599999999988,0.0,50.6
2022-10-08,ice_tea_sweet,2409.199999999998,2345.399999999998,0.0,63.800000000000004
2022-10-08,soft_drink,10457.800000000001,10306.7,0.0,151.1
2022-10-08,dasani_water_bottle,599.0,592.0,0.0,7.0
2022-10-08,orange_juice_bottle,407.0,403.0,0.0,4.0
2022-10-08,apple_juice,421.0,412.0,0.0,9.0
2022-10-08,ice_coffee,146.0,122.0,0.0,24.0
2022-10-08,coffee,1922.5,1899.25,0.0,23.25
2022-10-08,Coffee_box,343.0,333.0,0.0,10.0
2022-10-08,milk_chocolate,560.0,557.0,0.0,3.0
2022-10-08,milk,746.0,718.0,0.0,28.0
2022-10-08,icecream,346.0,311.0,0.0,35.0
2022-10-08,vanilla_flavor,412.0,412.0,0.0,0.0
2022-10-08,cream_flavor,550.0,545.0,0.0,5.0
2022-10-08,chunk_cookie,604.0,538.5,0.0,65.5
2022-10-08,chocolate_flavor,788.0,788.0,0.0,0.0
2022-10-08,strawberry_flavor,648.0,640.0,0.0,8.0
2022-10-08,frosted_extract,148.0,145.0,0.0,3.0
2022-10-08,icecream_cone,730.0,726.0,0.0,4.0
2022-10-08,icecream_come,770.0,765.0,0.0,5.0
2022-10-08,icecream_topping,686.0,674.0,0.0,12.0
2022-10-08,to_go_bag,3544.0,3425.0,0.0,119.0
2022-10-08,napkins,17720.0,17125.0,0.0,595.0
2022-10-08,ketchup,7162.0,7158.0,0.0,4.0
2022-10-08,ranch,7178.0,7165.0,0.0,13.0
2022-10-08,buffalo_sauce,7498.0,7490.0,0.0,8.0
2022-10-08,bbq_sauce,7418.0,7407.0,0.0,11.0
2022-10-08,polyneasian,7242.0,7242.0,0.0,0.0
2022-10-08,chickfala,7188.0,7170.0,0.0,18.0
2022-10-08,silverware,7238.0,7234.0,0.0,4.0
2022-10-10,fried_batter,783.8000000000004,653.4000000000004,0.0,130.39999999999998
2022-10-10,bun,1103.0,1047.0,0.0,56.0
2022-10-10,chicken_patty,829.0,738.0,0.0,91.0
2022-10-10,pickle_chips,3134.0,2966.0,0.0,168.0
2022-10-10,lettuce,578.0,514.0,0.0,64.0
2022-10-10,tomato,578.0,514.0,0.0,64.0
2022-10-10,cheese,353.5,287.5,0.0,66.0
2022-10-10,spice,1220.0,1186.0,0.0,34.0
2022-10-10,chicken_nuggets,7945.0,7604.5,0.0,340.5
2022-10-10,chicken_strips,3114.0,3044.0,0.0,70.0
2022-10-10,flat_bread,190.5,185.5,0.0,5.0
2022-10-10,mixed_greens,449.0,401.5,0.0,47.5
2022-10-10,shredded_monterey_jack,2068.0,2055.0,0.0,13.0
2022-10-10,waffle_fries,10938.760000000013,10793.920000000013,0.0,144.84
2022-10-10,roasted_corn_kernels,728.0,722.0,0.0,6.0
2022-10-10,crumbled_bacon,728.0,722.0,0.0,6.0
2022-10-10,avacado_lime_dressing,378.0,372.0,0.0,6.0
2022-10-10,red_bell_pepers,553.0,547.0,0.0,6.0
2022-10-10,grape tomatoes,1015.0,985.0,0.0,30.0
2022-10-10,hard_boiled_egg,290.5,284.5,0.0,6.0
2022-10-10,blue_cheese,632.0,593.0,0.0,39.0
2022-10-10,apples,632.0,593.0,0.0,39.0
2022-10-10,strawberries,632.0,593.0,0.0,39.0
2022-10-10,blueberries,632.0,593.0,0.0,39.0
2022-10-10,harvest_nut_granola,632.0,593.0,0.0,39.0
2022-10-10,zesty_apple_vinagrette,632.0,593.0,0.0,39.0
2022-10-10,chicken_tenders,14360.0,14354.0,0.0,6.0
2022-10-10,biscuit,1111.0,1065.0,0.0,46.0
2022-10-10,chicken_mini_bread,2536.0,2497.0,0.0,39.0
2022-10-10,butter,807.5,806.25,0.0,1.25
2022-10-10,bacon,303.0,285.0,0.0,18.0
2022-10-10,tortilla,712.0,710.0,0.0,2.0
2022-10-10,eggs,164.0,128.0,0.0,36.0
2022-10-10,sausage,79.0,70.0,0.0,9.0
2022-10-10,bagel,89.0,71.0,0.0,18.0
2022-10-10,oatmeal,207.0,202.0,0.0,5.0
2022-10-10,fruit,393.0,378.5,0.0,14.5
2022-10-10,cream_cheese,123.0,114.0,0.0,9.0
2022-10-10,hash_brown,1592.0,1585.0,0.0,7.0
2022-10-10,yogurt_parfait,297.0,291.0,0.0,6.0
2022-10-10,cinamon_cluster,247.0,241.0,0.0,6.0
2022-10-10,lemonade,6723.999999999997,6679.299999999997,0.0,44.699999999999996
2022-10-10,straw,13740.0,13502.0,0.0,238.0
2022-10-10,small_drink_cup,1430.0,1386.0,0.0,44.0
2022-10-10,medium_drink_cup,4466.0,4303.0,0.0,163.0
2022-10-10,large_drink_cup,7844.0,7813.0,0.0,31.0
2022-10-10,lemonade_diet,1583.1999999999966,1558.4999999999966,0.0,24.7
2022-10-10,ice_tea_unsweet,6676.999999999987,6642.899999999987,0.0,34.1
2022-10-10,ice_tea_sweet,2281.5999999999976,2237.7999999999975,0.0,43.800000000000004
2022-10-10,soft_drink,10155.6,10018.7,0.0,136.89999999999998
2022-10-10,dasani_water_bottle,585.0,565.0,0.0,20.0
2022-10-10,orange_juice_bottle,399.0,393.0,0.0,6.0
2022-10-10,apple_juice,403.0,397.0,0.0,6.0
2022-10-10,ice_coffee,98.0,424.0,350.0,24.0
2022-10-10,coffee,1876.0,1849.0,0.0,27.0
2022-10-10,Coffee_box,323.0,319.0,0.0,4.0
2022-10-10,milk_chocolate,554.0,547.0,0.0,7.0
2022-10-10,milk,690.0,639.0,0.0,51.0
2022-10-10,icecream,276.0,185.0,0.0,91.0
2022-10-10,vanilla_flavor,412.0,401.0,0.0,11.0
2022-10-10,cream_flavor,540.0,531.0,0.0,9.0
2022-10-10,chunk_cookie,473.0,327.5,0.0,145.5
2022-10-10,chocolate_flavor,788.0,780.0,0.0,8.0
2022-10-10,strawberry_flavor,632.0,623.0,0.0,9.0
2022-10-10,frosted_extract,142.0,130.0,0.0,12.0
2022-10-10,icecream_cone,722.0,705.0,0.0,17.0
2022-10-10,icecream_come,760.0,760.0,0.0,0.0
2022-10-10,icecream_topping,662.0,652.0,0.0,10.0
2022-10-10,to_go_bag,3306.0,3183.0,0.0,123.0
2022-10-10,napkins,16530.0,15915.0,0.0,615.0
2022-10-10,ketchup,7154.0,7147.0,0.0,7.0
2022-10-10,ranch,7152.0,7142.0,0.0,10.0
2022-10-10,buffalo_sauce,7482.0,7480.0,0.0,2.0
2022-10-10,bbq_sauce,7396.0,7393.0,0.0,3.0
2022-10-10,polyneasian,7242.0,7234.0,0.0,8.0
2022-10-10,chickfala,7152.0,7146.0,0.0,6.0
2022-10-10,silverware,7230.0,7226.0,0.0,4.0
2022-10-11,fried_batter,523.0000000000005,395.6000000000005,0.0,127.39999999999999
2022-10-11,bun,991.0,955.0,0.0,36.0
2022-10-11,chicken_patty,647.0,567.5,0.0,79.5
2022-10-11,pickle_chips,2798.0,2690.0,0.0,108.0
2022-10-11,lettuce,450.0,426.0,0.0,24.0
2022-10-11,tomato,450.0,426.0,0.0,24.0
2022-10-11,cheese,221.5,178.5,0.0,43.0
2022-10-11,spice,1152.0,1135.0,0.0,17.0
2022-10-11,chicken_nuggets,7264.0,6753.5,0.0,510.5
2022-10-11,chicken_strips,2974.0,2953.0,0.0,21.0
2022-10-11,flat_bread,180.5,175.5,0.0,5.0
2022-10-11,mixed_greens,354.0,263.5,0.0,90.5
2022-10-11,shredded_monterey_jack,2042.0,2019.0,0.0,23.0
2022-10-11,waffle_fries,10649.080000000013,10517.300000000012,0.0,131.78
2022-10-11,roasted_corn_kernels,716.0,699.0,0.0,17.0
2022-10-11,crumbled_bacon,716.0,699.0,0.0,17.0
2022-10-11,avacado_lime_dressing,366.0,349.0,0.0,17.0
2022-10-11,red_bell_pepers,541.0,524.0,0.0,17.0
2022-10-11,grape tomatoes,955.0,870.0,0.0,85.0
2022-10-11,hard_boiled_egg,278.5,261.5,0.0,17.0
2022-10-11,blue_cheese,554.0,483.0,0.0,71.0
2022-10-11,apples,554.0,483.0,0.0,71.0
2022-10-11,strawberries,554.0,483.0,0.0,71.0
2022-10-11,blueberries,554.0,483.0,0.0,71.0
2022-10-11,harvest_nut_granola,554.0,483.0,0.0,71.0
2022-10-11,zesty_apple_vinagrette,554.0,483.0,0.0,71.0
2022-10-11,chicken_tenders,14348.0,14330.0,0.0,18.0
2022-10-11,biscuit,1019.0,984.0,0.0,35.0
2022-10-11,chicken_mini_bread,2458.0,2398.0,0.0,60.0
2022-10-11,butter,805.0,802.0,0.0,3.0
2022-10-11,bacon,267.0,262.0,0.0,5.0
2022-10-11,tortilla,708.0,707.0,0.0,1.0
2022-10-11,eggs,92.0,410.0,350.0,32.0
2022-10-11,sausage,61.0,52.0,0.0,9.0
2022-10-11,bagel,53.0,205.0,175.0,23.0
2022-10-11,oatmeal,197.0,175.0,0.0,22.0
2022-10-11,fruit,364.0,337.0,0.0,27.0
2022-10-11,cream_cheese,105.0,105.0,0.0,0.0
2022-10-11,hash_brown,1578.0,1571.0,0.0,7.0
2022-10-11,yogurt_parfait,285.0,281.0,0.0,4.0
2022-10-11,cinamon_cluster,235.0,226.0,0.0,9.0
2022-10-11,lemonade,6634.599999999998,6574.999999999997,0.0,59.60000000000001
2022-10-11,straw,13264.0,13054.0,0.0,210.0
2022-10-11,small_drink_cup,1342.0,1310.0,0.0,32.0
2022-10-11,medium_drink_cup,4140.0,4009.0,0.0,131.0
2022-10-11,large_drink_cup,7782.0,7735.0,0.0,47.0
2022-10-11,lemonade_diet,1533.7999999999965,1509.5999999999965,0.0,24.2
2022-10-11,ice_tea_unsweet,6608.7999999999865,6587.999999999986,0.0,20.8
2022-10-11,ice_tea_sweet,2193.9999999999973,2186.3999999999974,0.0,7.6
2022-10-11,soft_drink,9881.800000000001,9732.6,0.0,149.2
2022-10-11,dasani_water_bottle,545.0,540.0,0.0,5.0
2022-10-11,orange_juice_bottle,387.0,378.0,0.0,9.0
2022-10-11,apple_juice,391.0,380.0,0.0,11.0
2022-10-11,ice_coffee,750.0,740.0,0.0,10.0
2022-10-11,coffee,1822.0,1800.0,0.0,22.0
2022-10-11,Coffee_box,315.0,305.0,0.0,10.0
2022-10-11,milk_chocolate,540.0,529.0,0.0,11.0
2022-10-11,milk,588.0,547.0,0.0,41.0
2022-10-11,icecream,94.0,388.0,350.0,56.0
2022-10-11,vanilla_flavor,390.0,387.0,0.0,3.0
2022-10-11,cream_flavor,522.0,521.0,0.0,1.0
2022-10-11,chunk_cookie,182.0,165.5,0.0,16.5
2022-10-11,chocolate_flavor,772.0,761.0,0.0,11.0
2022-10-11,strawberry_flavor,614.0,605.0,0.0,9.0
2022-10-11,frosted_extract,118.0,114.0,0.0,4.0
2022-10-11,icecream_cone,688.0,686.0,0.0,2.0
2022-10-11,icecream_come,760.0,754.0,0.0,6.0
2022-10-11,icecream_topping,642.0,632.0,0.0,10.0
2022-10-11,to_go_bag,3060.0,13457.0,10500.0,103.0
2022-10-11,napkins,15300.0,14785.0,0.0,515.0
2022-10-11,ketchup,7140.0,7137.0,0.0,3.0
2022-10-11,ranch,7132.0,7116.0,0.0,16.0
2022-10-11,buffalo_sauce,7478.0,7474.0,0.0,4.0
2022-10-11,bbq_sauce,7390.0,7381.0,0.0,9.0
2022-10-11,polyneasian,7226.0,7218.0,0.0,8.0
2022-10-11,chickfala,7140.0,7137.0,0.0,3.0
2022-10-11,silverware,7222.0,7216.0,0.0,6.0
2022-10-12,fried_batter,268.2000000000005,662.8000000000005,525.0,130.4
2022-10-12,bun,919.0,865.0,0.0,54.0
2022-10-12,chicken_patty,488.0,412.0,0.0,76.0
2022-10-12,pickle_chips,2582.0,2420.0,0.0,162.0
2022-10-12,lettuce,402.0,332.0,0.0,70.0
2022-10-12,tomato,402.0,332.0,0.0,70.0
2022-10-12,cheese,135.5,80.5,0.0,55.0
2022-10-12,spice,1118.0,1081.0,0.0,37.0
2022-10-12,chicken_nuggets,6243.0,5790.0,0.0,453.0
2022-10-12,chicken_strips,2932.0,2900.0,0.0,32.0
2022-10-12,flat_bread,170.5,158.5,0.0,12.0
2022-10-12,mixed_greens,173.0,821.0,700.0,52.0
2022-10-12,shredded_monterey_jack,1996.0,1970.0,0.0,26.0
2022-10-12,waffle_fries,10385.520000000011,10219.700000000012,0.0,165.82
2022-10-12,roasted_corn_kernels,682.0,672.0,0.0,10.0
2022-10-12,crumbled_bacon,682.0,672.0,0.0,10.0
2022-10-12,avacado_lime_dressing,332.0,322.0,0.0,10.0
2022-10-12,red_bell_pepers,507.0,497.0,0.0,10.0
2022-10-12,grape tomatoes,785.0,735.0,0.0,50.0
2022-10-12,hard_boiled_egg,244.5,234.5,0.0,10.0
2022-10-12,blue_cheese,412.0,376.0,0.0,36.0
2022-10-12,apples,412.0,376.0,0.0,36.0
2022-10-12,strawberries,412.0,376.0,0.0,36.0
2022-10-12,blueberries,412.0,376.0,0.0,36.0
2022-10-12,harvest_nut_granola,412.0,376.0,0.0,36.0
2022-10-12,zesty_apple_vinagrette,412.0,376.0,0.0,36.0
2022-10-12,chicken_tenders,14312.0,14298.0,0.0,14.0
2022-10-12,biscuit,949.0,907.0,0.0,42.0
2022-10-12,chicken_mini_bread,2338.0,2266.0,0.0,72.0
2022-10-12,butter,799.0,796.75,0.0,2.25
2022-10-12,bacon,257.0,247.0,0.0,10.0
2022-10-12,tortilla,706.0,702.0,0.0,4.0
2022-10-12,eggs,728.0,704.0,0.0,24.0
2022-10-12,sausage,43.0,211.0,175.0,7.0
2022-10-12,bagel,357.0,336.0,0.0,21.0
2022-10-12,oatmeal,153.0,142.0,0.0,11.0
2022-10-12,fruit,310.0,289.5,0.0,20.5
2022-10-12,cream_cheese,105.0,89.0,0.0,16.0
2022-10-12,hash_brown,1564.0,1558.0,0.0,6.0
2022-10-12,yogurt_parfait,277.0,275.0,0.0,2.0
2022-10-12,cinamon_cluster,217.0,209.0,0.0,8.0
2022-10-12,lemonade,6515.399999999997,6453.7999999999965,0.0,61.60000000000001
2022-10-12,straw,12844.0,12636.0,0.0,208.0
2022-10-12,small_drink_cup,1278.0,1246.0,0.0,32.0
2022-10-12,medium_drink_cup,3878.0,3731.0,0.0,147.0
2022-10-12,large_drink_cup,7688.0,7659.0,0.0,29.0
2022-10-12,lemonade_diet,1485.3999999999965,1466.7999999999965,0.0,18.6
2022-10-12,ice_tea_unsweet,6567.199999999986,6545.7999999999865,0.0,21.400000000000006
2022-10-12,ice_tea_sweet,2178.7999999999975,2139.3999999999974,0.0,39.400000000000006
2022-10-12,soft_drink,9583.4,9434.4,0.0,149.0
2022-10-12,dasani_water_bottle,535.0,523.0,0.0,12.0
2022-10-12,orange_juice_bottle,369.0,359.0,0.0,10.0
2022-10-12,apple_juice,369.0,363.0,0.0,6.0
2022-10-12,ice_coffee,730.0,706.0,0.0,24.0
2022-10-12,coffee,1778.0,1753.5,0.0,24.5
2022-10-12,Coffee_box,295.0,288.0,0.0,7.0
2022-10-12,milk_chocolate,518.0,514.0,0.0,4.0
2022-10-12,milk,506.0,478.0,0.0,28.0
2022-10-12,icecream,682.0,617.0,0.0,65.0
2022-10-12,vanilla_flavor,384.0,376.0,0.0,8.0
2022-10-12,cream_flavor,520.0,520.0,0.0,0.0
2022-10-12,chunk_cookie,149.0,431.0,350.0,68.0
2022-10-12,chocolate_flavor,750.0,746.0,0.0,4.0
2022-10-12,strawberry_flavor,596.0,583.0,0.0,13.0
2022-10-12,frosted_extract,110.0,103.0,0.0,7.0
2022-10-12,icecream_cone,684.0,678.0,0.0,6.0
2022-10-12,icecream_come,748.0,739.0,0.0,9.0
2022-10-12,icecream_topping,622.0,614.0,0.0,8.0
2022-10-12,to_go_bag,23854.0,23736.0,0.0,118.0
2022-10-12,napkins,14270.0,13680.0,0.0,590.0
2022-10-12,ketchup,7134.0,7119.0,0.0,15.0
2022-10-12,ranch,7100.0,7093.0,0.0,7.0
2022-10-12,buffalo_sauce,7470.0,7457.0,0.0,13.0
2022-10-12,bbq_sauce,7372.0,7364.0,0.0,8.0
2022-10-12,polyneasian,7210.0,7206.0,0.0,4.0
2022-10-12,chickfala,7134.0,7123.0,0.0,11.0
2022-10-12,silverware,7210.0,7196.0,0.0,14.0
2022-10-13,fried_batter,1057.4000000000005,922.4000000000005,0.0,135.0
2022-10-13,bun,811.0,768.0,0.0,43.0
2022-10-13,chicken_patty,336.0,262.5,0.0,73.5
2022-10-13,pickle_chips,2258.0,2129.0,0.0,129.0
2022-10-13,lettuce,262.0,200.0,0.0,62.0
2022-10-13,tomato,262.0,200.0,0.0,62.0
2022-10-13,cheese,25.5,235.0,262.5,53.0
2022-10-13,spice,1044.0,1023.0,0.0,21.0
2022-10-13,chicken_nuggets,5337.0,4811.0,0.0,526.0
2022-10-13,chicken_strips,2868.0,2827.0,0.0,41.0
2022-10-13,flat_bread,146.5,146.5,0.0,0.0
2022-10-13,mixed_greens,1469.0,1425.0,0.0,44.0
2022-10-13,shredded_monterey_jack,1944.0,1940.0,0.0,4.0
2022-10-13,waffle_fries,10053.880000000012,9905.640000000012,0.0,148.24
2022-10-13,roasted_corn_kernels,662.0,662.0,0.0,0.0
2022-10-13,crumbled_bacon,662.0,662.0,0.0,0.0
2022-10-13,avacado_lime_dressing,312.0,312.0,0.0,0.0
2022-10-13,red_bell_pepers,487.0,487.0,0.0,0.0
2022-10-13,grape tomatoes,685.0,685.0,0.0,0.0
2022-10-13,hard_boiled_egg,224.5,224.5,0.0,0.0
2022-10-13,blue_cheese,340.0,296.0,0.0,44.0
2022-10-13,apples,340.0,296.0,0.0,44.0
2022-10-13,strawberries,340.0,296.0,0.0,44.0
2022-10-13,blueberries,340.0,296.0,0.0,44.0
2022-10-13,harvest_nut_granola,340.0,296.0,0.0,44.0
2022-10-13,zesty_apple_vinagrette,340.0,296.0,0.0,44.0
2022-10-13,chicken_tenders,14284.0,14272.0,0.0,12.0
2022-10-13,biscuit,865.0,825.0,0.0,40.0
2022-10-13,chicken_mini_bread,2194.0,2155.0,0.0,39.0
2022-10-13,butter,794.5,791.75,0.0,2.75
2022-10-13,bacon,237.0,232.0,0.0,5.0
2022-10-13,tortilla,698.0,694.0,0.0,4.0
2022-10-13,eggs,680.0,654.0,0.0,26.0
2022-10-13,sausage,379.0,370.0,0.0,9.0
2022-10-13,bagel,315.0,283.0,0.0,32.0
2022-10-13,oatmeal,131.0,115.0,0.0,16.0
2022-10-13,fruit,269.0,238.5,0.0,30.5
2022-10-13,cream_cheese,73.0,60.0,0.0,13.0
2022-10-13,hash_brown,1552.0,1548.0,0.0,4.0
2022-10-13,yogurt_parfait,273.0,261.0,0.0,12.0
2022-10-13,cinamon_cluster,201.0,184.0,0.0,17.0
2022-10-13,lemonade,6392.199999999996,6325.899999999996,0.0,66.3
2022-10-13,straw,12428.0,12186.0,0.0,242.0
2022-10-13,small_drink_cup,1214.0,1188.0,0.0,26.0
2022-10-13,medium_drink_cup,3584.0,3414.0,0.0,170.0
2022-10-13,large_drink_cup,7630.0,7584.0,0.0,46.0
2022-10-13,lemonade_diet,1448.1999999999966,1425.9999999999966,0.0,22.200000000000006
2022-10-13,ice_tea_unsweet,6524.399999999987,6498.699999999987,0.0,25.700000000000003
2022-10-13,ice_tea_sweet,2099.9999999999973,2050.3999999999974,0.0,49.599999999999994
2022-10-13,soft_drink,9285.4,9117.199999999999,0.0,168.2
2022-10-13,dasani_water_bottle,511.0,503.0,0.0,8.0
2022-10-13,orange_juice_bottle,349.0,326.0,0.0,23.0
2022-10-13,apple_juice,357.0,346.0,0.0,11.0
2022-10-13,ice_coffee,682.0,662.75,0.0,19.25
2022-10-13,coffee,1729.0,1711.5,0.0,17.5
2022-10-13,Coffee_box,281.0,275.0,0.0,6.0
2022-10-13,milk_chocolate,510.0,499.0,0.0,11.0
2022-10-13,milk,450.0,406.0,0.0,44.0
2022-10-13,icecream,552.0,456.0,0.0,96.0
2022-10-13,vanilla_flavor,368.0,358.0,0.0,10.0
2022-10-13,cream_flavor,520.0,510.0,0.0,10.0
2022-10-13,chunk_cookie,713.0,634.0,0.0,79.0
2022-10-13,chocolate_flavor,742.0,730.0,0.0,12.0
2022-10-13,strawberry_flavor,570.0,563.0,0.0,7.0
2022-10-13,frosted_extract,96.0,443.0,350.0,3.0
2022-10-13,icecream_cone,672.0,664.0,0.0,8.0
2022-10-13,icecream_come,730.0,720.0,0.0,10.0
2022-10-13,icecream_topping,606.0,598.0,0.0,8.0
2022-10-13,to_go_bag,23618.0,23500.0,0.0,118.0
2022-10-13,napkins,13090.0,12500.0,0.0,590.0
2022-10-13,ketchup,7104.0,7097.0,0.0,7.0
2022-10-13,ranch,7086.0,7080.0,0.0,6.0
2022-10-13,buffalo_sauce,7444.0,7432.0,0.0,12.0
2022-10-13,bbq_sauce,7356.0,7345.0,0.0,11.0
2022-10-13,polyneasian,7202.0,7183.0,0.0,19.0
2022-10-13,chickfala,7112.0,7110.0,0.0,2.0
2022-10-13,silverware,7182.0,7175.0,0.0,7.0
2022-10-14,fried_batter,787.4000000000005,651.6000000000006,0.0,135.8
2022-10-14,bun,725.0,683.0,0.0,42.0
2022-10-14,chicken_patty,189.0,801.5,700.0,87.5
2022-10-14,pickle_chips,2000.0,1874.0,0.0,126.0
2022-10-14,lettuce,138.0,442.0,350.0,46.0
2022-10-14,tomato,138.0,442.0,350.0,46.0
2022-10-14,cheese,444.5,402.5,0.0,42.0
2022-10-14,spice,1002.0,967.0,0.0,35.0
2022-10-14,chicken_nuggets,4285.0,3878.5,0.0,406.5
2022-10-14,chicken_strips,2786.0,2748.0,0.0,38.0
2022-10-14,flat_bread,146.5,133.5,0.0,13.0
2022-10-14,mixed_greens,1381.0,1324.5,0.0,56.5
2022-10-14,shredded_monterey_jack,1936.0,1913.0,0.0,23.0
2022-10-14,waffle_fries,9757.400000000012,9589.560000000012,0.0,167.83999999999997
2022-10-14,roasted_corn_kernels,662.0,657.0,0.0,5.0
2022-10-14,crumbled_bacon,662.0,657.0,0.0,5.0
2022-10-14,avacado_lime_dressing,312.0,307.0,0.0,5.0
2022-10-14,red_bell_pepers,487.0,482.0,0.0,5.0
2022-10-14,grape tomatoes,685.0,660.0,0.0,25.0
2022-10-14,hard_boiled_egg,224.5,219.5,0.0,5.0
2022-10-14,blue_cheese,252.0,207.0,0.0,45.0
2022-10-14,apples,252.0,207.0,0.0,45.0
2022-10-14,strawberries,252.0,207.0,0.0,45.0
2022-10-14,blueberries,252.0,207.0,0.0,45.0
2022-10-14,harvest_nut_granola,252.0,207.0,0.0,45.0
2022-10-14,zesty_apple_vinagrette,252.0,207.0,0.0,45.0
2022-10-14,chicken_tenders,14260.0,14252.0,0.0,8.0
2022-10-14,biscuit,785.0,740.0,0.0,45.0
2022-10-14,chicken_mini_bread,2116.0,2080.0,0.0,36.0
2022-10-14,butter,789.0,788.5,0.0,0.5
2022-10-14,bacon,227.0,222.0,0.0,5.0
2022-10-14,tortilla,690.0,685.0,0.0,5.0
2022-10-14,eggs,628.0,604.0,0.0,24.0
2022-10-14,sausage,361.0,354.0,0.0,7.0
2022-10-14,bagel,251.0,238.0,0.0,13.0
2022-10-14,oatmeal,99.0,90.0,0.0,9.0
2022-10-14,fruit,208.0,185.0,0.0,23.0
2022-10-14,cream_cheese,47.0,47.0,0.0,0.0
2022-10-14,hash_brown,1544.0,1532.0,0.0,12.0
2022-10-14,yogurt_parfait,249.0,240.0,0.0,9.0
2022-10-14,cinamon_cluster,167.0,160.0,0.0,7.0
2022-10-14,lemonade,6259.599999999996,6199.299999999996,0.0,60.300000000000004
2022-10-14,straw,11944.0,11686.0,0.0,258.0
2022-10-14,small_drink_cup,1162.0,1133.0,0.0,29.0
2022-10-14,medium_drink_cup,3244.0,3070.0,0.0,174.0
2022-10-14,large_drink_cup,7538.0,7483.0,0.0,55.0
2022-10-14,lemonade_diet,1403.7999999999965,1382.8999999999965,0.0,20.900000000000006
2022-10-14,ice_tea_unsweet,6472.999999999987,6425.299999999987,0.0,47.7
2022-10-14,ice_tea_sweet,2000.7999999999975,1930.9999999999975,0.0,69.80000000000001
2022-10-14,soft_drink,8948.999999999998,8786.999999999998,0.0,162.0
2022-10-14,dasani_water_bottle,495.0,486.0,0.0,9.0
2022-10-14,orange_juice_bottle,303.0,292.0,0.0,11.0
2022-10-14,apple_juice,335.0,334.0,0.0,1.0
2022-10-14,ice_coffee,643.5,635.5,0.0,8.0
2022-10-14,coffee,1694.0,1667.75,0.0,26.25
2022-10-14,Coffee_box,269.0,266.0,0.0,3.0
2022-10-14,milk_chocolate,488.0,478.0,0.0,10.0
2022-10-14,milk,362.0,327.0,0.0,35.0
2022-10-14,icecream,360.0,292.0,0.0,68.0
2022-10-14,vanilla_flavor,348.0,344.0,0.0,4.0
2022-10-14,cream_flavor,500.0,494.0,0.0,6.0
2022-10-14,chunk_cookie,555.0,443.0,0.0,112.0
2022-10-14,chocolate_flavor,718.0,713.0,0.0,5.0
2022-10-14,strawberry_flavor,556.0,542.0,0.0,14.0
2022-10-14,frosted_extract,790.0,782.0,0.0,8.0
2022-10-14,icecream_cone,656.0,650.0,0.0,6.0
2022-10-14,icecream_come,710.0,706.0,0.0,4.0
2022-10-14,icecream_topping,590.0,579.0,0.0,11.0
2022-10-14,to_go_bag,23382.0,23276.0,0.0,106.0
2022-10-14,napkins,11910.0,11380.0,0.0,530.0
2022-10-14,ketchup,7090.0,7083.0,0.0,7.0
2022-10-14,ranch,7074.0,7067.0,0.0,7.0
2022-10-14,buffalo_sauce,7420.0,7419.0,0.0,1.0
2022-10-14,bbq_sauce,7334.0,7320.0,0.0,14.0
2022-10-14,polyneasian,7164.0,7147.0,0.0,17.0
2022-10-14,chickfala,7108.0,7098.0,0.0,10.0
2022-10-14,silverware,7168.0,7162.0,0.0,6.0
2022-10-15,fried_batter,515.8000000000006,385.80000000000064,0.0,130.0
2022-10-15,bun,641.0,599.0,0.0,42.0
2022-10-15,chicken_patty,1414.0,1339.5,0.0,74.5
2022-10-15,pickle_chips,1748.0,1622.0,0.0,126.0
2022-10-15,lettuce,746.0,724.0,0.0,22.0
2022-10-15,tomato,746.0,724.0,0.0,22.0
2022-10-15,cheese,360.5,319.5,0.0,41.0
2022-10-15,spice,932.0,902.0,0.0,30.0
2022-10-15,chicken_nuggets,3472.0,3046.0,0.0,426.0
2022-10-15,chicken_strips,2710.0,2662.0,0.0,48.0
2022-10-15,flat_bread,120.5,112.5,0.0,8.0
2022-10-15,mixed_greens,1268.0,1213.0,0.0,55.0
2022-10-15,shredded_monterey_jack,1890.0,1868.0,0.0,22.0
2022-10-15,waffle_fries,9421.720000000012,9254.540000000012,0.0,167.18
2022-10-15,roasted_corn_kernels,652.0,648.0,0.0,4.0
2022-10-15,crumbled_bacon,652.0,648.0,0.0,4.0
2022-10-15,avacado_lime_dressing,302.0,298.0,0.0,4.0
2022-10-15,red_bell_pepers,477.0,473.0,0.0,4.0
2022-10-15,grape tomatoes,635.0,615.0,0.0,20.0
2022-10-15,hard_boiled_egg,214.5,210.5,0.0,4.0
2022-10-15,blue_cheese,162.0,115.0,0.0,47.0
2022-10-15,apples,162.0,115.0,0.0,47.0
2022-10-15,strawberries,162.0,115.0,0.0,47.0
2022-10-15,blueberries,162.0,115.0,0.0,47.0
2022-10-15,harvest_nut_granola,162.0,115.0,0.0,47.0
2022-10-15,zesty_apple_vinagrette,162.0,115.0,0.0,47.0
2022-10-15,chicken_tenders,14244.0,14228.0,0.0,16.0
2022-10-15,biscuit,695.0,644.0,0.0,51.0
2022-10-15,chicken_mini_bread,2044.0,2002.0,0.0,42.0
2022-10-15,butter,788.0,785.25,0.0,2.75
2022-10-15,bacon,217.0,214.0,0.0,3.0
2022-10-15,tortilla,680.0,670.0,0.0,10.0
2022-10-15,eggs,580.0,540.0,0.0,40.0
2022-10-15,sausage,347.0,327.0,0.0,20.0
2022-10-15,bagel,225.0,205.0,0.0,20.0
2022-10-15,oatmeal,81.0,57.0,0.0,24.0
2022-10-15,fruit,162.0,138.0,0.0,24.0
2022-10-15,cream_cheese,47.0,214.0,175.0,8.0
2022-10-15,hash_brown,1520.0,1515.0,0.0,5.0
2022-10-15,yogurt_parfait,231.0,228.0,0.0,3.0
2022-10-15,cinamon_cluster,153.0,145.0,0.0,8.0
2022-10-15,lemonade,6138.999999999995,6106.899999999995,0.0,32.1
2022-10-15,straw,11428.0,11171.0,0.0,257.0
2022-10-15,small_drink_cup,1104.0,1033.0,0.0,71.0
2022-10-15,medium_drink_cup,2896.0,2746.0,0.0,150.0
2022-10-15,large_drink_cup,7428.0,7392.0,0.0,36.0
2022-10-15,lemonade_diet,1361.9999999999964,1343.1999999999964,0.0,18.8
2022-10-15,ice_tea_unsweet,6377.599999999988,6337.999999999987,0.0,39.599999999999994
2022-10-15,ice_tea_sweet,1861.1999999999975,1817.1999999999975,0.0,44.00000000000001
2022-10-15,soft_drink,8624.999999999998,8469.199999999999,0.0,155.8
2022-10-15,dasani_water_bottle,477.0,471.0,0.0,6.0
2022-10-15,orange_juice_bottle,281.0,274.0,0.0,7.0
2022-10-15,apple_juice,333.0,321.0,0.0,12.0
2022-10-15,ice_coffee,627.5,593.75,0.0,33.75
2022-10-15,coffee,1641.5,1629.0,0.0,12.5
2022-10-15,Coffee_box,263.0,256.0,0.0,7.0
2022-10-15,milk_chocolate,468.0,462.0,0.0,6.0
2022-10-15,milk,292.0,255.0,0.0,37.0
2022-10-15,icecream,224.0,150.0,0.0,74.0
2022-10-15,vanilla_flavor,340.0,335.0,0.0,5.0
2022-10-15,cream_flavor,488.0,470.0,0.0,18.0
2022-10-15,chunk_cookie,331.0,274.0,0.0,57.0
2022-10-15,chocolate_flavor,708.0,705.0,0.0,3.0
2022-10-15,strawberry_flavor,528.0,525.0,0.0,3.0
2022-10-15,frosted_extract,774.0,773.0,0.0,1.0
2022-10-15,icecream_cone,644.0,634.0,0.0,10.0
2022-10-15,icecream_come,702.0,696.0,0.0,6.0
2022-10-15,icecream_topping,568.0,560.0,0.0,8.0
2022-10-15,to_go_bag,23170.0,23059.0,0.0,111.0
2022-10-15,napkins,10850.0,10295.0,0.0,555.0
2022-10-15,ketchup,7076.0,7066.0,0.0,10.0
2022-10-15,ranch,7060.0,7053.0,0.0,7.0
2022-10-15,buffalo_sauce,7418.0,7413.0,0.0,5.0
2022-10-15,bbq_sauce,7306.0,7302.0,0.0,4.0
2022-10-15,polyneasian,7130.0,7130.0,0.0,0.0
2022-10-15,chickfala,7088.0,7079.0,0.0,9.0
2022-10-15,silverware,7156.0,7146.0,0.0,10.0
2022-10-17,fried_batter,255.80000000000064,673.0000000000007,525.0,107.8
2022-10-17,bun,557.0,512.0,0.0,45.0
2022-10-17,chicken_patty,1265.0,1192.5,0.0,72.5
2022-10-17,pickle_chips,1496.0,1361.0,0.0,135.0
2022-10-17,lettuce,702.0,654.0,0.0,48.0
2022-10-17,tomato,702.0,654.0,0.0,48.0
2022-10-17,cheese,278.5,242.5,0.0,36.0
2022-10-17,spice,872.0,849.0,0.0,23.0
2022-10-17,chicken_nuggets,2620.0,2301.5,0.0,318.5
2022-10-17,chicken_strips,2614.0,2605.0,0.0,9.0
2022-10-17,flat_bread,104.5,91.5,0.0,13.0
2022-10-17,mixed_greens,1158.0,1073.5,0.0,84.5
2022-10-17,shredded_monterey_jack,1846.0,1821.0,0.0,25.0
2022-10-17,waffle_fries,9087.360000000011,8933.360000000011,0.0,154.0
2022-10-17,roasted_corn_kernels,644.0,634.0,0.0,10.0
2022-10-17,crumbled_bacon,644.0,634.0,0.0,10.0
2022-10-17,avacado_lime_dressing,294.0,284.0,0.0,10.0
2022-10-17,red_bell_pepers,469.0,459.0,0.0,10.0
2022-10-17,grape tomatoes,595.0,545.0,0.0,50.0
2022-10-17,hard_boiled_egg,206.5,196.5,0.0,10.0
2022-10-17,blue_cheese,68.0,350.0,350.0,68.0
2022-10-17,apples,68.0,350.0,350.0,68.0
2022-10-17,strawberries,68.0,350.0,350.0,68.0
2022-10-17,blueberries,68.0,350.0,350.0,68.0
2022-10-17,harvest_nut_granola,68.0,350.0,350.0,68.0
2022-10-17,zesty_apple_vinagrette,68.0,350.0,350.0,68.0
2022-10-17,chicken_tenders,14212.0,14170.0,0.0,42.0
2022-10-17,biscuit,593.0,579.0,0.0,14.0
2022-10-17,chicken_mini_bread,1960.0,1909.0,0.0,51.0
2022-10-17,butter,782.5,782.5,0.0,0.0
2022-10-17,bacon,211.0,211.0,0.0,0.0
2022-10-17,tortilla,660.0,658.0,0.0,2.0
2022-10-17,eggs,500.0,486.0,0.0,14.0
2022-10-17,sausage,307.0,302.0,0.0,5.0
2022-10-17,bagel,185.0,144.0,0.0,41.0
2022-10-17,oatmeal,33.0,200.0,175.0,8.0
2022-10-17,fruit,114.0,428.5,350.0,35.5
2022-10-17,cream_cheese,381.0,360.0,0.0,21.0
2022-10-17,hash_brown,1510.0,1502.0,0.0,8.0
2022-10-17,yogurt_parfait,225.0,215.0,0.0,10.0
2022-10-17,cinamon_cluster,137.0,126.0,0.0,11.0
2022-10-17,lemonade,6074.799999999995,6042.399999999995,0.0,32.4
2022-10-17,straw,10914.0,10705.0,0.0,209.0
2022-10-17,small_drink_cup,962.0,4424.0,3500.0,38.0
2022-10-17,medium_drink_cup,2596.0,2449.0,0.0,147.0
2022-10-17,large_drink_cup,7356.0,7332.0,0.0,24.0
2022-10-17,lemonade_diet,1324.3999999999965,1312.0999999999965,0.0,12.299999999999999
2022-10-17,ice_tea_unsweet,6298.399999999987,6265.199999999987,0.0,33.2
2022-10-17,ice_tea_sweet,1773.1999999999975,1716.5999999999976,0.0,56.60000000000001
2022-10-17,soft_drink,8313.4,8192.5,0.0,120.89999999999999
2022-10-17,dasani_water_bottle,465.0,450.0,0.0,15.0
2022-10-17,orange_juice_bottle,267.0,253.0,0.0,14.0
2022-10-17,apple_juice,309.0,303.0,0.0,6.0
2022-10-17,ice_coffee,560.0,540.75,0.0,19.25
2022-10-17,coffee,1616.5,1603.5,0.0,13.0
2022-10-17,Coffee_box,249.0,246.0,0.0,3.0
2022-10-17,milk_chocolate,456.0,447.0,0.0,9.0
2022-10-17,milk,218.0,185.0,0.0,33.0
2022-10-17,icecream,76.0,343.0,350.0,83.0
2022-10-17,vanilla_flavor,330.0,324.0,0.0,6.0
2022-10-17,cream_flavor,452.0,440.0,0.0,12.0
2022-10-17,chunk_cookie,217.0,195.0,0.0,22.0
2022-10-17,chocolate_flavor,702.0,695.0,0.0,7.0
2022-10-17,strawberry_flavor,522.0,514.0,0.0,8.0
2022-10-17,frosted_extract,772.0,767.0,0.0,5.0
2022-10-17,icecream_cone,624.0,620.0,0.0,4.0
2022-10-17,icecream_come,690.0,677.0,0.0,13.0
2022-10-17,icecream_topping,552.0,537.0,0.0,15.0
2022-10-17,to_go_bag,22948.0,22835.0,0.0,113.0
2022-10-17,napkins,9740.0,9175.0,0.0,565.0
2022-10-17,ketchup,7056.0,7045.0,0.0,11.0
2022-10-17,ranch,7046.0,7036.0,0.0,10.0
2022-10-17,buffalo_sauce,7408.0,7406.0,0.0,2.0
2022-10-17,bbq_sauce,7298.0,7297.0,0.0,1.0
2022-10-17,polyneasian,7130.0,7115.0,0.0,15.0
2022-10-17,chickfala,7070.0,7069.0,0.0,1.0
2022-10-17,silverware,7136.0,7126.0,0.0,10.0
2022-10-18,fried_batter,1090.2000000000007,964.8000000000008,0.0,125.39999999999999
2022-10-18,bun,467.0,429.0,0.0,38.0
2022-10-18,chicken_patty,1120.0,1048.0,0.0,72.0
2022-10-18,pickle_chips,1226.0,1112.0,0.0,114.0
2022-10-18,lettuce,606.0,592.0,0.0,14.0
2022-10-18,tomato,606.0,592.0,0.0,14.0
2022-10-18,cheese,206.5,169.5,0.0,37.0
2022-10-18,spice,826.0,804.0,0.0,22.0
2022-10-18,chicken_nuggets,1983.0,8449.0,7000.0,534.0
2022-10-18,chicken_strips,2596.0,2555.0,0.0,41.0
2022-10-18,flat_bread,78.5,337.0,262.5,4.0
2022-10-18,mixed_greens,989.0,919.0,0.0,70.0
2022-10-18,shredded_monterey_jack,1796.0,1764.0,0.0,32.0
2022-10-18,waffle_fries,8779.360000000011,8631.060000000012,0.0,148.3
2022-10-18,roasted_corn_kernels,624.0,606.0,0.0,18.0
2022-10-18,crumbled_bacon,624.0,606.0,0.0,18.0
2022-10-18,avacado_lime_dressing,274.0,256.0,0.0,18.0
2022-10-18,red_bell_pepers,449.0,431.0,0.0,18.0
2022-10-18,grape tomatoes,495.0,405.0,0.0,90.0
2022-10-18,hard_boiled_egg,186.5,168.5,0.0,18.0
2022-10-18,blue_cheese,632.0,582.0,0.0,50.0
2022-10-18,apples,632.0,582.0,0.0,50.0
2022-10-18,strawberries,632.0,582.0,0.0,50.0
2022-10-18,blueberries,632.0,582.0,0.0,50.0
2022-10-18,harvest_nut_granola,632.0,582.0,0.0,50.0
2022-10-18,zesty_apple_vinagrette,632.0,582.0,0.0,50.0
2022-10-18,chicken_tenders,14128.0,14120.0,0.0,8.0
2022-10-18,biscuit,565.0,509.0,0.0,56.0
2022-10-18,chicken_mini_bread,1858.0,1795.0,0.0,63.0
2022-10-18,butter,782.5,777.0,0.0,5.5
2022-10-18,bacon,211.0,201.0,0.0,10.0
2022-10-18,tortilla,656.0,646.0,0.0,10.0
2022-10-18,eggs,472.0,432.0,0.0,40.0
2022-10-18,sausage,297.0,285.0,0.0,12.0
2022-10-18,bagel,103.0,77.0,0.0,26.0
2022-10-18,oatmeal,367.0,351.0,0.0,16.0
2022-10-18,fruit,743.0,710.0,0.0,33.0
2022-10-18,cream_cheese,339.0,331.0,0.0,8.0
2022-10-18,hash_brown,1494.0,1490.0,0.0,4.0
2022-10-18,yogurt_parfait,205.0,191.0,0.0,14.0
2022-10-18,cinamon_cluster,115.0,105.0,0.0,10.0
2022-10-18,lemonade,6009.999999999995,5986.899999999995,0.0,23.099999999999998
2022-10-18,straw,10496.0,10228.0,0.0,268.0
2022-10-18,small_drink_cup,7886.0,7826.0,0.0,60.0
2022-10-18,medium_drink_cup,2302.0,2134.0,0.0,168.0
2022-10-18,large_drink_cup,7308.0,7268.0,0.0,40.0
2022-10-18,lemonade_diet,1299.7999999999965,1273.8999999999965,0.0,25.9
2022-10-18,ice_tea_unsweet,6231.999999999987,6198.699999999987,0.0,33.3
2022-10-18,ice_tea_sweet,1659.9999999999977,1596.3999999999978,0.0,63.60000000000001
2022-10-18,soft_drink,8071.6,7917.3,0.0,154.3
2022-10-18,dasani_water_bottle,435.0,430.0,0.0,5.0
2022-10-18,orange_juice_bottle,239.0,239.0,0.0,0.0
2022-10-18,apple_juice,297.0,285.0,0.0,12.0
2022-10-18,ice_coffee,521.5,501.0,0.0,20.5
2022-10-18,coffee,1590.5,1563.75,0.0,26.75
2022-10-18,Coffee_box,243.0,233.0,0.0,10.0
2022-10-18,milk_chocolate,438.0,434.0,0.0,4.0
2022-10-18,milk,152.0,139.0,0.0,13.0
2022-10-18,icecream,610.0,576.0,0.0,34.0
2022-10-18,vanilla_flavor,318.0,310.0,0.0,8.0
2022-10-18,cream_flavor,428.0,427.0,0.0,1.0
2022-10-18,chunk_cookie,173.0,403.5,350.0,119.5
2022-10-18,chocolate_flavor,688.0,688.0,0.0,0.0
2022-10-18,strawberry_flavor,506.0,503.0,0.0,3.0
2022-10-18,frosted_extract,762.0,755.0,0.0,7.0
2022-10-18,icecream_cone,616.0,609.0,0.0,7.0
2022-10-18,icecream_come,664.0,661.0,0.0,3.0
2022-10-18,icecream_topping,522.0,518.0,0.0,4.0
2022-10-18,to_go_bag,22722.0,22606.0,0.0,116.0
2022-10-18,napkins,8610.0,8030.0,0.0,580.0
2022-10-18,ketchup,7034.0,7030.0,0.0,4.0
2022-10-18,ranch,7026.0,7011.0,0.0,15.0
2022-10-18,buffalo_sauce,7404.0,7400.0,0.0,4.0
2022-10-18,bbq_sauce,7296.0,7287.0,0.0,9.0
2022-10-18,polyneasian,7100.0,7092.0,0.0,8.0
2022-10-18,chickfala,7068.0,7058.0,0.0,10.0
2022-10-18,silverware,7116.0,7116.0,0.0,0.0
2022-10-19,fried_batter,839.4000000000008,699.0000000000008,0.0,140.39999999999998
2022-10-19,bun,391.0,336.0,0.0,55.0
2022-10-19,chicken_patty,976.0,879.0,0.0,97.0
2022-10-19,pickle_chips,998.0,833.0,0.0,165.0
2022-10-19,lettuce,578.0,512.0,0.0,66.0
2022-10-19,tomato,578.0,512.0,0.0,66.0
2022-10-19,cheese,132.5,331.0,262.5,64.0
2022-10-19,spice,782.0,759.0,0.0,23.0
2022-10-19,chicken_nuggets,14915.0,14417.0,0.0,498.0
2022-10-19,chicken_strips,2514.0,2481.0,0.0,33.0
2022-10-19,flat_bread,595.5,589.5,0.0,6.0
2022-10-19,mixed_greens,849.0,795.0,0.0,54.0
2022-10-19,shredded_monterey_jack,1732.0,1715.0,0.0,17.0
2022-10-19,waffle_fries,8482.760000000013,8346.520000000013,0.0,136.24
2022-10-19,roasted_corn_kernels,588.0,584.0,0.0,4.0
2022-10-19,crumbled_bacon,588.0,584.0,0.0,4.0
2022-10-19,avacado_lime_dressing,238.0,234.0,0.0,4.0
2022-10-19,red_bell_pepers,413.0,409.0,0.0,4.0
2022-10-19,grape tomatoes,315.0,295.0,0.0,20.0
2022-10-19,hard_boiled_egg,150.5,146.5,0.0,4.0
2022-10-19,blue_cheese,532.0,485.0,0.0,47.0
2022-10-19,apples,532.0,485.0,0.0,47.0
2022-10-19,strawberries,532.0,485.0,0.0,47.0
2022-10-19,blueberries,532.0,485.0,0.0,47.0
2022-10-19,harvest_nut_granola,532.0,485.0,0.0,47.0
2022-10-19,zesty_apple_vinagrette,532.0,485.0,0.0,47.0
2022-10-19,chicken_tenders,14112.0,14112.0,0.0,0.0
2022-10-19,biscuit,453.0,425.0,0.0,28.0
2022-10-19,chicken_mini_bread,1732.0,1687.0,0.0,45.0
2022-10-19,butter,771.5,770.75,0.0,0.75
2022-10-19,bacon,191.0,177.0,0.0,14.0
2022-10-19,tortilla,636.0,629.0,0.0,7.0
2022-10-19,eggs,392.0,354.0,0.0,38.0
2022-10-19,sausage,273.0,270.0,0.0,3.0
2022-10-19,bagel,51.0,190.0,175.0,36.0
2022-10-19,oatmeal,335.0,317.0,0.0,18.0
2022-10-19,fruit,677.0,646.0,0.0,31.0
2022-10-19,cream_cheese,323.0,311.0,0.0,12.0
2022-10-19,hash_brown,1486.0,1479.0,0.0,7.0
2022-10-19,yogurt_parfait,177.0,169.0,0.0,8.0
2022-10-19,cinamon_cluster,95.0,91.0,0.0,4.0
2022-10-19,lemonade,5963.799999999995,5881.199999999994,0.0,82.6
2022-10-19,straw,9960.0,9707.0,0.0,253.0
2022-10-19,small_drink_cup,7766.0,7722.0,0.0,44.0
2022-10-19,medium_drink_cup,1966.0,1817.0,0.0,149.0
2022-10-19,large_drink_cup,7228.0,7168.0,0.0,60.0
2022-10-19,lemonade_diet,1247.9999999999964,1210.2999999999963,0.0,37.7
2022-10-19,ice_tea_unsweet,6165.399999999987,6133.7999999999865,0.0,31.6
2022-10-19,ice_tea_sweet,1532.799999999998,1474.799999999998,0.0,58.000000000000014
2022-10-19,soft_drink,7763.0,7620.3,0.0,142.7
2022-10-19,dasani_water_bottle,425.0,413.0,0.0,12.0
2022-10-19,orange_juice_bottle,239.0,235.0,0.0,4.0
2022-10-19,apple_juice,273.0,270.0,0.0,3.0
2022-10-19,ice_coffee,480.5,469.75,0.0,10.75
2022-10-19,coffee,1537.0,1515.0,0.0,22.0
2022-10-19,Coffee_box,223.0,218.0,0.0,5.0
2022-10-19,milk_chocolate,430.0,422.0,0.0,8.0
2022-10-19,milk,126.0,112.0,0.0,14.0
2022-10-19,icecream,542.0,510.0,0.0,32.0
2022-10-19,vanilla_flavor,302.0,302.0,0.0,0.0
2022-10-19,cream_flavor,426.0,420.0,0.0,6.0
2022-10-19,chunk_cookie,634.0,596.0,0.0,38.0
2022-10-19,chocolate_flavor,688.0,687.0,0.0,1.0
2022-10-19,strawberry_flavor,500.0,500.0,0.0,0.0
2022-10-19,frosted_extract,748.0,732.0,0.0,16.0
2022-10-19,icecream_cone,602.0,594.0,0.0,8.0
2022-10-19,icecream_come,658.0,648.0,0.0,10.0
2022-10-19,icecream_topping,514.0,511.0,0.0,3.0
2022-10-19,to_go_bag,22490.0,22368.0,0.0,122.0
2022-10-19,napkins,7450.0,6840.0,0.0,610.0
2022-10-19,ketchup,7026.0,7014.0,0.0,12.0
2022-10-19,ranch,6996.0,6996.0,0.0,0.0
2022-10-19,buffalo_sauce,7396.0,7386.0,0.0,10.0
2022-10-19,bbq_sauce,7278.0,7269.0,0.0,9.0
2022-10-19,polyneasian,7084.0,7076.0,0.0,8.0
2022-10-19,chickfala,7048.0,7037.0,0.0,11.0
2022-10-19,silverware,7116.0,7102.0,0.0,14.0
2022-10-20,fried_batter,558.6000000000008,428.8000000000008,0.0,129.8
2022-10-20,bun,281.0,227.0,0.0,54.0
2022-10-20,chicken_patty,782.0,683.0,0.0,99.0
2022-10-20,pickle_chips,668.0,506.0,0.0,162.0
2022-10-20,lettuce,446.0,404.0,0.0,42.0
2022-10-20,tomato,446.0,404.0,0.0,42.0
2022-10-20,cheese,529.5,485.5,0.0,44.0
2022-10-20,spice,736.0,711.0,0.0,25.0
2022-10-20,chicken_nuggets,13919.0,13568.0,0.0,351.0
2022-10-20,chicken_strips,2448.0,2428.0,0.0,20.0
2022-10-20,flat_bread,583.5,581.5,0.0,2.0
2022-10-20,mixed_greens,741.0,672.0,0.0,69.0
2022-10-20,shredded_monterey_jack,1698.0,1688.0,0.0,10.0
2022-10-20,waffle_fries,8210.280000000013,8056.460000000014,0.0,153.82
2022-10-20,roasted_corn_kernels,580.0,572.0,0.0,8.0
2022-10-20,crumbled_bacon,580.0,572.0,0.0,8.0
2022-10-20,avacado_lime_dressing,230.0,222.0,0.0,8.0
2022-10-20,red_bell_pepers,405.0,397.0,0.0,8.0
2022-10-20,grape tomatoes,275.0,1110.0,875.0,40.0
2022-10-20,hard_boiled_egg,142.5,134.5,0.0,8.0
2022-10-20,blue_cheese,438.0,378.0,0.0,60.0
2022-10-20,apples,438.0,378.0,0.0,60.0
2022-10-20,strawberries,438.0,378.0,0.0,60.0
2022-10-20,blueberries,438.0,378.0,0.0,60.0
2022-10-20,harvest_nut_granola,438.0,378.0,0.0,60.0
2022-10-20,zesty_apple_vinagrette,438.0,378.0,0.0,60.0
2022-10-20,chicken_tenders,14112.0,14098.0,0.0,14.0
2022-10-20,biscuit,397.0,362.0,0.0,35.0
2022-10-20,chicken_mini_bread,1642.0,1558.0,0.0,84.0
2022-10-20,butter,770.0,768.25,0.0,1.75
2022-10-20,bacon,163.0,156.0,0.0,7.0
2022-10-20,tortilla,622.0,622.0,0.0,0.0
2022-10-20,eggs,316.0,293.0,0.0,23.0
2022-10-20,sausage,267.0,262.0,0.0,5.0
2022-10-20,bagel,329.0,299.0,0.0,30.0
2022-10-20,oatmeal,299.0,282.0,0.0,17.0
2022-10-20,fruit,615.0,607.0,0.0,8.0
2022-10-20,cream_cheese,299.0,292.0,0.0,7.0
2022-10-20,hash_brown,1472.0,1467.0,0.0,5.0
2022-10-20,yogurt_parfait,161.0,157.0,0.0,4.0
2022-10-20,cinamon_cluster,87.0,77.0,0.0,10.0
2022-10-20,lemonade,5798.599999999994,5752.999999999994,0.0,45.599999999999994
2022-10-20,straw,9454.0,9211.0,0.0,243.0
2022-10-20,small_drink_cup,7678.0,7640.0,0.0,38.0
2022-10-20,medium_drink_cup,1668.0,1506.0,0.0,162.0
2022-10-20,large_drink_cup,7108.0,7065.0,0.0,43.0
2022-10-20,lemonade_diet,1172.5999999999963,1148.2999999999963,0.0,24.299999999999997
2022-10-20,ice_tea_unsweet,6102.199999999986,6077.099999999986,0.0,25.1
2022-10-20,ice_tea_sweet,1416.799999999998,1349.3999999999978,0.0,67.4
2022-10-20,soft_drink,7477.6,7331.0,0.0,146.60000000000002
2022-10-20,dasani_water_bottle,401.0,389.0,0.0,12.0
2022-10-20,orange_juice_bottle,231.0,225.0,0.0,6.0
2022-10-20,apple_juice,267.0,254.0,0.0,13.0
2022-10-20,ice_coffee,459.0,452.5,0.0,6.5
2022-10-20,coffee,1493.0,1479.5,0.0,13.5
2022-10-20,Coffee_box,213.0,204.0,0.0,9.0
2022-10-20,milk_chocolate,414.0,406.0,0.0,8.0
2022-10-20,milk,98.0,405.0,350.0,43.0
2022-10-20,icecream,478.0,393.0,0.0,85.0
2022-10-20,vanilla_flavor,302.0,281.0,0.0,21.0
2022-10-20,cream_flavor,414.0,404.0,0.0,10.0
2022-10-20,chunk_cookie,558.0,546.0,0.0,12.0
2022-10-20,chocolate_flavor,686.0,686.0,0.0,0.0
2022-10-20,strawberry_flavor,500.0,494.0,0.0,6.0
2022-10-20,frosted_extract,716.0,706.0,0.0,10.0
2022-10-20,icecream_cone,586.0,580.0,0.0,6.0
2022-10-20,icecream_come,638.0,633.0,0.0,5.0
2022-10-20,icecream_topping,508.0,505.0,0.0,3.0
2022-10-20,to_go_bag,22246.0,22138.0,0.0,108.0
2022-10-20,napkins,6230.0,5690.0,0.0,540.0
2022-10-20,ketchup,7002.0,6999.0,0.0,3.0
2022-10-20,ranch,6996.0,6992.0,0.0,4.0
2022-10-20,buffalo_sauce,7376.0,7368.0,0.0,8.0
2022-10-20,bbq_sauce,7260.0,7249.0,0.0,11.0
2022-10-20,polyneasian,7068.0,7057.0,0.0,11.0
2022-10-20,chickfala,7026.0,7019.0,0.0,7.0
2022-10-20,silverware,7088.0,7082.0,0.0,6.0
2022-10-21,fried_batter,299.0000000000008,165.60000000000082,0.0,133.39999999999998
2022-10-21,bun,173.0,659.0,525.0,39.0
2022-10-21,chicken_patty,584.0,508.0,0.0,76.0
2022-10-21,pickle_chips,344.0,1977.0,1750.0,117.0
2022-10-21,lettuce,362.0,332.0,0.0,30.0
2022-10-21,tomato,362.0,332.0,0.0,30.0
2022-10-21,cheese,441.5,402.5,0.0,39.0
2022-10-21,spice,686.0,656.0,0.0,30.0
2022-10-21,chicken_nuggets,13217.0,12682.0,0.0,535.0
2022-10-21,chicken_strips,2408.0,2367.0,0.0,41.0
2022-10-21,flat_bread,579.5,575.5,0.0,4.0
2022-10-21,mixed_greens,603.0,535.0,0.0,68.0
2022-10-21,shredded_monterey_jack,1678.0,1660.0,0.0,18.0
2022-10-21,waffle_fries,7902.640000000014,7778.340000000014,0.0,124.30000000000001
2022-10-21,roasted_corn_kernels,564.0,559.0,0.0,5.0
2022-10-21,crumbled_bacon,564.0,559.0,0.0,5.0
2022-10-21,avacado_lime_dressing,214.0,209.0,0.0,5.0
2022-10-21,red_bell_pepers,389.0,384.0,0.0,5.0
2022-10-21,grape tomatoes,1945.0,1920.0,0.0,25.0
2022-10-21,hard_boiled_egg,126.5,121.5,0.0,5.0
2022-10-21,blue_cheese,318.0,257.0,0.0,61.0
2022-10-21,apples,318.0,257.0,0.0,61.0
2022-10-21,strawberries,318.0,257.0,0.0,61.0
2022-10-21,blueberries,318.0,257.0,0.0,61.0
2022-10-21,harvest_nut_granola,318.0,257.0,0.0,61.0
2022-10-21,zesty_apple_vinagrette,318.0,257.0,0.0,61.0
2022-10-21,chicken_tenders,14084.0,14064.0,0.0,20.0
2022-10-21,biscuit,327.0,294.0,0.0,33.0
2022-10-21,chicken_mini_bread,1474.0,1438.0,0.0,36.0
2022-10-21,butter,766.5,764.5,0.0,2.0
2022-10-21,bacon,149.0,665.0,525.0,9.0
2022-10-21,tortilla,622.0,613.0,0.0,9.0
2022-10-21,eggs,270.0,237.0,0.0,33.0
2022-10-21,sausage,257.0,251.0,0.0,6.0
2022-10-21,bagel,269.0,229.0,0.0,40.0
2022-10-21,oatmeal,265.0,252.0,0.0,13.0
2022-10-21,fruit,599.0,559.5,0.0,39.5
2022-10-21,cream_cheese,285.0,272.0,0.0,13.0
2022-10-21,hash_brown,1462.0,1451.0,0.0,11.0
2022-10-21,yogurt_parfait,153.0,152.0,0.0,1.0
2022-10-21,cinamon_cluster,67.0,63.0,0.0,4.0
2022-10-21,lemonade,5707.399999999993,5661.999999999994,0.0,45.400000000000006
2022-10-21,straw,8968.0,8751.0,0.0,217.0
2022-10-21,small_drink_cup,7602.0,7571.0,0.0,31.0
2022-10-21,medium_drink_cup,1344.0,1197.0,0.0,147.0
2022-10-21,large_drink_cup,7022.0,6983.0,0.0,39.0
2022-10-21,lemonade_diet,1123.9999999999964,1100.1999999999964,0.0,23.8
2022-10-21,ice_tea_unsweet,6051.999999999985,6034.099999999986,0.0,17.9
2022-10-21,ice_tea_sweet,1281.9999999999977,1244.1999999999978,0.0,37.800000000000004
2022-10-21,soft_drink,7184.4,7049.799999999999,0.0,134.6
2022-10-21,dasani_water_bottle,377.0,373.0,0.0,4.0
2022-10-21,orange_juice_bottle,219.0,208.0,0.0,11.0
2022-10-21,apple_juice,241.0,234.0,0.0,7.0
2022-10-21,ice_coffee,446.0,434.5,0.0,11.5
2022-10-21,coffee,1466.0,1441.0,0.0,25.0
2022-10-21,Coffee_box,195.0,185.0,0.0,10.0
2022-10-21,milk_chocolate,398.0,394.0,0.0,4.0
2022-10-21,milk,712.0,650.0,0.0,62.0
2022-10-21,icecream,308.0,180.0,0.0,128.0
2022-10-21,vanilla_flavor,260.0,246.0,0.0,14.0
2022-10-21,cream_flavor,394.0,378.0,0.0,16.0
2022-10-21,chunk_cookie,534.0,445.0,0.0,89.0
2022-10-21,chocolate_flavor,686.0,680.0,0.0,6.0
2022-10-21,strawberry_flavor,488.0,477.0,0.0,11.0
2022-10-21,frosted_extract,696.0,690.0,0.0,6.0
2022-10-21,icecream_cone,574.0,555.0,0.0,19.0
2022-10-21,icecream_come,628.0,613.0,0.0,15.0
2022-10-21,icecream_topping,502.0,500.0,0.0,2.0
2022-10-21,to_go_bag,22030.0,21915.0,0.0,115.0
2022-10-21,napkins,5150.0,4575.0,0.0,575.0
2022-10-21,ketchup,6996.0,6987.0,0.0,9.0
2022-10-21,ranch,6988.0,6983.0,0.0,5.0
2022-10-21,buffalo_sauce,7360.0,7350.0,0.0,10.0
2022-10-21,bbq_sauce,7238.0,7229.0,0.0,9.0
2022-10-21,polyneasian,7046.0,7038.0,0.0,8.0
2022-10-21,chickfala,7012.0,7010.0,0.0,2.0
2022-10-21,silverware,7076.0,7065.0,0.0,11.0
2022-10-22,fried_batter,32.20000000000084,410.20000000000084,525.0,147.0
2022-10-22,bun,1145.0,1104.0,0.0,41.0
2022-10-22,chicken_patty,432.0,341.0,0.0,91.0
2022-10-22,pickle_chips,3610.0,3487.0,0.0,123.0
2022-10-22,lettuce,302.0,264.0,0.0,38.0
2022-10-22,tomato,302.0,264.0,0.0,38.0
2022-10-22,cheese,363.5,313.5,0.0,50.0
2022-10-22,spice,626.0,592.0,0.0,34.0
2022-10-22,chicken_nuggets,12147.0,11675.0,0.0,472.0
2022-10-22,chicken_strips,2326.0,2258.0,0.0,68.0
2022-10-22,flat_bread,571.5,567.5,0.0,4.0
2022-10-22,mixed_greens,467.0,396.0,0.0,71.0
2022-10-22,shredded_monterey_jack,1642.0,1617.0,0.0,25.0
2022-10-22,waffle_fries,7654.040000000014,7519.140000000014,0.0,134.9
2022-10-22,roasted_corn_kernels,554.0,547.0,0.0,7.0
2022-10-22,crumbled_bacon,554.0,547.0,0.0,7.0
2022-10-22,avacado_lime_dressing,204.0,897.0,700.0,7.0
2022-10-22,red_bell_pepers,379.0,372.0,0.0,7.0
2022-10-22,grape tomatoes,1895.0,1860.0,0.0,35.0
2022-10-22,hard_boiled_egg,116.5,109.5,0.0,7.0
2022-10-22,blue_cheese,196.0,134.0,0.0,62.0
2022-10-22,apples,196.0,134.0,0.0,62.0
2022-10-22,strawberries,196.0,134.0,0.0,62.0
2022-10-22,blueberries,196.0,134.0,0.0,62.0
2022-10-22,harvest_nut_granola,196.0,134.0,0.0,62.0
2022-10-22,zesty_apple_vinagrette,196.0,134.0,0.0,62.0
2022-10-22,chicken_tenders,14044.0,14016.0,0.0,28.0
2022-10-22,biscuit,261.0,204.0,0.0,57.0
2022-10-22,chicken_mini_bread,1402.0,1378.0,0.0,24.0
2022-10-22,butter,762.5,761.25,0.0,1.25
2022-10-22,bacon,1181.0,1174.0,0.0,7.0
2022-10-22,tortilla,604.0,590.0,0.0,14.0
2022-10-22,eggs,204.0,159.0,0.0,45.0
2022-10-22,sausage,245.0,228.0,0.0,17.0
2022-10-22,bagel,189.0,168.0,0.0,21.0
2022-10-22,oatmeal,239.0,216.0,0.0,23.0
2022-10-22,fruit,520.0,498.0,0.0,22.0
2022-10-22,cream_cheese,259.0,252.0,0.0,7.0
2022-10-22,hash_brown,1440.0,1428.0,0.0,12.0
2022-10-22,yogurt_parfait,151.0,145.0,0.0,6.0
2022-10-22,cinamon_cluster,59.0,214.0,175.0,20.0
2022-10-22,lemonade,5616.599999999994,5541.399999999994,0.0,75.20000000000002
2022-10-22,straw,8534.0,8284.0,0.0,250.0
2022-10-22,small_drink_cup,7540.0,7504.0,0.0,36.0
2022-10-22,medium_drink_cup,1050.0,4374.0,3500.0,176.0
2022-10-22,large_drink_cup,6944.0,6906.0,0.0,38.0
2022-10-22,lemonade_diet,1076.3999999999965,1051.2999999999965,0.0,25.1
2022-10-22,ice_tea_unsweet,6016.199999999986,5982.599999999986,0.0,33.6
2022-10-22,ice_tea_sweet,1206.3999999999978,1128.0999999999979,0.0,78.3
2022-10-22,soft_drink,6915.199999999999,6769.5999999999985,0.0,145.6
2022-10-22,dasani_water_bottle,369.0,359.0,0.0,10.0
2022-10-22,orange_juice_bottle,197.0,184.0,0.0,13.0
2022-10-22,apple_juice,227.0,225.0,0.0,2.0
2022-10-22,ice_coffee,423.0,413.75,0.0,9.25
2022-10-22,coffee,1416.0,1387.5,0.0,28.5
2022-10-22,Coffee_box,175.0,172.0,0.0,3.0
2022-10-22,milk_chocolate,390.0,382.0,0.0,8.0
2022-10-22,milk,588.0,555.0,0.0,33.0
2022-10-22,icecream,52.0,336.0,350.0,66.0
2022-10-22,vanilla_flavor,232.0,230.0,0.0,2.0
2022-10-22,cream_flavor,362.0,353.0,0.0,9.0
2022-10-22,chunk_cookie,356.0,318.5,0.0,37.5
2022-10-22,chocolate_flavor,674.0,671.0,0.0,3.0
2022-10-22,strawberry_flavor,466.0,457.0,0.0,9.0
2022-10-22,frosted_extract,684.0,681.0,0.0,3.0
2022-10-22,icecream_cone,536.0,534.0,0.0,2.0
2022-10-22,icecream_come,598.0,580.0,0.0,18.0
2022-10-22,icecream_topping,498.0,489.0,0.0,9.0
2022-10-22,to_go_bag,21800.0,21676.0,0.0,124.0
2022-10-22,napkins,4000.0,3380.0,0.0,620.0
2022-10-22,ketchup,6978.0,6972.0,0.0,6.0
2022-10-22,ranch,6978.0,6967.0,0.0,11.0
2022-10-22,buffalo_sauce,7340.0,7337.0,0.0,3.0
2022-10-22,bbq_sauce,7220.0,7212.0,0.0,8.0
2022-10-22,polyneasian,7030.0,7028.0,0.0,2.0
2022-10-22,chickfala,7008.0,6997.0,0.0,11.0
2022-10-22,silverware,7054.0,7042.0,0.0,12.0
2022-10-24,fried_batter,788.2000000000008,633.6000000000008,0.0,154.6
2022-10-24,bun,1063.0,1007.0,0.0,56.0
2022-10-24,chicken_patty,250.0,859.5,700.0,90.5
2022-10-24,pickle_chips,3364.0,3196.0,0.0,168.0
2022-10-24,lettuce,226.0,158.0,0.0,68.0
2022-10-24,tomato,226.0,158.0,0.0,68.0
2022-10-24,cheese,263.5,210.5,0.0,53.0
2022-10-24,spice,558.0,536.0,0.0,22.0
2022-10-24,chicken_nuggets,11203.0,10847.5,0.0,355.5
2022-10-24,chicken_strips,2190.0,2094.0,0.0,96.0
2022-10-24,flat_bread,563.5,556.5,0.0,7.0
2022-10-24,mixed_greens,325.0,280.5,0.0,44.5
2022-10-24,shredded_monterey_jack,1592.0,1582.0,0.0,10.0
2022-10-24,waffle_fries,7384.240000000014,7228.940000000014,0.0,155.3
2022-10-24,roasted_corn_kernels,540.0,537.0,0.0,3.0
2022-10-24,crumbled_bacon,540.0,537.0,0.0,3.0
2022-10-24,avacado_lime_dressing,1590.0,1587.0,0.0,3.0
2022-10-24,red_bell_pepers,365.0,362.0,0.0,3.0
2022-10-24,grape tomatoes,1825.0,1810.0,0.0,15.0
2022-10-24,hard_boiled_egg,102.5,99.5,0.0,3.0
2022-10-24,blue_cheese,72.0,384.0,350.0,38.0
2022-10-24,apples,72.0,384.0,350.0,38.0
2022-10-24,strawberries,72.0,384.0,350.0,38.0
2022-10-24,blueberries,72.0,384.0,350.0,38.0
2022-10-24,harvest_nut_granola,72.0,384.0,350.0,38.0
2022-10-24,zesty_apple_vinagrette,72.0,384.0,350.0,38.0
2022-10-24,chicken_tenders,13988.0,13982.0,0.0,6.0
2022-10-24,biscuit,147.0,631.0,525.0,41.0
2022-10-24,chicken_mini_bread,1354.0,1288.0,0.0,66.0
2022-10-24,butter,760.0,757.5,0.0,2.5
2022-10-24,bacon,1167.0,1161.0,0.0,6.0
2022-10-24,tortilla,576.0,576.0,0.0,0.0
2022-10-24,eggs,114.0,445.0,350.0,19.0
2022-10-24,sausage,211.0,205.0,0.0,6.0
2022-10-24,bagel,147.0,130.0,0.0,17.0
2022-10-24,oatmeal,193.0,182.0,0.0,11.0
2022-10-24,fruit,476.0,448.5,0.0,27.5
2022-10-24,cream_cheese,245.0,237.0,0.0,8.0
2022-10-24,hash_brown,1416.0,1404.0,0.0,12.0
2022-10-24,yogurt_parfait,139.0,133.0,0.0,6.0
2022-10-24,cinamon_cluster,369.0,362.0,0.0,7.0
2022-10-24,lemonade,5466.199999999994,5376.199999999994,0.0,90.0
2022-10-24,straw,8034.0,7793.0,0.0,241.0
2022-10-24,small_drink_cup,7468.0,7424.0,0.0,44.0
2022-10-24,medium_drink_cup,7698.0,7548.0,0.0,150.0
2022-10-24,large_drink_cup,6868.0,6821.0,0.0,47.0
2022-10-24,lemonade_diet,1026.1999999999966,1013.7999999999967,0.0,12.4
2022-10-24,ice_tea_unsweet,5948.999999999985,5928.599999999986,0.0,20.4
2022-10-24,ice_tea_sweet,1049.799999999998,4497.499999999997,3500.0,52.30000000000001
2022-10-24,soft_drink,6623.999999999998,6470.0999999999985,0.0,153.9
2022-10-24,dasani_water_bottle,349.0,344.0,0.0,5.0
2022-10-24,orange_juice_bottle,171.0,171.0,0.0,0.0
2022-10-24,apple_juice,223.0,220.0,0.0,3.0
2022-10-24,ice_coffee,404.5,392.0,0.0,12.5
2022-10-24,coffee,1359.0,1340.75,0.0,18.25
2022-10-24,Coffee_box,169.0,157.0,0.0,12.0
2022-10-24,milk_chocolate,374.0,368.0,0.0,6.0
2022-10-24,milk,522.0,474.0,0.0,48.0
2022-10-24,icecream,620.0,510.0,0.0,110.0
2022-10-24,vanilla_flavor,228.0,213.0,0.0,15.0
2022-10-24,cream_flavor,344.0,337.0,0.0,7.0
2022-10-24,chunk_cookie,281.0,178.5,0.0,102.5
2022-10-24,chocolate_flavor,668.0,655.0,0.0,13.0
2022-10-24,strawberry_flavor,448.0,437.0,0.0,11.0
2022-10-24,frosted_extract,678.0,669.0,0.0,9.0
2022-10-24,icecream_cone,532.0,526.0,0.0,6.0
2022-10-24,icecream_come,562.0,550.0,0.0,12.0
2022-10-24,icecream_topping,480.0,474.0,0.0,6.0
2022-10-24,to_go_bag,21552.0,21432.0,0.0,120.0
2022-10-24,napkins,2760.0,12660.0,10500.0,600.0
2022-10-24,ketchup,6966.0,6954.0,0.0,12.0
2022-10-24,ranch,6956.0,6945.0,0.0,11.0
2022-10-24,buffalo_sauce,7334.0,7327.0,0.0,7.0
2022-10-24,bbq_sauce,7204.0,7193.0,0.0,11.0
2022-10-24,polyneasian,7026.0,7021.0,0.0,5.0
2022-10-24,chickfala,6986.0,6978.0,0.0,8.0
2022-10-24,silverware,7030.0,7017.0,0.0,13.0
2022-10-25,fried_batter,479.0000000000008,324.6000000000008,0.0,154.4
2022-10-25,bun,951.0,904.0,0.0,47.0
2022-10-25,chicken_patty,1469.0,1371.0,0.0,98.0
2022-10-25,pickle_chips,3028.0,2887.0,0.0,141.0
2022-10-25,lettuce,90.0,376.0,350.0,64.0
2022-10-25,tomato,90.0,376.0,350.0,64.0
2022-10-25,cheese,157.5,104.5,0.0,53.0
2022-10-25,spice,514.0,482.0,0.0,32.0
2022-10-25,chicken_nuggets,10492.0,10011.0,0.0,481.0
2022-10-25,chicken_strips,1998.0,1962.0,0.0,36.0
2022-10-25,flat_bread,549.5,541.5,0.0,8.0
2022-10-25,mixed_greens,236.0,859.0,700.0,77.0
2022-10-25,shredded_monterey_jack,1572.0,1548.0,0.0,24.0
2022-10-25,waffle_fries,7073.640000000014,6983.520000000014,0.0,90.12000000000002
2022-10-25,roasted_corn_kernels,534.0,528.0,0.0,6.0
2022-10-25,crumbled_bacon,534.0,528.0,0.0,6.0
2022-10-25,avacado_lime_dressing,1584.0,1578.0,0.0,6.0
2022-10-25,red_bell_pepers,359.0,353.0,0.0,6.0
2022-10-25,grape tomatoes,1795.0,1765.0,0.0,30.0
2022-10-25,hard_boiled_egg,96.5,90.5,0.0,6.0
2022-10-25,blue_cheese,696.0,629.0,0.0,67.0
2022-10-25,apples,696.0,629.0,0.0,67.0
2022-10-25,strawberries,696.0,629.0,0.0,67.0
2022-10-25,blueberries,696.0,629.0,0.0,67.0
2022-10-25,harvest_nut_granola,696.0,629.0,0.0,67.0
2022-10-25,zesty_apple_vinagrette,696.0,629.0,0.0,67.0
2022-10-25,chicken_tenders,13976.0,13966.0,0.0,10.0
2022-10-25,biscuit,1115.0,1085.0,0.0,30.0
2022-10-25,chicken_mini_bread,1222.0,1144.0,0.0,78.0
2022-10-25,butter,755.0,754.75,0.0,0.25
2022-10-25,bacon,1155.0,1155.0,0.0,0.0
2022-10-25,tortilla,576.0,566.0,0.0,10.0
2022-10-25,eggs,776.0,745.0,0.0,31.0
2022-10-25,sausage,199.0,188.0,0.0,11.0
2022-10-25,bagel,113.0,92.0,0.0,21.0
2022-10-25,oatmeal,171.0,148.0,0.0,23.0
2022-10-25,fruit,421.0,388.0,0.0,33.0
2022-10-25,cream_cheese,229.0,222.0,0.0,7.0
2022-10-25,hash_brown,1392.0,1382.0,0.0,10.0
2022-10-25,yogurt_parfait,127.0,123.0,0.0,4.0
2022-10-25,cinamon_cluster,355.0,345.0,0.0,10.0
2022-10-25,lemonade,5286.199999999994,5238.9999999999945,0.0,47.2
2022-10-25,straw,7552.0,7361.0,0.0,191.0
2022-10-25,small_drink_cup,7380.0,7339.0,0.0,41.0
2022-10-25,medium_drink_cup,7398.0,7277.0,0.0,121.0
2022-10-25,large_drink_cup,6774.0,6745.0,0.0,29.0
2022-10-25,lemonade_diet,1001.3999999999967,971.5999999999967,0.0,29.8
2022-10-25,ice_tea_unsweet,5908.199999999986,5870.599999999986,0.0,37.60000000000001
2022-10-25,ice_tea_sweet,7945.199999999997,7910.799999999997,0.0,34.4
2022-10-25,soft_drink,6316.199999999999,6215.699999999999,0.0,100.5
2022-10-25,dasani_water_bottle,339.0,338.0,0.0,1.0
2022-10-25,orange_juice_bottle,171.0,163.0,0.0,8.0
2022-10-25,apple_juice,217.0,209.0,0.0,8.0
2022-10-25,ice_coffee,379.5,357.75,0.0,21.75
2022-10-25,coffee,1322.5,1291.75,0.0,30.75
2022-10-25,Coffee_box,145.0,135.0,0.0,10.0
2022-10-25,milk_chocolate,362.0,360.0,0.0,2.0
2022-10-25,milk,426.0,382.0,0.0,44.0
2022-10-25,icecream,400.0,317.0,0.0,83.0
2022-10-25,vanilla_flavor,198.0,192.0,0.0,6.0
2022-10-25,cream_flavor,330.0,311.0,0.0,19.0
2022-10-25,chunk_cookie,76.0,375.5,350.0,50.5
2022-10-25,chocolate_flavor,642.0,626.0,0.0,16.0
2022-10-25,strawberry_flavor,426.0,426.0,0.0,0.0
2022-10-25,frosted_extract,660.0,645.0,0.0,15.0
2022-10-25,icecream_cone,520.0,519.0,0.0,1.0
2022-10-25,icecream_come,538.0,538.0,0.0,0.0
2022-10-25,icecream_topping,468.0,457.0,0.0,11.0
2022-10-25,to_go_bag,21312.0,21202.0,0.0,110.0
2022-10-25,napkins,22560.0,22010.0,0.0,550.0
2022-10-25,ketchup,6942.0,6936.0,0.0,6.0
2022-10-25,ranch,6934.0,6927.0,0.0,7.0
2022-10-25,buffalo_sauce,7320.0,7316.0,0.0,4.0
2022-10-25,bbq_sauce,7182.0,7179.0,0.0,3.0
2022-10-25,polyneasian,7016.0,7014.0,0.0,2.0
2022-10-25,chickfala,6970.0,6961.0,0.0,9.0
2022-10-25,silverware,7004.0,7002.0,0.0,2.0
2022-10-26,fried_batter,170.2000000000008,551.6000000000008,525.0,143.6
2022-10-26,bun,857.0,813.0,0.0,44.0
2022-10-26,chicken_patty,1273.0,1194.5,0.0,78.5
2022-10-26,pickle_chips,2746.0,2614.0,0.0,132.0
2022-10-26,lettuce,662.0,620.0,0.0,42.0
2022-10-26,tomato,662.0,620.0,0.0,42.0
2022-10-26,cheese,51.5,280.0,262.5,34.0
2022-10-26,spice,450.0,406.0,0.0,44.0
2022-10-26,chicken_nuggets,9530.0,8690.5,0.0,839.5
2022-10-26,chicken_strips,1926.0,1919.0,0.0,7.0
2022-10-26,flat_bread,533.5,530.5,0.0,3.0
2022-10-26,mixed_greens,1482.0,1417.5,0.0,64.5
2022-10-26,shredded_monterey_jack,1524.0,1506.0,0.0,18.0
2022-10-26,waffle_fries,6893.400000000014,6784.240000000014,0.0,109.16
2022-10-26,roasted_corn_kernels,522.0,517.0,0.0,5.0
2022-10-26,crumbled_bacon,522.0,517.0,0.0,5.0
2022-10-26,avacado_lime_dressing,1572.0,1567.0,0.0,5.0
2022-10-26,red_bell_pepers,347.0,342.0,0.0,5.0
2022-10-26,grape tomatoes,1735.0,1710.0,0.0,25.0
2022-10-26,hard_boiled_egg,84.5,79.5,0.0,5.0
2022-10-26,blue_cheese,562.0,504.0,0.0,58.0
2022-10-26,apples,562.0,504.0,0.0,58.0
2022-10-26,strawberries,562.0,504.0,0.0,58.0
2022-10-26,blueberries,562.0,504.0,0.0,58.0
2022-10-26,harvest_nut_granola,562.0,504.0,0.0,58.0
2022-10-26,zesty_apple_vinagrette,562.0,504.0,0.0,58.0
2022-10-26,chicken_tenders,13956.0,13942.0,0.0,14.0
2022-10-26,biscuit,1055.0,1038.0,0.0,17.0
2022-10-26,chicken_mini_bread,1066.0,1024.0,0.0,42.0
2022-10-26,butter,754.5,753.5,0.0,1.0
2022-10-26,bacon,1155.0,1152.0,0.0,3.0
2022-10-26,tortilla,556.0,546.0,0.0,10.0
2022-10-26,eggs,714.0,691.0,0.0,23.0
2022-10-26,sausage,177.0,174.0,0.0,3.0
2022-10-26,bagel,71.0,63.0,0.0,8.0
2022-10-26,oatmeal,125.0,107.0,0.0,18.0
2022-10-26,fruit,355.0,318.0,0.0,37.0
2022-10-26,cream_cheese,215.0,215.0,0.0,0.0
2022-10-26,hash_brown,1372.0,1367.0,0.0,5.0
2022-10-26,yogurt_parfait,119.0,115.0,0.0,4.0
2022-10-26,cinamon_cluster,335.0,333.0,0.0,2.0
2022-10-26,lemonade,5191.799999999995,5084.4999999999945,0.0,107.30000000000001
2022-10-26,straw,7170.0,6991.0,0.0,179.0
2022-10-26,small_drink_cup,7298.0,7280.0,0.0,18.0
2022-10-26,medium_drink_cup,7156.0,7034.0,0.0,122.0
2022-10-26,large_drink_cup,6716.0,6677.0,0.0,39.0
2022-10-26,lemonade_diet,941.7999999999968,917.7999999999968,0.0,24.000000000000004
2022-10-26,ice_tea_unsweet,5832.999999999985,5808.999999999985,0.0,24.0
2022-10-26,ice_tea_sweet,7876.399999999998,7833.999999999998,0.0,42.400000000000006
2022-10-26,soft_drink,6115.199999999999,6009.499999999999,0.0,105.7
2022-10-26,dasani_water_bottle,337.0,323.0,0.0,14.0
2022-10-26,orange_juice_bottle,155.0,150.0,0.0,5.0
2022-10-26,apple_juice,201.0,195.0,0.0,6.0
2022-10-26,ice_coffee,336.0,320.75,0.0,15.25
2022-10-26,coffee,1261.0,1233.0,0.0,28.0
2022-10-26,Coffee_box,125.0,122.0,0.0,3.0
2022-10-26,milk_chocolate,358.0,352.0,0.0,6.0
2022-10-26,milk,338.0,299.0,0.0,39.0
2022-10-26,icecream,234.0,162.0,0.0,72.0
2022-10-26,vanilla_flavor,186.0,184.0,0.0,2.0
2022-10-26,cream_flavor,292.0,273.0,0.0,19.0
2022-10-26,chunk_cookie,675.0,575.5,0.0,99.5
2022-10-26,chocolate_flavor,610.0,606.0,0.0,4.0
2022-10-26,strawberry_flavor,426.0,420.0,0.0,6.0
2022-10-26,frosted_extract,630.0,610.0,0.0,20.0
2022-10-26,icecream_cone,518.0,516.0,0.0,2.0
2022-10-26,icecream_come,538.0,530.0,0.0,8.0
2022-10-26,icecream_topping,446.0,428.0,0.0,18.0
2022-10-26,to_go_bag,21092.0,20983.0,0.0,109.0
2022-10-26,napkins,21460.0,20915.0,0.0,545.0
2022-10-26,ketchup,6930.0,6928.0,0.0,2.0
2022-10-26,ranch,6920.0,6907.0,0.0,13.0
2022-10-26,buffalo_sauce,7312.0,7305.0,0.0,7.0
2022-10-26,bbq_sauce,7176.0,7169.0,0.0,7.0
2022-10-26,polyneasian,7012.0,7007.0,0.0,5.0
2022-10-26,chickfala,6952.0,6942.0,0.0,10.0
2022-10-26,silverware,7000.0,6993.0,0.0,7.0
2022-10-27,fried_batter,933.0000000000008,757.6000000000008,0.0,175.39999999999998
2022-10-27,bun,769.0,709.0,0.0,60.0
2022-10-27,chicken_patty,1116.0,1009.0,0.0,107.0
2022-10-27,pickle_chips,2482.0,2302.0,0.0,180.0
2022-10-27,lettuce,578.0,514.0,0.0,64.0
2022-10-27,tomato,578.0,514.0,0.0,64.0
2022-10-27,cheese,508.5,446.5,0.0,62.0
2022-10-27,spice,362.0,320.0,0.0,42.0
2022-10-27,chicken_nuggets,7851.0,7430.0,0.0,421.0
2022-10-27,chicken_strips,1912.0,1850.0,0.0,62.0
2022-10-27,flat_bread,527.5,521.5,0.0,6.0
2022-10-27,mixed_greens,1353.0,1279.0,0.0,74.0
2022-10-27,shredded_monterey_jack,1488.0,1466.0,0.0,22.0
2022-10-27,waffle_fries,6675.0800000000145,6511.240000000014,0.0,163.84000000000003
2022-10-27,roasted_corn_kernels,512.0,505.0,0.0,7.0
2022-10-27,crumbled_bacon,512.0,505.0,0.0,7.0
2022-10-27,avacado_lime_dressing,1562.0,1555.0,0.0,7.0
2022-10-27,red_bell_pepers,337.0,330.0,0.0,7.0
2022-10-27,grape tomatoes,1685.0,1650.0,0.0,35.0
2022-10-27,hard_boiled_egg,74.5,330.0,262.5,7.0
2022-10-27,blue_cheese,446.0,382.0,0.0,64.0
2022-10-27,apples,446.0,382.0,0.0,64.0
2022-10-27,strawberries,446.0,382.0,0.0,64.0
2022-10-27,blueberries,446.0,382.0,0.0,64.0
2022-10-27,harvest_nut_granola,446.0,382.0,0.0,64.0
2022-10-27,zesty_apple_vinagrette,446.0,382.0,0.0,64.0
2022-10-27,chicken_tenders,13928.0,13914.0,0.0,14.0
2022-10-27,biscuit,1021.0,983.0,0.0,38.0
2022-10-27,chicken_mini_bread,982.0,931.0,0.0,51.0
2022-10-27,butter,752.5,750.5,0.0,2.0
2022-10-27,bacon,1149.0,1139.0,0.0,10.0
2022-10-27,tortilla,536.0,527.0,0.0,9.0
2022-10-27,eggs,668.0,629.0,0.0,39.0
2022-10-27,sausage,171.0,169.0,0.0,2.0
2022-10-27,bagel,55.0,183.0,175.0,47.0
2022-10-27,oatmeal,89.0,76.0,0.0,13.0
2022-10-27,fruit,281.0,260.0,0.0,21.0
2022-10-27,cream_cheese,215.0,200.0,0.0,15.0
2022-10-27,hash_brown,1362.0,1357.0,0.0,5.0
2022-10-27,yogurt_parfait,111.0,108.0,0.0,3.0
2022-10-27,cinamon_cluster,331.0,323.0,0.0,8.0
2022-10-27,lemonade,4977.199999999994,4909.899999999994,0.0,67.30000000000001
2022-10-27,straw,6812.0,6552.0,0.0,260.0
2022-10-27,small_drink_cup,7262.0,7212.0,0.0,50.0
2022-10-27,medium_drink_cup,6912.0,6753.0,0.0,159.0
2022-10-27,large_drink_cup,6638.0,6587.0,0.0,51.0
2022-10-27,lemonade_diet,893.7999999999968,874.1999999999967,0.0,19.599999999999998
2022-10-27,ice_tea_unsweet,5784.999999999985,5763.299999999986,0.0,21.7
2022-10-27,ice_tea_sweet,7791.5999999999985,7735.799999999998,0.0,55.800000000000004
2022-10-27,soft_drink,5903.799999999999,5756.799999999999,0.0,147.0
2022-10-27,dasani_water_bottle,309.0,297.0,0.0,12.0
2022-10-27,orange_juice_bottle,145.0,660.0,525.0,10.0
2022-10-27,apple_juice,189.0,167.0,0.0,22.0
2022-10-27,ice_coffee,305.5,292.5,0.0,13.0
2022-10-27,coffee,1205.0,1182.5,0.0,22.5
2022-10-27,Coffee_box,119.0,114.0,0.0,5.0
2022-10-27,milk_chocolate,346.0,342.0,0.0,4.0
2022-10-27,milk,260.0,222.0,0.0,38.0
2022-10-27,icecream,90.0,371.0,350.0,69.0
2022-10-27,vanilla_flavor,182.0,178.0,0.0,4.0
2022-10-27,cream_flavor,254.0,253.0,0.0,1.0
2022-10-27,chunk_cookie,476.0,461.5,0.0,14.5
2022-10-27,chocolate_flavor,602.0,597.0,0.0,5.0
2022-10-27,strawberry_flavor,414.0,394.0,0.0,20.0
2022-10-27,frosted_extract,590.0,583.0,0.0,7.0
2022-10-27,icecream_cone,514.0,512.0,0.0,2.0
2022-10-27,icecream_come,522.0,515.0,0.0,7.0
2022-10-27,icecream_topping,410.0,402.0,0.0,8.0
2022-10-27,to_go_bag,20874.0,20749.0,0.0,125.0
2022-10-27,napkins,20370.0,19745.0,0.0,625.0
2022-10-27,ketchup,6926.0,6921.0,0.0,5.0
2022-10-27,ranch,6894.0,6887.0,0.0,7.0
2022-10-27,buffalo_sauce,7298.0,7296.0,0.0,2.0
2022-10-27,bbq_sauce,7162.0,7160.0,0.0,2.0
2022-10-27,polyneasian,7002.0,7002.0,0.0,0.0
2022-10-27,chickfala,6932.0,6917.0,0.0,15.0
2022-10-27,silverware,6986.0,6977.0,0.0,9.0
2022-10-28,fried_batter,582.2000000000008,470.6000000000008,0.0,111.6
2022-10-28,bun,649.0,607.0,0.0,42.0
2022-10-28,chicken_patty,902.0,833.5,0.0,68.5
2022-10-28,pickle_chips,2122.0,1996.0,0.0,126.0
2022-10-28,lettuce,450.0,396.0,0.0,54.0
2022-10-28,tomato,450.0,396.0,0.0,54.0
2022-10-28,cheese,384.5,327.5,0.0,57.0
2022-10-28,spice,278.0,1310.0,1050.0,18.0
2022-10-28,chicken_nuggets,7009.0,6714.0,0.0,295.0
2022-10-28,chicken_strips,1788.0,1742.0,0.0,46.0
2022-10-28,flat_bread,515.5,507.5,0.0,8.0
2022-10-28,mixed_greens,1205.0,1160.0,0.0,45.0
2022-10-28,shredded_monterey_jack,1444.0,1424.0,0.0,20.0
2022-10-28,waffle_fries,6347.400000000014,6175.720000000014,0.0,171.68
2022-10-28,roasted_corn_kernels,498.0,487.0,0.0,11.0
2022-10-28,crumbled_bacon,498.0,487.0,0.0,11.0
2022-10-28,avacado_lime_dressing,1548.0,1537.0,0.0,11.0
2022-10-28,red_bell_pepers,323.0,312.0,0.0,11.0
2022-10-28,grape tomatoes,1615.0,1560.0,0.0,55.0
2022-10-28,hard_boiled_egg,585.5,574.5,0.0,11.0
2022-10-28,blue_cheese,318.0,288.0,0.0,30.0
2022-10-28,apples,318.0,288.0,0.0,30.0
2022-10-28,strawberries,318.0,288.0,0.0,30.0
2022-10-28,blueberries,318.0,288.0,0.0,30.0
2022-10-28,harvest_nut_granola,318.0,288.0,0.0,30.0
2022-10-28,zesty_apple_vinagrette,318.0,288.0,0.0,30.0
2022-10-28,chicken_tenders,13900.0,13890.0,0.0,10.0
2022-10-28,biscuit,945.0,909.0,0.0,36.0
2022-10-28,chicken_mini_bread,880.0,823.0,0.0,57.0
2022-10-28,butter,748.5,746.5,0.0,2.0
2022-10-28,bacon,1129.0,1118.0,0.0,11.0
2022-10-28,tortilla,518.0,517.0,0.0,1.0
2022-10-28,eggs,590.0,559.0,0.0,31.0
2022-10-28,sausage,167.0,159.0,0.0,8.0
2022-10-28,bagel,311.0,288.0,0.0,23.0
2022-10-28,oatmeal,63.0,50.0,0.0,13.0
2022-10-28,fruit,239.0,211.5,0.0,27.5
2022-10-28,cream_cheese,185.0,178.0,0.0,7.0
2022-10-28,hash_brown,1352.0,1344.0,0.0,8.0
2022-10-28,yogurt_parfait,105.0,93.0,0.0,12.0
2022-10-28,cinamon_cluster,315.0,307.0,0.0,8.0
2022-10-28,lemonade,4842.599999999994,4795.099999999994,0.0,47.50000000000001
2022-10-28,straw,6292.0,6054.0,0.0,238.0
2022-10-28,small_drink_cup,7162.0,7134.0,0.0,28.0
2022-10-28,medium_drink_cup,6594.0,6408.0,0.0,186.0
2022-10-28,large_drink_cup,6536.0,6512.0,0.0,24.0
2022-10-28,lemonade_diet,854.5999999999967,838.6999999999967,0.0,15.9
2022-10-28,ice_tea_unsweet,5741.599999999986,5716.799999999986,0.0,24.8
2022-10-28,ice_tea_sweet,7679.999999999998,7630.5999999999985,0.0,49.4
2022-10-28,soft_drink,5609.799999999999,5451.4,0.0,158.4
2022-10-28,dasani_water_bottle,285.0,271.0,0.0,14.0
2022-10-28,orange_juice_bottle,1175.0,1172.0,0.0,3.0
2022-10-28,apple_juice,145.0,663.0,525.0,7.0
2022-10-28,ice_coffee,279.5,270.5,0.0,9.0
2022-10-28,coffee,1160.0,1136.75,0.0,23.25
2022-10-28,Coffee_box,109.0,100.0,0.0,9.0
2022-10-28,milk_chocolate,338.0,327.0,0.0,11.0
2022-10-28,milk,184.0,148.0,0.0,36.0
2022-10-28,icecream,652.0,571.0,0.0,81.0
2022-10-28,vanilla_flavor,174.0,170.0,0.0,4.0
2022-10-28,cream_flavor,252.0,238.0,0.0,14.0
2022-10-28,chunk_cookie,447.0,407.0,0.0,40.0
2022-10-28,chocolate_flavor,592.0,586.0,0.0,6.0
2022-10-28,strawberry_flavor,374.0,362.0,0.0,12.0
2022-10-28,frosted_extract,576.0,572.0,0.0,4.0
2022-10-28,icecream_cone,510.0,510.0,0.0,0.0
2022-10-28,icecream_come,508.0,499.0,0.0,9.0
2022-10-28,icecream_topping,394.0,383.0,0.0,11.0
2022-10-28,to_go_bag,20624.0,20509.0,0.0,115.0
2022-10-28,napkins,19120.0,18545.0,0.0,575.0
2022-10-28,ketchup,6916.0,6904.0,0.0,12.0
2022-10-28,ranch,6880.0,6873.0,0.0,7.0
2022-10-28,buffalo_sauce,7294.0,7292.0,0.0,2.0
2022-10-28,bbq_sauce,7158.0,7154.0,0.0,4.0
2022-10-28,polyneasian,7002.0,6998.0,0.0,4.0
2022-10-28,chickfala,6902.0,6893.0,0.0,9.0
2022-10-28,silverware,6968.0,6957.0,0.0,11.0
2022-10-29,fried_batter,359.0000000000008,250.6000000000008,0.0,108.4
2022-10-29,bun,565.0,535.0,0.0,30.0
2022-10-29,chicken_patty,765.0,699.0,0.0,66.0
2022-10-29,pickle_chips,1870.0,1780.0,0.0,90.0
2022-10-29,lettuce,342.0,316.0,0.0,26.0
2022-10-29,tomato,342.0,316.0,0.0,26.0
2022-10-29,cheese,270.5,228.5,0.0,42.0
2022-10-29,spice,2342.0,2329.0,0.0,13.0
2022-10-29,chicken_nuggets,6419.0,6077.5,0.0,341.5
2022-10-29,chicken_strips,1696.0,1656.0,0.0,40.0
2022-10-29,flat_bread,499.5,490.5,0.0,9.0
2022-10-29,mixed_greens,1115.0,1073.5,0.0,41.5
2022-10-29,shredded_monterey_jack,1404.0,1389.0,0.0,15.0
2022-10-29,waffle_fries,6004.040000000014,5848.040000000014,0.0,156.0
2022-10-29,roasted_corn_kernels,476.0,473.0,0.0,3.0
2022-10-29,crumbled_bacon,476.0,473.0,0.0,3.0
2022-10-29,avacado_lime_dressing,1526.0,1523.0,0.0,3.0
2022-10-29,red_bell_pepers,301.0,298.0,0.0,3.0
2022-10-29,grape tomatoes,1505.0,1490.0,0.0,15.0
2022-10-29,hard_boiled_egg,563.5,560.5,0.0,3.0
2022-10-29,blue_cheese,258.0,224.0,0.0,34.0
2022-10-29,apples,258.0,224.0,0.0,34.0
2022-10-29,strawberries,258.0,224.0,0.0,34.0
2022-10-29,blueberries,258.0,224.0,0.0,34.0
2022-10-29,harvest_nut_granola,258.0,224.0,0.0,34.0
2022-10-29,zesty_apple_vinagrette,258.0,224.0,0.0,34.0
2022-10-29,chicken_tenders,13880.0,13860.0,0.0,20.0
2022-10-29,biscuit,873.0,827.0,0.0,46.0
2022-10-29,chicken_mini_bread,766.0,730.0,0.0,36.0
2022-10-29,butter,744.5,742.0,0.0,2.5
2022-10-29,bacon,1107.0,1097.0,0.0,10.0
2022-10-29,tortilla,516.0,513.0,0.0,3.0
2022-10-29,eggs,528.0,496.0,0.0,32.0
2022-10-29,sausage,151.0,145.0,0.0,6.0
2022-10-29,bagel,265.0,244.0,0.0,21.0
2022-10-29,oatmeal,37.0,198.0,175.0,14.0
2022-10-29,fruit,184.0,155.0,0.0,29.0
2022-10-29,cream_cheese,171.0,167.0,0.0,4.0
2022-10-29,hash_brown,1336.0,1336.0,0.0,0.0
2022-10-29,yogurt_parfait,81.0,73.0,0.0,8.0
2022-10-29,cinamon_cluster,299.0,291.0,0.0,8.0
2022-10-29,lemonade,4747.599999999994,4686.099999999994,0.0,61.50000000000001
2022-10-29,straw,5816.0,5568.0,0.0,248.0
2022-10-29,small_drink_cup,7106.0,7064.0,0.0,42.0
2022-10-29,medium_drink_cup,6222.0,6044.0,0.0,178.0
2022-10-29,large_drink_cup,6488.0,6460.0,0.0,28.0
2022-10-29,lemonade_diet,822.7999999999968,792.5999999999967,0.0,30.2
2022-10-29,ice_tea_unsweet,5691.999999999985,5659.299999999986,0.0,32.7
2022-10-29,ice_tea_sweet,7581.199999999999,7547.699999999999,0.0,33.50000000000001
2022-10-29,soft_drink,5293.0,5147.9,0.0,145.10000000000002
2022-10-29,dasani_water_bottle,257.0,239.0,0.0,18.0
2022-10-29,orange_juice_bottle,1169.0,1157.0,0.0,12.0
2022-10-29,apple_juice,1181.0,1167.0,0.0,14.0
2022-10-29,ice_coffee,261.5,243.0,0.0,18.5
2022-10-29,coffee,1113.5,1094.25,0.0,19.25
2022-10-29,Coffee_box,91.0,83.0,0.0,8.0
2022-10-29,milk_chocolate,316.0,311.0,0.0,5.0
2022-10-29,milk,112.0,421.0,350.0,41.0
2022-10-29,icecream,490.0,422.0,0.0,68.0
2022-10-29,vanilla_flavor,166.0,160.0,0.0,6.0
2022-10-29,cream_flavor,224.0,223.0,0.0,1.0
2022-10-29,chunk_cookie,367.0,313.5,0.0,53.5
2022-10-29,chocolate_flavor,580.0,570.0,0.0,10.0
2022-10-29,strawberry_flavor,350.0,337.0,0.0,13.0
2022-10-29,frosted_extract,568.0,562.0,0.0,6.0
2022-10-29,icecream_cone,510.0,506.0,0.0,4.0
2022-10-29,icecream_come,490.0,486.0,0.0,4.0
2022-10-29,icecream_topping,372.0,359.0,0.0,13.0
2022-10-29,to_go_bag,20394.0,20281.0,0.0,113.0
2022-10-29,napkins,17970.0,17405.0,0.0,565.0
2022-10-29,ketchup,6892.0,6888.0,0.0,4.0
2022-10-29,ranch,6866.0,6852.0,0.0,14.0
2022-10-29,buffalo_sauce,7290.0,7281.0,0.0,9.0
2022-10-29,bbq_sauce,7150.0,7135.0,0.0,15.0
2022-10-29,polyneasian,6994.0,6983.0,0.0,11.0
2022-10-29,chickfala,6884.0,6873.0,0.0,11.0
2022-10-29,silverware,6946.0,6933.0,0.0,13.0
2022-10-31,fried_batter,142.20000000000078,504.2000000000007,525.0,163.0
2022-10-31,bun,505.0,465.0,0.0,40.0
2022-10-31,chicken_patty,633.0,547.0,0.0,86.0
2022-10-31,pickle_chips,1690.0,1570.0,0.0,120.0
2022-10-31,lettuce,290.0,228.0,0.0,62.0
2022-10-31,tomato,290.0,228.0,0.0,62.0
2022-10-31,cheese,186.5,127.5,0.0,59.0
2022-10-31,spice,2316.0,2294.0,0.0,22.0
2022-10-31,chicken_nuggets,5736.0,5070.5,0.0,665.5
2022-10-31,chicken_strips,1616.0,1570.0,0.0,46.0
2022-10-31,flat_bread,481.5,476.5,0.0,5.0
2022-10-31,mixed_greens,1032.0,969.5,0.0,62.5
2022-10-31,shredded_monterey_jack,1374.0,1340.0,0.0,34.0
2022-10-31,waffle_fries,5692.040000000014,5548.2000000000135,0.0,143.84000000000003
2022-10-31,roasted_corn_kernels,470.0,454.0,0.0,16.0
2022-10-31,crumbled_bacon,470.0,454.0,0.0,16.0
2022-10-31,avacado_lime_dressing,1520.0,1504.0,0.0,16.0
2022-10-31,red_bell_pepers,295.0,279.0,0.0,16.0
2022-10-31,grape tomatoes,1475.0,1395.0,0.0,80.0
2022-10-31,hard_boiled_egg,557.5,541.5,0.0,16.0
2022-10-31,blue_cheese,190.0,146.0,0.0,44.0
2022-10-31,apples,190.0,146.0,0.0,44.0
2022-10-31,strawberries,190.0,146.0,0.0,44.0
2022-10-31,blueberries,190.0,146.0,0.0,44.0
2022-10-31,harvest_nut_granola,190.0,146.0,0.0,44.0
2022-10-31,zesty_apple_vinagrette,190.0,146.0,0.0,44.0
2022-10-31,chicken_tenders,13840.0,13840.0,0.0,0.0
2022-10-31,biscuit,781.0,737.0,0.0,44.0
2022-10-31,chicken_mini_bread,694.0,619.0,0.0,75.0
2022-10-31,butter,739.5,738.0,0.0,1.5
2022-10-31,bacon,1087.0,1081.0,0.0,6.0
2022-10-31,tortilla,510.0,497.0,0.0,13.0
2022-10-31,eggs,464.0,423.0,0.0,41.0
2022-10-31,sausage,139.0,131.0,0.0,8.0
2022-10-31,bagel,223.0,193.0,0.0,30.0
2022-10-31,oatmeal,359.0,340.0,0.0,19.0
2022-10-31,fruit,126.0,105.5,0.0,20.5
2022-10-31,cream_cheese,163.0,153.0,0.0,10.0
2022-10-31,hash_brown,1336.0,1323.0,0.0,13.0
2022-10-31,yogurt_parfait,65.0,61.0,0.0,4.0
2022-10-31,cinamon_cluster,283.0,279.0,0.0,4.0
2022-10-31,lemonade,4624.599999999994,4559.699999999994,0.0,64.9
2022-10-31,straw,5320.0,5059.0,0.0,261.0
2022-10-31,small_drink_cup,7022.0,6983.0,0.0,39.0
2022-10-31,medium_drink_cup,5866.0,5679.0,0.0,187.0
2022-10-31,large_drink_cup,6432.0,6397.0,0.0,35.0
2022-10-31,lemonade_diet,762.3999999999967,731.3999999999967,0.0,30.999999999999996
2022-10-31,ice_tea_unsweet,5626.599999999986,5579.799999999986,0.0,46.8
2022-10-31,ice_tea_sweet,7514.199999999999,7474.5999999999985,0.0,39.6
2022-10-31,soft_drink,5002.799999999999,4855.599999999999,0.0,147.20000000000002
2022-10-31,dasani_water_bottle,221.0,212.0,0.0,9.0
2022-10-31,orange_juice_bottle,1145.0,1139.0,0.0,6.0
2022-10-31,apple_juice,1153.0,1147.0,0.0,6.0
2022-10-31,ice_coffee,224.5,198.25,0.0,26.25
2022-10-31,coffee,1075.0,1055.5,0.0,19.5
2022-10-31,Coffee_box,75.0,73.0,0.0,2.0
2022-10-31,milk_chocolate,306.0,296.0,0.0,10.0
2022-10-31,milk,730.0,690.0,0.0,40.0
2022-10-31,icecream,354.0,282.0,0.0,72.0
2022-10-31,vanilla_flavor,154.0,152.0,0.0,2.0
2022-10-31,cream_flavor,222.0,215.0,0.0,7.0
2022-10-31,chunk_cookie,260.0,212.5,0.0,47.5
2022-10-31,chocolate_flavor,560.0,553.0,0.0,7.0
2022-10-31,strawberry_flavor,324.0,311.0,0.0,13.0
2022-10-31,frosted_extract,556.0,548.0,0.0,8.0
2022-10-31,icecream_cone,502.0,494.0,0.0,8.0
2022-10-31,icecream_come,482.0,476.0,0.0,6.0
2022-10-31,icecream_topping,346.0,346.0,0.0,0.0
2022-10-31,to_go_bag,20168.0,20049.0,0.0,119.0
2022-10-31,napkins,16840.0,16245.0,0.0,595.0
2022-10-31,ketchup,6884.0,6871.0,0.0,13.0
2022-10-31,ranch,6838.0,6823.0,0.0,15.0
2022-10-31,buffalo_sauce,7272.0,7263.0,0.0,9.0
2022-10-31,bbq_sauce,7120.0,7101.0,0.0,19.0
2022-10-31,polyneasian,6972.0,6960.0,0.0,12.0
2022-10-31,chickfala,6862.0,6850.0,0.0,12.0
2022-10-31,silverware,6920.0,6918.0,0.0,2.0
2022-11-01,fried_batter,866.2000000000007,696.0000000000007,0.0,170.2
2022-11-01,bun,425.0,386.0,0.0,39.0
2022-11-01,chicken_patty,461.0,389.5,0.0,71.5
2022-11-01,pickle_chips,1450.0,1333.0,0.0,117.0
2022-11-01,lettuce,166.0,120.0,0.0,46.0
2022-11-01,tomato,166.0,120.0,0.0,46.0
2022-11-01,cheese,68.5,288.0,262.5,43.0
2022-11-01,spice,2272.0,2241.0,0.0,31.0
2022-11-01,chicken_nuggets,4405.0,3865.5,0.0,539.5
2022-11-01,chicken_strips,1524.0,6678.0,5250.0,96.0
2022-11-01,flat_bread,471.5,466.5,0.0,5.0
2022-11-01,mixed_greens,907.0,841.5,0.0,65.5
2022-11-01,shredded_monterey_jack,1306.0,1279.0,0.0,27.0
2022-11-01,waffle_fries,5404.360000000013,5285.740000000013,0.0,118.62
2022-11-01,roasted_corn_kernels,438.0,434.0,0.0,4.0
2022-11-01,crumbled_bacon,438.0,434.0,0.0,4.0
2022-11-01,avacado_lime_dressing,1488.0,1484.0,0.0,4.0
2022-11-01,red_bell_pepers,263.0,259.0,0.0,4.0
2022-11-01,grape tomatoes,1315.0,1295.0,0.0,20.0
2022-11-01,hard_boiled_egg,525.5,521.5,0.0,4.0
2022-11-01,blue_cheese,102.0,393.0,350.0,59.0
2022-11-01,apples,102.0,393.0,350.0,59.0
2022-11-01,strawberries,102.0,393.0,350.0,59.0
2022-11-01,blueberries,102.0,393.0,350.0,59.0
2022-11-01,harvest_nut_granola,102.0,393.0,350.0,59.0
2022-11-01,zesty_apple_vinagrette,102.0,393.0,350.0,59.0
2022-11-01,chicken_tenders,13840.0,13820.0,0.0,20.0
2022-11-01,biscuit,693.0,650.0,0.0,43.0
2022-11-01,chicken_mini_bread,544.0,2231.0,1750.0,63.0
2022-11-01,butter,736.5,735.5,0.0,1.0
2022-11-01,bacon,1075.0,1062.0,0.0,13.0
2022-11-01,tortilla,484.0,466.0,0.0,18.0
2022-11-01,eggs,382.0,344.0,0.0,38.0
2022-11-01,sausage,123.0,118.0,0.0,5.0
2022-11-01,bagel,163.0,150.0,0.0,13.0
2022-11-01,oatmeal,321.0,305.0,0.0,16.0
2022-11-01,fruit,85.0,418.0,350.0,17.0
2022-11-01,cream_cheese,143.0,137.0,0.0,6.0
2022-11-01,hash_brown,1310.0,1300.0,0.0,10.0
2022-11-01,yogurt_parfait,57.0,222.0,175.0,10.0
2022-11-01,cinamon_cluster,275.0,272.0,0.0,3.0
2022-11-01,lemonade,4494.799999999995,4435.299999999995,0.0,59.50000000000001
2022-11-01,straw,4798.0,4566.0,0.0,232.0
2022-11-01,small_drink_cup,6944.0,6915.0,0.0,29.0
2022-11-01,medium_drink_cup,5492.0,5345.0,0.0,147.0
2022-11-01,large_drink_cup,6362.0,6306.0,0.0,56.0
2022-11-01,lemonade_diet,700.3999999999967,673.2999999999967,0.0,27.099999999999998
2022-11-01,ice_tea_unsweet,5532.999999999985,5509.199999999985,0.0,23.799999999999997
2022-11-01,ice_tea_sweet,7434.999999999998,7384.899999999998,0.0,50.10000000000001
2022-11-01,soft_drink,4708.4,4571.599999999999,0.0,136.8
2022-11-01,dasani_water_bottle,203.0,190.0,0.0,13.0
2022-11-01,orange_juice_bottle,1133.0,1119.0,0.0,14.0
2022-11-01,apple_juice,1141.0,1130.0,0.0,11.0
2022-11-01,ice_coffee,172.0,147.25,0.0,24.75
2022-11-01,coffee,1036.0,1018.5,0.0,17.5
2022-11-01,Coffee_box,71.0,58.0,0.0,13.0
2022-11-01,milk_chocolate,286.0,263.0,0.0,23.0
2022-11-01,milk,650.0,628.0,0.0,22.0
2022-11-01,icecream,210.0,158.0,0.0,52.0
2022-11-01,vanilla_flavor,150.0,146.0,0.0,4.0
2022-11-01,cream_flavor,208.0,204.0,0.0,4.0
2022-11-01,chunk_cookie,165.0,437.0,350.0,78.0
2022-11-01,chocolate_flavor,546.0,544.0,0.0,2.0
2022-11-01,strawberry_flavor,298.0,287.0,0.0,11.0
2022-11-01,frosted_extract,540.0,538.0,0.0,2.0
2022-11-01,icecream_cone,486.0,480.0,0.0,6.0
2022-11-01,icecream_come,470.0,466.0,0.0,4.0
2022-11-01,icecream_topping,346.0,339.0,0.0,7.0
2022-11-01,to_go_bag,19930.0,19817.0,0.0,113.0
2022-11-01,napkins,15650.0,15085.0,0.0,565.0
2022-11-01,ketchup,6858.0,6851.0,0.0,7.0
2022-11-01,ranch,6808.0,6801.0,0.0,7.0
2022-11-01,buffalo_sauce,7254.0,7242.0,0.0,12.0
2022-11-01,bbq_sauce,7082.0,7072.0,0.0,10.0
2022-11-01,polyneasian,6948.0,6939.0,0.0,9.0
2022-11-01,chickfala,6838.0,6834.0,0.0,4.0
2022-11-01,silverware,6916.0,6906.0,0.0,10.0
2022-11-02,fried_batter,525.8000000000006,383.80000000000064,0.0,142.0
2022-11-02,bun,347.0,277.0,0.0,70.0
2022-11-02,chicken_patty,318.0,212.0,0.0,106.0
2022-11-02,pickle_chips,1216.0,1006.0,0.0,210.0
2022-11-02,lettuce,74.0,344.0,350.0,80.0
2022-11-02,tomato,74.0,344.0,350.0,80.0
2022-11-02,cheese,507.5,420.5,0.0,87.0
2022-11-02,spice,2210.0,2189.0,0.0,21.0
2022-11-02,chicken_nuggets,3326.0,2871.5,0.0,454.5
2022-11-02,chicken_strips,11832.0,11790.0,0.0,42.0
2022-11-02,flat_bread,461.5,458.5,0.0,3.0
2022-11-02,mixed_greens,776.0,738.5,0.0,37.5
2022-11-02,shredded_monterey_jack,1252.0,1237.0,0.0,15.0
2022-11-02,waffle_fries,5167.1200000000135,5034.680000000014,0.0,132.44
2022-11-02,roasted_corn_kernels,430.0,427.0,0.0,3.0
2022-11-02,crumbled_bacon,430.0,427.0,0.0,3.0
2022-11-02,avacado_lime_dressing,1480.0,1477.0,0.0,3.0
2022-11-02,red_bell_pepers,255.0,252.0,0.0,3.0
2022-11-02,grape tomatoes,1275.0,1260.0,0.0,15.0
2022-11-02,hard_boiled_egg,517.5,514.5,0.0,3.0
2022-11-02,blue_cheese,684.0,651.0,0.0,33.0
2022-11-02,apples,684.0,651.0,0.0,33.0
2022-11-02,strawberries,684.0,651.0,0.0,33.0
2022-11-02,blueberries,684.0,651.0,0.0,33.0
2022-11-02,harvest_nut_granola,684.0,651.0,0.0,33.0
2022-11-02,zesty_apple_vinagrette,684.0,651.0,0.0,33.0
2022-11-02,chicken_tenders,13800.0,13788.0,0.0,12.0
2022-11-02,biscuit,607.0,576.0,0.0,31.0
2022-11-02,chicken_mini_bread,3918.0,3888.0,0.0,30.0
2022-11-02,butter,734.5,733.5,0.0,1.0
2022-11-02,bacon,1049.0,1043.0,0.0,6.0
2022-11-02,tortilla,448.0,439.0,0.0,9.0
2022-11-02,eggs,306.0,250.0,0.0,56.0
2022-11-02,sausage,113.0,98.0,0.0,15.0
2022-11-02,bagel,137.0,91.0,0.0,46.0
2022-11-02,oatmeal,289.0,270.0,0.0,19.0
2022-11-02,fruit,751.0,717.0,0.0,34.0
2022-11-02,cream_cheese,131.0,124.0,0.0,7.0
2022-11-02,hash_brown,1290.0,1288.0,0.0,2.0
2022-11-02,yogurt_parfait,387.0,380.0,0.0,7.0
2022-11-02,cinamon_cluster,269.0,266.0,0.0,3.0
2022-11-02,lemonade,4375.799999999995,4327.699999999994,0.0,48.10000000000001
2022-11-02,straw,4334.0,4095.0,0.0,239.0
2022-11-02,small_drink_cup,6886.0,6849.0,0.0,37.0
2022-11-02,medium_drink_cup,5198.0,5035.0,0.0,163.0
2022-11-02,large_drink_cup,6250.0,6211.0,0.0,39.0
2022-11-02,lemonade_diet,646.1999999999966,614.9999999999966,0.0,31.2
2022-11-02,ice_tea_unsweet,5485.399999999985,5447.899999999985,0.0,37.5
2022-11-02,ice_tea_sweet,7334.799999999997,7314.699999999997,0.0,20.1
2022-11-02,soft_drink,4434.799999999999,4302.4,0.0,132.39999999999998
2022-11-02,dasani_water_bottle,177.0,170.0,0.0,7.0
2022-11-02,orange_juice_bottle,1105.0,1099.0,0.0,6.0
2022-11-02,apple_juice,1119.0,1109.0,0.0,10.0
2022-11-02,ice_coffee,122.5,115.0,0.0,7.5
2022-11-02,coffee,1001.0,971.75,0.0,29.25
2022-11-02,Coffee_box,45.0,212.0,175.0,8.0
2022-11-02,milk_chocolate,240.0,234.0,0.0,6.0
2022-11-02,milk,606.0,544.0,0.0,62.0
2022-11-02,icecream,106.0,347.0,350.0,109.0
2022-11-02,vanilla_flavor,142.0,134.0,0.0,8.0
2022-11-02,cream_flavor,200.0,184.0,0.0,16.0
2022-11-02,chunk_cookie,709.0,665.0,0.0,44.0
2022-11-02,chocolate_flavor,542.0,534.0,0.0,8.0
2022-11-02,strawberry_flavor,276.0,258.0,0.0,18.0
2022-11-02,frosted_extract,536.0,534.0,0.0,2.0
2022-11-02,icecream_cone,474.0,466.0,0.0,8.0
2022-11-02,icecream_come,462.0,461.0,0.0,1.0
2022-11-02,icecream_topping,332.0,327.0,0.0,5.0
2022-11-02,to_go_bag,19704.0,19587.0,0.0,117.0
2022-11-02,napkins,14520.0,13935.0,0.0,585.0
2022-11-02,ketchup,6844.0,6832.0,0.0,12.0
2022-11-02,ranch,6794.0,6780.0,0.0,14.0
2022-11-02,buffalo_sauce,7230.0,7228.0,0.0,2.0
2022-11-02,bbq_sauce,7062.0,7057.0,0.0,5.0
2022-11-02,polyneasian,6930.0,6923.0,0.0,7.0
2022-11-02,chickfala,6830.0,6818.0,0.0,12.0
2022-11-02,silverware,6896.0,6884.0,0.0,12.0
2022-11-03,fried_batter,241.80000000000064,625.4000000000007,525.0,141.4
2022-11-03,bun,207.0,155.0,0.0,52.0
2022-11-03,chicken_patty,106.0,713.5,700.0,92.5
2022-11-03,pickle_chips,796.0,640.0,0.0,156.0
2022-11-03,lettuce,614.0,568.0,0.0,46.0
2022-11-03,tomato,614.0,568.0,0.0,46.0
2022-11-03,cheese,333.5,289.5,0.0,44.0
2022-11-03,spice,2168.0,2128.0,0.0,40.0
2022-11-03,chicken_nuggets,2417.0,8873.0,7000.0,544.0
2022-11-03,chicken_strips,11748.0,11679.0,0.0,69.0
2022-11-03,flat_bread,455.5,449.5,0.0,6.0
2022-11-03,mixed_greens,701.0,644.0,0.0,57.0
2022-11-03,shredded_monterey_jack,1222.0,1203.0,0.0,19.0
2022-11-03,waffle_fries,4902.240000000014,4745.140000000014,0.0,157.10000000000002
2022-11-03,roasted_corn_kernels,424.0,418.0,0.0,6.0
2022-11-03,crumbled_bacon,424.0,418.0,0.0,6.0
2022-11-03,avacado_lime_dressing,1474.0,1468.0,0.0,6.0
2022-11-03,red_bell_pepers,249.0,243.0,0.0,6.0
2022-11-03,grape tomatoes,1245.0,1215.0,0.0,30.0
2022-11-03,hard_boiled_egg,511.5,505.5,0.0,6.0
2022-11-03,blue_cheese,618.0,570.0,0.0,48.0
2022-11-03,apples,618.0,570.0,0.0,48.0
2022-11-03,strawberries,618.0,570.0,0.0,48.0
2022-11-03,blueberries,618.0,570.0,0.0,48.0
2022-11-03,harvest_nut_granola,618.0,570.0,0.0,48.0
2022-11-03,zesty_apple_vinagrette,618.0,570.0,0.0,48.0
2022-11-03,chicken_tenders,13776.0,13776.0,0.0,0.0
2022-11-03,biscuit,545.0,493.0,0.0,52.0
2022-11-03,chicken_mini_bread,3858.0,3801.0,0.0,57.0
2022-11-03,butter,732.5,730.5,0.0,2.0
2022-11-03,bacon,1037.0,1035.0,0.0,2.0
2022-11-03,tortilla,430.0,423.0,0.0,7.0
2022-11-03,eggs,194.0,166.0,0.0,28.0
2022-11-03,sausage,83.0,70.0,0.0,13.0
2022-11-03,bagel,45.0,203.0,175.0,17.0
2022-11-03,oatmeal,251.0,246.0,0.0,5.0
2022-11-03,fruit,683.0,656.0,0.0,27.0
2022-11-03,cream_cheese,117.0,112.0,0.0,5.0
2022-11-03,hash_brown,1286.0,1283.0,0.0,3.0
2022-11-03,yogurt_parfait,373.0,356.0,0.0,17.0
2022-11-03,cinamon_cluster,263.0,252.0,0.0,11.0
2022-11-03,lemonade,4279.599999999994,4216.899999999994,0.0,62.699999999999996
2022-11-03,straw,3856.0,3638.0,0.0,218.0
2022-11-03,small_drink_cup,6812.0,6783.0,0.0,29.0
2022-11-03,medium_drink_cup,4872.0,4718.0,0.0,154.0
2022-11-03,large_drink_cup,6172.0,6137.0,0.0,35.0
2022-11-03,lemonade_diet,583.7999999999965,564.8999999999966,0.0,18.9
2022-11-03,ice_tea_unsweet,5410.399999999985,5399.699999999985,0.0,10.7
2022-11-03,ice_tea_sweet,7294.599999999997,7240.199999999997,0.0,54.40000000000001
2022-11-03,soft_drink,4170.0,4018.8,0.0,151.20000000000002
2022-11-03,dasani_water_bottle,163.0,152.0,0.0,11.0
2022-11-03,orange_juice_bottle,1093.0,1088.0,0.0,5.0
2022-11-03,apple_juice,1099.0,1082.0,0.0,17.0
2022-11-03,ice_coffee,107.5,441.75,350.0,15.75
2022-11-03,coffee,942.5,929.25,0.0,13.25
2022-11-03,Coffee_box,379.0,369.0,0.0,10.0
2022-11-03,milk_chocolate,228.0,218.0,0.0,10.0
2022-11-03,milk,482.0,452.0,0.0,30.0
2022-11-03,icecream,588.0,529.0,0.0,59.0
2022-11-03,vanilla_flavor,126.0,121.0,0.0,5.0
2022-11-03,cream_flavor,168.0,163.0,0.0,5.0
2022-11-03,chunk_cookie,621.0,570.5,0.0,50.5
2022-11-03,chocolate_flavor,526.0,524.0,0.0,2.0
2022-11-03,strawberry_flavor,240.0,230.0,0.0,10.0
2022-11-03,frosted_extract,532.0,522.0,0.0,10.0
2022-11-03,icecream_cone,458.0,456.0,0.0,2.0
2022-11-03,icecream_come,460.0,447.0,0.0,13.0
2022-11-03,icecream_topping,322.0,313.0,0.0,9.0
2022-11-03,to_go_bag,19470.0,19362.0,0.0,108.0
2022-11-03,napkins,13350.0,12810.0,0.0,540.0
2022-11-03,ketchup,6820.0,6813.0,0.0,7.0
2022-11-03,ranch,6766.0,6766.0,0.0,0.0
2022-11-03,buffalo_sauce,7226.0,7216.0,0.0,10.0
2022-11-03,bbq_sauce,7052.0,7041.0,0.0,11.0
2022-11-03,polyneasian,6916.0,6911.0,0.0,5.0
2022-11-03,chickfala,6806.0,6804.0,0.0,2.0
2022-11-03,silverware,6872.0,6866.0,0.0,6.0
2022-11-04,fried_batter,1009.0000000000006,889.4000000000005,0.0,119.60000000000001
2022-11-04,bun,103.0,589.0,525.0,39.0
2022-11-04,chicken_patty,1321.0,1241.5,0.0,79.5
2022-11-04,pickle_chips,484.0,2117.0,1750.0,117.0
2022-11-04,lettuce,522.0,474.0,0.0,48.0
2022-11-04,tomato,522.0,474.0,0.0,48.0
2022-11-04,cheese,245.5,182.5,0.0,63.0
2022-11-04,spice,2088.0,2066.0,0.0,22.0
2022-11-04,chicken_nuggets,15329.0,14993.0,0.0,336.0
2022-11-04,chicken_strips,11610.0,11575.0,0.0,35.0
2022-11-04,flat_bread,443.5,433.5,0.0,10.0
2022-11-04,mixed_greens,587.0,528.0,0.0,59.0
2022-11-04,shredded_monterey_jack,1184.0,1163.0,0.0,21.0
2022-11-04,waffle_fries,4588.040000000014,4441.980000000013,0.0,146.06
2022-11-04,roasted_corn_kernels,412.0,402.0,0.0,10.0
2022-11-04,crumbled_bacon,412.0,402.0,0.0,10.0
2022-11-04,avacado_lime_dressing,1462.0,1452.0,0.0,10.0
2022-11-04,red_bell_pepers,237.0,227.0,0.0,10.0
2022-11-04,grape tomatoes,1185.0,1135.0,0.0,50.0
2022-11-04,hard_boiled_egg,499.5,489.5,0.0,10.0
2022-11-04,blue_cheese,522.0,478.0,0.0,44.0
2022-11-04,apples,522.0,478.0,0.0,44.0
2022-11-04,strawberries,522.0,478.0,0.0,44.0
2022-11-04,blueberries,522.0,478.0,0.0,44.0
2022-11-04,harvest_nut_granola,522.0,478.0,0.0,44.0
2022-11-04,zesty_apple_vinagrette,522.0,478.0,0.0,44.0
2022-11-04,chicken_tenders,13776.0,13776.0,0.0,0.0
2022-11-04,biscuit,441.0,392.0,0.0,49.0
2022-11-04,chicken_mini_bread,3744.0,3654.0,0.0,90.0
2022-11-04,butter,728.5,726.25,0.0,2.25
2022-11-04,bacon,1033.0,1020.0,0.0,13.0
2022-11-04,tortilla,416.0,415.0,0.0,1.0
2022-11-04,eggs,138.0,448.0,350.0,40.0
2022-11-04,sausage,57.0,218.0,175.0,14.0
2022-11-04,bagel,361.0,311.0,0.0,50.0
2022-11-04,oatmeal,241.0,213.0,0.0,28.0
2022-11-04,fruit,629.0,599.5,0.0,29.5
2022-11-04,cream_cheese,107.0,72.0,0.0,35.0
2022-11-04,hash_brown,1280.0,1275.0,0.0,5.0
2022-11-04,yogurt_parfait,339.0,336.0,0.0,3.0
2022-11-04,cinamon_cluster,241.0,240.0,0.0,1.0
2022-11-04,lemonade,4154.199999999994,4097.899999999994,0.0,56.3
2022-11-04,straw,3420.0,3198.0,0.0,222.0
2022-11-04,small_drink_cup,6754.0,6717.0,0.0,37.0
2022-11-04,medium_drink_cup,4564.0,4423.0,0.0,141.0
2022-11-04,large_drink_cup,6102.0,6058.0,0.0,44.0
2022-11-04,lemonade_diet,545.9999999999966,512.1999999999966,0.0,33.8
2022-11-04,ice_tea_unsweet,5388.999999999985,5357.699999999985,0.0,31.3
2022-11-04,ice_tea_sweet,7185.799999999997,7168.599999999998,0.0,17.2
2022-11-04,soft_drink,3867.6000000000004,3729.7000000000003,0.0,137.89999999999998
2022-11-04,dasani_water_bottle,141.0,658.0,525.0,8.0
2022-11-04,orange_juice_bottle,1083.0,1066.0,0.0,17.0
2022-11-04,apple_juice,1065.0,1060.0,0.0,5.0
2022-11-04,ice_coffee,776.0,771.0,0.0,5.0
2022-11-04,coffee,916.0,880.75,0.0,35.25
2022-11-04,Coffee_box,359.0,350.0,0.0,9.0
2022-11-04,milk_chocolate,208.0,200.0,0.0,8.0
2022-11-04,milk,422.0,397.0,0.0,25.0
2022-11-04,icecream,470.0,414.0,0.0,56.0
2022-11-04,vanilla_flavor,116.0,113.0,0.0,3.0
2022-11-04,cream_flavor,158.0,156.0,0.0,2.0
2022-11-04,chunk_cookie,520.0,482.0,0.0,38.0
2022-11-04,chocolate_flavor,522.0,512.0,0.0,10.0
2022-11-04,strawberry_flavor,220.0,213.0,0.0,7.0
2022-11-04,frosted_extract,512.0,508.0,0.0,4.0
2022-11-04,icecream_cone,454.0,448.0,0.0,6.0
2022-11-04,icecream_come,434.0,428.0,0.0,6.0
2022-11-04,icecream_topping,304.0,293.0,0.0,11.0
2022-11-04,to_go_bag,19254.0,19155.0,0.0,99.0
2022-11-04,napkins,12270.0,11775.0,0.0,495.0
2022-11-04,ketchup,6806.0,6801.0,0.0,5.0
2022-11-04,ranch,6766.0,6760.0,0.0,6.0
2022-11-04,buffalo_sauce,7206.0,7202.0,0.0,4.0
2022-11-04,bbq_sauce,7030.0,7025.0,0.0,5.0
2022-11-04,polyneasian,6906.0,6900.0,0.0,6.0
2022-11-04,chickfala,6802.0,6796.0,0.0,6.0
2022-11-04,silverware,6860.0,6857.0,0.0,3.0
2022-11-05,fried_batter,769.8000000000005,645.2000000000005,0.0,124.6
2022-11-05,bun,1075.0,1037.0,0.0,38.0
2022-11-05,chicken_patty,1162.0,1082.0,0.0,80.0
2022-11-05,pickle_chips,3750.0,3636.0,0.0,114.0
2022-11-05,lettuce,426.0,396.0,0.0,30.0
2022-11-05,tomato,426.0,396.0,0.0,30.0
2022-11-05,cheese,119.5,81.5,0.0,38.0
2022-11-05,spice,2044.0,2007.0,0.0,37.0
2022-11-05,chicken_nuggets,14657.0,14170.0,0.0,487.0
2022-11-05,chicken_strips,11540.0,11524.0,0.0,16.0
2022-11-05,flat_bread,423.5,413.5,0.0,10.0
2022-11-05,mixed_greens,469.0,391.0,0.0,78.0
2022-11-05,shredded_monterey_jack,1142.0,1120.0,0.0,22.0
2022-11-05,waffle_fries,4295.920000000013,4132.100000000013,0.0,163.82
2022-11-05,roasted_corn_kernels,392.0,388.0,0.0,4.0
2022-11-05,crumbled_bacon,392.0,388.0,0.0,4.0
2022-11-05,avacado_lime_dressing,1442.0,1438.0,0.0,4.0
2022-11-05,red_bell_pepers,217.0,213.0,0.0,4.0
2022-11-05,grape tomatoes,1085.0,1065.0,0.0,20.0
2022-11-05,hard_boiled_egg,479.5,475.5,0.0,4.0
2022-11-05,blue_cheese,434.0,365.0,0.0,69.0
2022-11-05,apples,434.0,365.0,0.0,69.0
2022-11-05,strawberries,434.0,365.0,0.0,69.0
2022-11-05,blueberries,434.0,365.0,0.0,69.0
2022-11-05,harvest_nut_granola,434.0,365.0,0.0,69.0
2022-11-05,zesty_apple_vinagrette,434.0,365.0,0.0,69.0
2022-11-05,chicken_tenders,13776.0,13742.0,0.0,34.0
2022-11-05,biscuit,343.0,307.0,0.0,36.0
2022-11-05,chicken_mini_bread,3564.0,3534.0,0.0,30.0
2022-11-05,butter,724.0,723.0,0.0,1.0
2022-11-05,bacon,1007.0,1005.0,0.0,2.0
2022-11-05,tortilla,414.0,406.0,0.0,8.0
2022-11-05,eggs,758.0,727.0,0.0,31.0
2022-11-05,sausage,379.0,365.0,0.0,14.0
2022-11-05,bagel,261.0,243.0,0.0,18.0
2022-11-05,oatmeal,185.0,168.0,0.0,17.0
2022-11-05,fruit,570.0,550.0,0.0,20.0
2022-11-05,cream_cheese,37.0,210.0,175.0,2.0
2022-11-05,hash_brown,1270.0,1266.0,0.0,4.0
2022-11-05,yogurt_parfait,333.0,329.0,0.0,4.0
2022-11-05,cinamon_cluster,239.0,228.0,0.0,11.0
2022-11-05,lemonade,4041.599999999994,3986.599999999994,0.0,55.0
2022-11-05,straw,2976.0,13200.0,10500.0,276.0
2022-11-05,small_drink_cup,6680.0,6646.0,0.0,34.0
2022-11-05,medium_drink_cup,4282.0,4081.0,0.0,201.0
2022-11-05,large_drink_cup,6014.0,5973.0,0.0,41.0
2022-11-05,lemonade_diet,478.3999999999966,2195.8999999999965,1750.0,32.5
2022-11-05,ice_tea_unsweet,5326.399999999985,5290.699999999985,0.0,35.7
2022-11-05,ice_tea_sweet,7151.399999999998,7079.199999999998,0.0,72.20000000000002
2022-11-05,soft_drink,3591.8,3439.8,0.0,152.0
2022-11-05,dasani_water_bottle,1175.0,1160.0,0.0,15.0
2022-11-05,orange_juice_bottle,1049.0,1040.0,0.0,9.0
2022-11-05,apple_juice,1055.0,1054.0,0.0,1.0
2022-11-05,ice_coffee,766.0,737.5,0.0,28.5
2022-11-05,coffee,845.5,823.0,0.0,22.5
2022-11-05,Coffee_box,341.0,333.0,0.0,8.0
2022-11-05,milk_chocolate,192.0,185.0,0.0,7.0
2022-11-05,milk,372.0,333.0,0.0,39.0
2022-11-05,icecream,358.0,298.0,0.0,60.0
2022-11-05,vanilla_flavor,110.0,103.0,0.0,7.0
2022-11-05,cream_flavor,154.0,153.0,0.0,1.0
2022-11-05,chunk_cookie,444.0,408.5,0.0,35.5
2022-11-05,chocolate_flavor,502.0,488.0,0.0,14.0
2022-11-05,strawberry_flavor,206.0,203.0,0.0,3.0
2022-11-05,frosted_extract,504.0,495.0,0.0,9.0
2022-11-05,icecream_cone,442.0,439.0,0.0,3.0
2022-11-05,icecream_come,422.0,415.0,0.0,7.0
2022-11-05,icecream_topping,282.0,279.0,0.0,3.0
2022-11-05,to_go_bag,19056.0,18942.0,0.0,114.0
2022-11-05,napkins,11280.0,10710.0,0.0,570.0
2022-11-05,ketchup,6796.0,6781.0,0.0,15.0
2022-11-05,ranch,6754.0,6745.0,0.0,9.0
2022-11-05,buffalo_sauce,7198.0,7190.0,0.0,8.0
2022-11-05,bbq_sauce,7020.0,7013.0,0.0,7.0
2022-11-05,polyneasian,6894.0,6883.0,0.0,11.0
2022-11-05,chickfala,6790.0,6787.0,0.0,3.0
2022-11-05,silverware,6854.0,6853.0,0.0,1.0
2022-11-07,fried_batter,520.6000000000005,378.00000000000045,0.0,142.6
2022-11-07,bun,999.0,950.0,0.0,49.0
2022-11-07,chicken_patty,1002.0,906.5,0.0,95.5
2022-11-07,pickle_chips,3522.0,3375.0,0.0,147.0
2022-11-07,lettuce,366.0,322.0,0.0,44.0
2022-11-07,tomato,366.0,322.0,0.0,44.0
2022-11-07,cheese,43.5,264.0,262.5,42.0
2022-11-07,spice,1970.0,1942.0,0.0,28.0
2022-11-07,chicken_nuggets,13683.0,13220.5,0.0,462.5
2022-11-07,chicken_strips,11508.0,11420.0,0.0,88.0
2022-11-07,flat_bread,403.5,392.5,0.0,11.0
2022-11-07,mixed_greens,313.0,262.5,0.0,50.5
2022-11-07,shredded_monterey_jack,1098.0,1065.0,0.0,33.0
2022-11-07,waffle_fries,3968.280000000013,3838.860000000013,0.0,129.42000000000002
2022-11-07,roasted_corn_kernels,384.0,378.0,0.0,6.0
2022-11-07,crumbled_bacon,384.0,378.0,0.0,6.0
2022-11-07,avacado_lime_dressing,1434.0,1428.0,0.0,6.0
2022-11-07,red_bell_pepers,209.0,203.0,0.0,6.0
2022-11-07,grape tomatoes,1045.0,1015.0,0.0,30.0
2022-11-07,hard_boiled_egg,471.5,465.5,0.0,6.0
2022-11-07,blue_cheese,296.0,257.0,0.0,39.0
2022-11-07,apples,296.0,257.0,0.0,39.0
2022-11-07,strawberries,296.0,257.0,0.0,39.0
2022-11-07,blueberries,296.0,257.0,0.0,39.0
2022-11-07,harvest_nut_granola,296.0,257.0,0.0,39.0
2022-11-07,zesty_apple_vinagrette,296.0,257.0,0.0,39.0
2022-11-07,chicken_tenders,13708.0,13706.0,0.0,2.0
2022-11-07,biscuit,271.0,234.0,0.0,37.0
2022-11-07,chicken_mini_bread,3504.0,3465.0,0.0,39.0
2022-11-07,butter,722.0,719.5,0.0,2.5
2022-11-07,bacon,1003.0,998.0,0.0,5.0
2022-11-07,tortilla,398.0,382.0,0.0,16.0
2022-11-07,eggs,696.0,660.0,0.0,36.0
2022-11-07,sausage,351.0,348.0,0.0,3.0
2022-11-07,bagel,225.0,204.0,0.0,21.0
2022-11-07,oatmeal,151.0,139.0,0.0,12.0
2022-11-07,fruit,530.0,509.0,0.0,21.0
2022-11-07,cream_cheese,383.0,379.0,0.0,4.0
2022-11-07,hash_brown,1262.0,1255.0,0.0,7.0
2022-11-07,yogurt_parfait,325.0,315.0,0.0,10.0
2022-11-07,cinamon_cluster,217.0,210.0,0.0,7.0
2022-11-07,lemonade,3931.599999999994,3869.599999999994,0.0,62.00000000000001
2022-11-07,straw,23424.0,23223.0,0.0,201.0
2022-11-07,small_drink_cup,6612.0,6579.0,0.0,33.0
2022-11-07,medium_drink_cup,3880.0,3730.0,0.0,150.0
2022-11-07,large_drink_cup,5932.0,5914.0,0.0,18.0
2022-11-07,lemonade_diet,3913.3999999999965,3894.9999999999964,0.0,18.4
2022-11-07,ice_tea_unsweet,5254.999999999985,5235.199999999985,0.0,19.799999999999997
2022-11-07,ice_tea_sweet,7006.999999999998,6983.899999999998,0.0,23.1
2022-11-07,soft_drink,3287.8,3162.6000000000004,0.0,125.2
2022-11-07,dasani_water_bottle,1145.0,1135.0,0.0,10.0
2022-11-07,orange_juice_bottle,1031.0,1024.0,0.0,7.0
2022-11-07,apple_juice,1053.0,1050.0,0.0,3.0
2022-11-07,ice_coffee,709.0,696.0,0.0,13.0
2022-11-07,coffee,800.5,787.75,0.0,12.75
2022-11-07,Coffee_box,325.0,317.0,0.0,8.0
2022-11-07,milk_chocolate,178.0,172.0,0.0,6.0
2022-11-07,milk,294.0,256.0,0.0,38.0
2022-11-07,icecream,238.0,175.0,0.0,63.0
2022-11-07,vanilla_flavor,96.0,444.0,350.0,2.0
2022-11-07,cream_flavor,152.0,144.0,0.0,8.0
2022-11-07,chunk_cookie,373.0,324.0,0.0,49.0
2022-11-07,chocolate_flavor,474.0,469.0,0.0,5.0
2022-11-07,strawberry_flavor,200.0,189.0,0.0,11.0
2022-11-07,frosted_extract,486.0,481.0,0.0,5.0
2022-11-07,icecream_cone,436.0,430.0,0.0,6.0
2022-11-07,icecream_come,408.0,403.0,0.0,5.0
2022-11-07,icecream_topping,276.0,276.0,0.0,0.0
2022-11-07,to_go_bag,18828.0,18725.0,0.0,103.0
2022-11-07,napkins,10140.0,9625.0,0.0,515.0
2022-11-07,ketchup,6766.0,6763.0,0.0,3.0
2022-11-07,ranch,6736.0,6728.0,0.0,8.0
2022-11-07,buffalo_sauce,7182.0,7170.0,0.0,12.0
2022-11-07,bbq_sauce,7006.0,7002.0,0.0,4.0
2022-11-07,polyneasian,6872.0,6866.0,0.0,6.0
2022-11-07,chickfala,6784.0,6764.0,0.0,20.0
2022-11-07,silverware,6852.0,6843.0,0.0,9.0
2022-11-08,fried_batter,235.40000000000046,649.4000000000004,525.0,111.0
2022-11-08,bun,901.0,871.0,0.0,30.0
2022-11-08,chicken_patty,811.0,740.0,0.0,71.0
2022-11-08,pickle_chips,3228.0,3138.0,0.0,90.0
2022-11-08,lettuce,278.0,234.0,0.0,44.0
2022-11-08,tomato,278.0,234.0,0.0,44.0
2022-11-08,cheese,484.5,440.5,0.0,44.0
2022-11-08,spice,1914.0,1885.0,0.0,29.0
2022-11-08,chicken_nuggets,12758.0,12582.5,0.0,175.5
2022-11-08,chicken_strips,11332.0,11300.0,0.0,32.0
2022-11-08,flat_bread,381.5,380.5,0.0,1.0
2022-11-08,mixed_greens,212.0,857.5,700.0,54.5
2022-11-08,shredded_monterey_jack,1032.0,1022.0,0.0,10.0
2022-11-08,waffle_fries,3709.440000000013,3543.1400000000126,0.0,166.3
2022-11-08,roasted_corn_kernels,372.0,364.0,0.0,8.0
2022-11-08,crumbled_bacon,372.0,364.0,0.0,8.0
2022-11-08,avacado_lime_dressing,1422.0,1414.0,0.0,8.0
2022-11-08,red_bell_pepers,197.0,189.0,0.0,8.0
2022-11-08,grape tomatoes,985.0,945.0,0.0,40.0
2022-11-08,hard_boiled_egg,459.5,451.5,0.0,8.0
2022-11-08,blue_cheese,218.0,172.0,0.0,46.0
2022-11-08,apples,218.0,172.0,0.0,46.0
2022-11-08,strawberries,218.0,172.0,0.0,46.0
2022-11-08,blueberries,218.0,172.0,0.0,46.0
2022-11-08,harvest_nut_granola,218.0,172.0,0.0,46.0
2022-11-08,zesty_apple_vinagrette,218.0,172.0,0.0,46.0
2022-11-08,chicken_tenders,13704.0,13686.0,0.0,18.0
2022-11-08,biscuit,197.0,154.0,0.0,43.0
2022-11-08,chicken_mini_bread,3426.0,3387.0,0.0,39.0
2022-11-08,butter,717.0,716.25,0.0,0.75
2022-11-08,bacon,993.0,987.0,0.0,6.0
2022-11-08,tortilla,366.0,365.0,0.0,1.0
2022-11-08,eggs,624.0,601.0,0.0,23.0
2022-11-08,sausage,345.0,339.0,0.0,6.0
2022-11-08,bagel,183.0,164.0,0.0,19.0
2022-11-08,oatmeal,127.0,121.0,0.0,6.0
2022-11-08,fruit,488.0,471.5,0.0,16.5
2022-11-08,cream_cheese,375.0,369.0,0.0,6.0
2022-11-08,hash_brown,1248.0,1244.0,0.0,4.0
2022-11-08,yogurt_parfait,305.0,302.0,0.0,3.0
2022-11-08,cinamon_cluster,203.0,198.0,0.0,5.0
2022-11-08,lemonade,3807.599999999994,3751.999999999994,0.0,55.6
2022-11-08,straw,23022.0,22791.0,0.0,231.0
2022-11-08,small_drink_cup,6546.0,6530.0,0.0,16.0
2022-11-08,medium_drink_cup,3580.0,3405.0,0.0,175.0
2022-11-08,large_drink_cup,5896.0,5856.0,0.0,40.0
2022-11-08,lemonade_diet,3876.5999999999963,3849.3999999999965,0.0,27.2
2022-11-08,ice_tea_unsweet,5215.399999999985,5193.899999999985,0.0,21.5
2022-11-08,ice_tea_sweet,6960.799999999997,6908.099999999998,0.0,52.7
2022-11-08,soft_drink,3037.4000000000005,13382.000000000002,10500.0,155.39999999999998
2022-11-08,dasani_water_bottle,1125.0,1125.0,0.0,0.0
2022-11-08,orange_juice_bottle,1017.0,1011.0,0.0,6.0
2022-11-08,apple_juice,1047.0,1044.0,0.0,3.0
2022-11-08,ice_coffee,683.0,665.0,0.0,18.0
2022-11-08,coffee,775.0,760.75,0.0,14.25
2022-11-08,Coffee_box,309.0,294.0,0.0,15.0
2022-11-08,milk_chocolate,166.0,165.0,0.0,1.0
2022-11-08,milk,218.0,170.0,0.0,48.0
2022-11-08,icecream,112.0,384.0,350.0,78.0
2022-11-08,vanilla_flavor,792.0,781.0,0.0,11.0
2022-11-08,cream_flavor,136.0,134.0,0.0,2.0
2022-11-08,chunk_cookie,275.0,168.0,0.0,107.0
2022-11-08,chocolate_flavor,464.0,458.0,0.0,6.0
2022-11-08,strawberry_flavor,178.0,163.0,0.0,15.0
2022-11-08,frosted_extract,476.0,465.0,0.0,11.0
2022-11-08,icecream_cone,424.0,420.0,0.0,4.0
2022-11-08,icecream_come,398.0,392.0,0.0,6.0
2022-11-08,icecream_topping,276.0,263.0,0.0,13.0
2022-11-08,to_go_bag,18622.0,18520.0,0.0,102.0
2022-11-08,napkins,9110.0,8600.0,0.0,510.0
2022-11-08,ketchup,6760.0,6760.0,0.0,0.0
2022-11-08,ranch,6720.0,6720.0,0.0,0.0
2022-11-08,buffalo_sauce,7158.0,7144.0,0.0,14.0
2022-11-08,bbq_sauce,6998.0,6990.0,0.0,8.0
2022-11-08,polyneasian,6860.0,6857.0,0.0,3.0
2022-11-08,chickfala,6744.0,6739.0,0.0,5.0
2022-11-08,silverware,6834.0,6827.0,0.0,7.0
2022-11-09,fried_batter,1063.4000000000005,900.6000000000006,0.0,162.8
2022-11-09,bun,841.0,792.0,0.0,49.0
2022-11-09,chicken_patty,669.0,544.0,0.0,125.0
2022-11-09,pickle_chips,3048.0,2901.0,0.0,147.0
2022-11-09,lettuce,190.0,176.0,0.0,14.0
2022-11-09,tomato,190.0,176.0,0.0,14.0
2022-11-09,cheese,396.5,361.5,0.0,35.0
2022-11-09,spice,1856.0,1815.0,0.0,41.0
2022-11-09,chicken_nuggets,12407.0,12016.0,0.0,391.0
2022-11-09,chicken_strips,11268.0,11220.0,0.0,48.0
2022-11-09,flat_bread,379.5,375.5,0.0,4.0
2022-11-09,mixed_greens,1503.0,1407.0,0.0,96.0
2022-11-09,shredded_monterey_jack,1012.0,990.0,0.0,22.0
2022-11-09,waffle_fries,3376.8400000000124,3253.9600000000123,0.0,122.88000000000001
2022-11-09,roasted_corn_kernels,356.0,342.0,0.0,14.0
2022-11-09,crumbled_bacon,356.0,342.0,0.0,14.0
2022-11-09,avacado_lime_dressing,1406.0,1392.0,0.0,14.0
2022-11-09,red_bell_pepers,181.0,167.0,0.0,14.0
2022-11-09,grape tomatoes,905.0,835.0,0.0,70.0
2022-11-09,hard_boiled_egg,443.5,429.5,0.0,14.0
2022-11-09,blue_cheese,126.0,396.0,350.0,80.0
2022-11-09,apples,126.0,396.0,350.0,80.0
2022-11-09,strawberries,126.0,396.0,350.0,80.0
2022-11-09,blueberries,126.0,396.0,350.0,80.0
2022-11-09,harvest_nut_granola,126.0,396.0,350.0,80.0
2022-11-09,zesty_apple_vinagrette,126.0,396.0,350.0,80.0
2022-11-09,chicken_tenders,13668.0,13656.0,0.0,12.0
2022-11-09,biscuit,111.0,608.0,525.0,28.0
2022-11-09,chicken_mini_bread,3348.0,3297.0,0.0,51.0
2022-11-09,butter,715.5,715.5,0.0,0.0
2022-11-09,bacon,981.0,977.0,0.0,4.0
2022-11-09,tortilla,364.0,360.0,0.0,4.0
2022-11-09,eggs,578.0,546.0,0.0,32.0
2022-11-09,sausage,333.0,327.0,0.0,6.0
2022-11-09,bagel,145.0,113.0,0.0,32.0
2022-11-09,oatmeal,115.0,98.0,0.0,17.0
2022-11-09,fruit,455.0,430.5,0.0,24.5
2022-11-09,cream_cheese,363.0,359.0,0.0,4.0
2022-11-09,hash_brown,1240.0,1238.0,0.0,2.0
2022-11-09,yogurt_parfait,299.0,290.0,0.0,9.0
2022-11-09,cinamon_cluster,193.0,189.0,0.0,4.0
2022-11-09,lemonade,3696.399999999994,3640.6999999999944,0.0,55.7
2022-11-09,straw,22560.0,22351.0,0.0,209.0
2022-11-09,small_drink_cup,6514.0,6479.0,0.0,35.0
2022-11-09,medium_drink_cup,3230.0,3097.0,0.0,133.0
2022-11-09,large_drink_cup,5816.0,5775.0,0.0,41.0
2022-11-09,lemonade_diet,3822.1999999999966,3808.8999999999965,0.0,13.299999999999999
2022-11-09,ice_tea_unsweet,5172.399999999985,5148.699999999985,0.0,23.700000000000003
2022-11-09,ice_tea_sweet,6855.399999999998,6820.399999999998,0.0,35.0
2022-11-09,soft_drink,23726.6,23575.199999999997,0.0,151.4
2022-11-09,dasani_water_bottle,1125.0,1117.0,0.0,8.0
2022-11-09,orange_juice_bottle,1005.0,984.0,0.0,21.0
2022-11-09,apple_juice,1041.0,1031.0,0.0,10.0
2022-11-09,ice_coffee,647.0,630.25,0.0,16.75
2022-11-09,coffee,746.5,723.0,0.0,23.5
2022-11-09,Coffee_box,279.0,273.0,0.0,6.0
2022-11-09,milk_chocolate,164.0,154.0,0.0,10.0
2022-11-09,milk,122.0,441.0,350.0,31.0
2022-11-09,icecream,656.0,597.0,0.0,59.0
2022-11-09,vanilla_flavor,770.0,756.0,0.0,14.0
2022-11-09,cream_flavor,132.0,128.0,0.0,4.0
2022-11-09,chunk_cookie,61.0,395.0,350.0,16.0
2022-11-09,chocolate_flavor,452.0,449.0,0.0,3.0
2022-11-09,strawberry_flavor,148.0,143.0,0.0,5.0
2022-11-09,frosted_extract,454.0,446.0,0.0,8.0
2022-11-09,icecream_cone,416.0,415.0,0.0,1.0
2022-11-09,icecream_come,386.0,380.0,0.0,6.0
2022-11-09,icecream_topping,250.0,240.0,0.0,10.0
2022-11-09,to_go_bag,18418.0,18305.0,0.0,113.0
2022-11-09,napkins,8090.0,7525.0,0.0,565.0
2022-11-09,ketchup,6760.0,6749.0,0.0,11.0
2022-11-09,ranch,6720.0,6715.0,0.0,5.0
2022-11-09,buffalo_sauce,7130.0,7111.0,0.0,19.0
2022-11-09,bbq_sauce,6982.0,6974.0,0.0,8.0
2022-11-09,polyneasian,6854.0,6851.0,0.0,3.0
2022-11-09,chickfala,6734.0,6726.0,0.0,8.0
2022-11-09,silverware,6820.0,6809.0,0.0,11.0
2022-11-10,fried_batter,737.8000000000006,600.8000000000006,0.0,137.0
2022-11-10,bun,743.0,718.0,0.0,25.0
2022-11-10,chicken_patty,419.0,346.5,0.0,72.5
2022-11-10,pickle_chips,2754.0,2679.0,0.0,75.0
2022-11-10,lettuce,162.0,134.0,0.0,28.0
2022-11-10,tomato,162.0,134.0,0.0,28.0
2022-11-10,cheese,326.5,287.5,0.0,39.0
2022-11-10,spice,1774.0,1755.0,0.0,19.0
2022-11-10,chicken_nuggets,11625.0,11172.0,0.0,453.0
2022-11-10,chicken_strips,11172.0,11124.0,0.0,48.0
2022-11-10,flat_bread,371.5,369.5,0.0,2.0
2022-11-10,mixed_greens,1311.0,1226.0,0.0,85.0
2022-11-10,shredded_monterey_jack,968.0,947.0,0.0,21.0
2022-11-10,waffle_fries,3131.080000000012,3002.100000000012,0.0,128.98000000000002
2022-11-10,roasted_corn_kernels,328.0,315.0,0.0,13.0
2022-11-10,crumbled_bacon,328.0,315.0,0.0,13.0
2022-11-10,avacado_lime_dressing,1378.0,1365.0,0.0,13.0
2022-11-10,red_bell_pepers,153.0,665.0,525.0,13.0
2022-11-10,grape tomatoes,765.0,700.0,0.0,65.0
2022-11-10,hard_boiled_egg,415.5,402.5,0.0,13.0
2022-11-10,blue_cheese,666.0,595.0,0.0,71.0
2022-11-10,apples,666.0,595.0,0.0,71.0
2022-11-10,strawberries,666.0,595.0,0.0,71.0
2022-11-10,blueberries,666.0,595.0,0.0,71.0
2022-11-10,harvest_nut_granola,666.0,595.0,0.0,71.0
2022-11-10,zesty_apple_vinagrette,666.0,595.0,0.0,71.0
2022-11-10,chicken_tenders,13644.0,13628.0,0.0,16.0
2022-11-10,biscuit,1105.0,1060.0,0.0,45.0
2022-11-10,chicken_mini_bread,3246.0,3198.0,0.0,48.0
2022-11-10,butter,715.5,713.5,0.0,2.0
2022-11-10,bacon,973.0,966.0,0.0,7.0
2022-11-10,tortilla,356.0,350.0,0.0,6.0
2022-11-10,eggs,514.0,483.0,0.0,31.0
2022-11-10,sausage,321.0,314.0,0.0,7.0
2022-11-10,bagel,81.0,52.0,0.0,29.0
2022-11-10,oatmeal,81.0,67.0,0.0,14.0
2022-11-10,fruit,406.0,390.0,0.0,16.0
2022-11-10,cream_cheese,355.0,348.0,0.0,7.0
2022-11-10,hash_brown,1236.0,1231.0,0.0,5.0
2022-11-10,yogurt_parfait,281.0,274.0,0.0,7.0
2022-11-10,cinamon_cluster,185.0,179.0,0.0,6.0
2022-11-10,lemonade,3584.9999999999945,3546.9999999999945,0.0,38.0
2022-11-10,straw,22142.0,21923.0,0.0,219.0
2022-11-10,small_drink_cup,6444.0,6406.0,0.0,38.0
2022-11-10,medium_drink_cup,2964.0,2824.0,0.0,140.0
2022-11-10,large_drink_cup,5734.0,5693.0,0.0,41.0
2022-11-10,lemonade_diet,3795.5999999999963,3763.9999999999964,0.0,31.6
2022-11-10,ice_tea_unsweet,5124.999999999985,5100.499999999985,0.0,24.5
2022-11-10,ice_tea_sweet,6785.399999999998,6746.799999999997,0.0,38.6
2022-11-10,soft_drink,23423.799999999996,23299.499999999996,0.0,124.3
2022-11-10,dasani_water_bottle,1109.0,1105.0,0.0,4.0
2022-11-10,orange_juice_bottle,963.0,955.0,0.0,8.0
2022-11-10,apple_juice,1021.0,1020.0,0.0,1.0
2022-11-10,ice_coffee,613.5,604.0,0.0,9.5
2022-11-10,coffee,699.5,672.5,0.0,27.0
2022-11-10,Coffee_box,267.0,258.0,0.0,9.0
2022-11-10,milk_chocolate,144.0,138.0,0.0,6.0
2022-11-10,milk,760.0,726.0,0.0,34.0
2022-11-10,icecream,538.0,469.0,0.0,69.0
2022-11-10,vanilla_flavor,742.0,734.0,0.0,8.0
2022-11-10,cream_flavor,124.0,118.0,0.0,6.0
2022-11-10,chunk_cookie,729.0,642.0,0.0,87.0
2022-11-10,chocolate_flavor,446.0,445.0,0.0,1.0
2022-11-10,strawberry_flavor,138.0,124.0,0.0,14.0
2022-11-10,frosted_extract,438.0,426.0,0.0,12.0
2022-11-10,icecream_cone,414.0,409.0,0.0,5.0
2022-11-10,icecream_come,374.0,368.0,0.0,6.0
2022-11-10,icecream_topping,230.0,221.0,0.0,9.0
2022-11-10,to_go_bag,18192.0,18070.0,0.0,122.0
2022-11-10,napkins,6960.0,6350.0,0.0,610.0
2022-11-10,ketchup,6738.0,6738.0,0.0,0.0
2022-11-10,ranch,6710.0,6690.0,0.0,20.0
2022-11-10,buffalo_sauce,7092.0,7082.0,0.0,10.0
2022-11-10,bbq_sauce,6966.0,6954.0,0.0,12.0
2022-11-10,polyneasian,6848.0,6836.0,0.0,12.0
2022-11-10,chickfala,6718.0,6714.0,0.0,4.0
2022-11-10,silverware,6798.0,6788.0,0.0,10.0
2022-11-11,fried_batter,463.80000000000064,316.0000000000006,0.0,147.8
2022-11-11,bun,693.0,656.0,0.0,37.0
2022-11-11,chicken_patty,274.0,897.0,700.0,77.0
2022-11-11,pickle_chips,2604.0,2493.0,0.0,111.0
2022-11-11,lettuce,106.0,410.0,350.0,46.0
2022-11-11,tomato,106.0,410.0,350.0,46.0
2022-11-11,cheese,248.5,204.5,0.0,44.0
2022-11-11,spice,1736.0,1708.0,0.0,28.0
2022-11-11,chicken_nuggets,10719.0,10358.5,0.0,360.5
2022-11-11,chicken_strips,11076.0,11031.0,0.0,45.0
2022-11-11,flat_bread,367.5,360.5,0.0,7.0
2022-11-11,mixed_greens,1141.0,1075.5,0.0,65.5
2022-11-11,shredded_monterey_jack,926.0,911.0,0.0,15.0
2022-11-11,waffle_fries,2873.120000000012,13243.040000000012,10500.0,130.08
2022-11-11,roasted_corn_kernels,302.0,302.0,0.0,0.0
2022-11-11,crumbled_bacon,302.0,302.0,0.0,0.0
2022-11-11,avacado_lime_dressing,1352.0,1352.0,0.0,0.0
2022-11-11,red_bell_pepers,1177.0,1177.0,0.0,0.0
2022-11-11,grape tomatoes,635.0,635.0,0.0,0.0
2022-11-11,hard_boiled_egg,389.5,389.5,0.0,0.0
2022-11-11,blue_cheese,524.0,462.0,0.0,62.0
2022-11-11,apples,524.0,462.0,0.0,62.0
2022-11-11,strawberries,524.0,462.0,0.0,62.0
2022-11-11,blueberries,524.0,462.0,0.0,62.0
2022-11-11,harvest_nut_granola,524.0,462.0,0.0,62.0
2022-11-11,zesty_apple_vinagrette,524.0,462.0,0.0,62.0
2022-11-11,chicken_tenders,13612.0,13590.0,0.0,22.0
2022-11-11,biscuit,1015.0,968.0,0.0,47.0
2022-11-11,chicken_mini_bread,3150.0,3084.0,0.0,66.0
2022-11-11,butter,711.5,706.5,0.0,5.0
2022-11-11,bacon,959.0,954.0,0.0,5.0
2022-11-11,tortilla,344.0,336.0,0.0,8.0
2022-11-11,eggs,452.0,423.0,0.0,29.0
2022-11-11,sausage,307.0,299.0,0.0,8.0
2022-11-11,bagel,23.0,175.0,175.0,23.0
2022-11-11,oatmeal,53.0,216.0,175.0,12.0
2022-11-11,fruit,374.0,359.0,0.0,15.0
2022-11-11,cream_cheese,341.0,333.0,0.0,8.0
2022-11-11,hash_brown,1226.0,1209.0,0.0,17.0
2022-11-11,yogurt_parfait,267.0,248.0,0.0,19.0
2022-11-11,cinamon_cluster,173.0,164.0,0.0,9.0
2022-11-11,lemonade,3508.9999999999945,3469.9999999999945,0.0,39.00000000000001
2022-11-11,straw,21704.0,21467.0,0.0,237.0
2022-11-11,small_drink_cup,6368.0,6319.0,0.0,49.0
2022-11-11,medium_drink_cup,2684.0,2546.0,0.0,138.0
2022-11-11,large_drink_cup,5652.0,5602.0,0.0,50.0
2022-11-11,lemonade_diet,3732.3999999999965,3703.2999999999965,0.0,29.1
2022-11-11,ice_tea_unsweet,5075.999999999985,5036.599999999986,0.0,39.39999999999999
2022-11-11,ice_tea_sweet,6708.199999999997,6612.199999999997,0.0,96.00000000000001
2022-11-11,soft_drink,23175.199999999997,23040.199999999997,0.0,135.0
2022-11-11,dasani_water_bottle,1101.0,1089.0,0.0,12.0
2022-11-11,orange_juice_bottle,947.0,943.0,0.0,4.0
2022-11-11,apple_juice,1019.0,1019.0,0.0,0.0
2022-11-11,ice_coffee,594.5,571.0,0.0,23.5
2022-11-11,coffee,645.5,614.75,0.0,30.75
2022-11-11,Coffee_box,249.0,242.0,0.0,7.0
2022-11-11,milk_chocolate,132.0,127.0,0.0,5.0
2022-11-11,milk,692.0,632.0,0.0,60.0
2022-11-11,icecream,400.0,307.0,0.0,93.0
2022-11-11,vanilla_flavor,726.0,721.0,0.0,5.0
2022-11-11,cream_flavor,112.0,100.0,0.0,12.0
2022-11-11,chunk_cookie,555.0,489.0,0.0,66.0
2022-11-11,chocolate_flavor,444.0,434.0,0.0,10.0
2022-11-11,strawberry_flavor,110.0,448.0,350.0,12.0
2022-11-11,frosted_extract,414.0,411.0,0.0,3.0
2022-11-11,icecream_cone,404.0,389.0,0.0,15.0
2022-11-11,icecream_come,362.0,362.0,0.0,0.0
2022-11-11,icecream_topping,212.0,210.0,0.0,2.0
2022-11-11,to_go_bag,17948.0,17828.0,0.0,120.0
2022-11-11,napkins,5740.0,5140.0,0.0,600.0
2022-11-11,ketchup,6738.0,6732.0,0.0,6.0
2022-11-11,ranch,6670.0,6663.0,0.0,7.0
2022-11-11,buffalo_sauce,7072.0,7059.0,0.0,13.0
2022-11-11,bbq_sauce,6942.0,6938.0,0.0,4.0
2022-11-11,polyneasian,6824.0,6822.0,0.0,2.0
2022-11-11,chickfala,6710.0,6702.0,0.0,8.0
2022-11-11,silverware,6778.0,6773.0,0.0,5.0
2022-11-12,fried_batter,168.2000000000006,551.0000000000007,525.0,142.2
2022-11-12,bun,619.0,573.0,0.0,46.0
2022-11-12,chicken_patty,1520.0,1426.0,0.0,94.0
2022-11-12,pickle_chips,2382.0,2244.0,0.0,138.0
2022-11-12,lettuce,714.0,658.0,0.0,56.0
2022-11-12,tomato,714.0,658.0,0.0,56.0
2022-11-12,cheese,160.5,104.5,0.0,56.0
2022-11-12,spice,1680.0,1637.0,0.0,43.0
2022-11-12,chicken_nuggets,9998.0,9473.5,0.0,524.5
2022-11-12,chicken_strips,10986.0,10950.0,0.0,36.0
2022-11-12,flat_bread,353.5,344.5,0.0,9.0
2022-11-12,mixed_greens,1010.0,935.5,0.0,74.5
2022-11-12,shredded_monterey_jack,896.0,878.0,0.0,18.0
2022-11-12,waffle_fries,23612.96000000001,23510.16000000001,0.0,102.8
2022-11-12,roasted_corn_kernels,302.0,298.0,0.0,4.0
2022-11-12,crumbled_bacon,302.0,298.0,0.0,4.0
2022-11-12,avacado_lime_dressing,1352.0,1348.0,0.0,4.0
2022-11-12,red_bell_pepers,1177.0,1173.0,0.0,4.0
2022-11-12,grape tomatoes,635.0,615.0,0.0,20.0
2022-11-12,hard_boiled_egg,389.5,385.5,0.0,4.0
2022-11-12,blue_cheese,400.0,334.0,0.0,66.0
2022-11-12,apples,400.0,334.0,0.0,66.0
2022-11-12,strawberries,400.0,334.0,0.0,66.0
2022-11-12,blueberries,400.0,334.0,0.0,66.0
2022-11-12,harvest_nut_granola,400.0,334.0,0.0,66.0
2022-11-12,zesty_apple_vinagrette,400.0,334.0,0.0,66.0
2022-11-12,chicken_tenders,13568.0,13530.0,0.0,38.0
2022-11-12,biscuit,921.0,874.0,0.0,47.0
2022-11-12,chicken_mini_bread,3018.0,3003.0,0.0,15.0
2022-11-12,butter,701.5,701.5,0.0,0.0
2022-11-12,bacon,949.0,942.0,0.0,7.0
2022-11-12,tortilla,328.0,323.0,0.0,5.0
2022-11-12,eggs,394.0,361.0,0.0,33.0
2022-11-12,sausage,291.0,281.0,0.0,10.0
2022-11-12,bagel,327.0,304.0,0.0,23.0
2022-11-12,oatmeal,379.0,368.0,0.0,11.0
2022-11-12,fruit,344.0,304.5,0.0,39.5
2022-11-12,cream_cheese,325.0,313.0,0.0,12.0
2022-11-12,hash_brown,1192.0,1187.0,0.0,5.0
2022-11-12,yogurt_parfait,229.0,216.0,0.0,13.0
2022-11-12,cinamon_cluster,155.0,153.0,0.0,2.0
2022-11-12,lemonade,3430.9999999999945,3366.4999999999945,0.0,64.5
2022-11-12,straw,21230.0,21018.0,0.0,212.0
2022-11-12,small_drink_cup,6270.0,6245.0,0.0,25.0
2022-11-12,medium_drink_cup,2408.0,2249.0,0.0,159.0
2022-11-12,large_drink_cup,5552.0,5524.0,0.0,28.0
2022-11-12,lemonade_diet,3674.1999999999966,3642.999999999997,0.0,31.2
2022-11-12,ice_tea_unsweet,4997.199999999986,4983.2999999999865,0.0,13.9
2022-11-12,ice_tea_sweet,6516.199999999997,6452.899999999997,0.0,63.300000000000004
2022-11-12,soft_drink,22905.199999999997,22783.799999999996,0.0,121.39999999999999
2022-11-12,dasani_water_bottle,1077.0,1077.0,0.0,0.0
2022-11-12,orange_juice_bottle,939.0,936.0,0.0,3.0
2022-11-12,apple_juice,1019.0,1019.0,0.0,0.0
2022-11-12,ice_coffee,547.5,539.5,0.0,8.0
2022-11-12,coffee,584.0,558.75,0.0,25.25
2022-11-12,Coffee_box,235.0,233.0,0.0,2.0
2022-11-12,milk_chocolate,122.0,119.0,0.0,3.0
2022-11-12,milk,572.0,545.0,0.0,27.0
2022-11-12,icecream,214.0,166.0,0.0,48.0
2022-11-12,vanilla_flavor,716.0,715.0,0.0,1.0
2022-11-12,cream_flavor,88.0,431.0,350.0,7.0
2022-11-12,chunk_cookie,423.0,337.5,0.0,85.5
2022-11-12,chocolate_flavor,424.0,416.0,0.0,8.0
2022-11-12,strawberry_flavor,786.0,781.0,0.0,5.0
2022-11-12,frosted_extract,408.0,399.0,0.0,9.0
2022-11-12,icecream_cone,374.0,374.0,0.0,0.0
2022-11-12,icecream_come,362.0,356.0,0.0,6.0
2022-11-12,icecream_topping,208.0,208.0,0.0,0.0
2022-11-12,to_go_bag,17708.0,17609.0,0.0,99.0
2022-11-12,napkins,4540.0,4045.0,0.0,495.0
2022-11-12,ketchup,6726.0,6725.0,0.0,1.0
2022-11-12,ranch,6656.0,6649.0,0.0,7.0
2022-11-12,buffalo_sauce,7046.0,7037.0,0.0,9.0
2022-11-12,bbq_sauce,6934.0,6933.0,0.0,1.0
2022-11-12,polyneasian,6820.0,6812.0,0.0,8.0
2022-11-12,chickfala,6694.0,6693.0,0.0,1.0
2022-11-12,silverware,6768.0,6762.0,0.0,6.0
2022-11-14,fried_batter,933.8000000000006,800.0000000000007,0.0,133.8
2022-11-14,bun,527.0,504.0,0.0,23.0
2022-11-14,chicken_patty,1332.0,1273.5,0.0,58.5
2022-11-14,pickle_chips,2106.0,2037.0,0.0,69.0
2022-11-14,lettuce,602.0,564.0,0.0,38.0
2022-11-14,tomato,602.0,564.0,0.0,38.0
2022-11-14,cheese,48.5,257.0,262.5,54.0
2022-11-14,spice,1594.0,1583.0,0.0,11.0
2022-11-14,chicken_nuggets,8949.0,8531.0,0.0,418.0
2022-11-14,chicken_strips,10914.0,10807.0,0.0,107.0
2022-11-14,flat_bread,335.5,327.5,0.0,8.0
2022-11-14,mixed_greens,861.0,810.0,0.0,51.0
2022-11-14,shredded_monterey_jack,860.0,838.0,0.0,22.0
2022-11-14,waffle_fries,23407.36000000001,23272.28000000001,0.0,135.07999999999998
2022-11-14,roasted_corn_kernels,294.0,290.0,0.0,4.0
2022-11-14,crumbled_bacon,294.0,290.0,0.0,4.0
2022-11-14,avacado_lime_dressing,1344.0,1340.0,0.0,4.0
2022-11-14,red_bell_pepers,1169.0,1165.0,0.0,4.0
2022-11-14,grape tomatoes,595.0,575.0,0.0,20.0
2022-11-14,hard_boiled_egg,381.5,377.5,0.0,4.0
2022-11-14,blue_cheese,268.0,225.0,0.0,43.0
2022-11-14,apples,268.0,225.0,0.0,43.0
2022-11-14,strawberries,268.0,225.0,0.0,43.0
2022-11-14,blueberries,268.0,225.0,0.0,43.0
2022-11-14,harvest_nut_granola,268.0,225.0,0.0,43.0
2022-11-14,zesty_apple_vinagrette,268.0,225.0,0.0,43.0
2022-11-14,chicken_tenders,13492.0,13470.0,0.0,22.0
2022-11-14,biscuit,827.0,792.0,0.0,35.0
2022-11-14,chicken_mini_bread,2988.0,2916.0,0.0,72.0
2022-11-14,butter,701.5,700.25,0.0,1.25
2022-11-14,bacon,935.0,926.0,0.0,9.0
2022-11-14,tortilla,318.0,308.0,0.0,10.0
2022-11-14,eggs,328.0,283.0,0.0,45.0
2022-11-14,sausage,271.0,257.0,0.0,14.0
2022-11-14,bagel,281.0,254.0,0.0,27.0
2022-11-14,oatmeal,357.0,340.0,0.0,17.0
2022-11-14,fruit,265.0,223.5,0.0,41.5
2022-11-14,cream_cheese,301.0,292.0,0.0,9.0
2022-11-14,hash_brown,1182.0,1176.0,0.0,6.0
2022-11-14,yogurt_parfait,203.0,200.0,0.0,3.0
2022-11-14,cinamon_cluster,151.0,148.0,0.0,3.0
2022-11-14,lemonade,3301.9999999999945,3243.7999999999947,0.0,58.2
2022-11-14,straw,20806.0,20514.0,0.0,292.0
2022-11-14,small_drink_cup,6220.0,6146.0,0.0,74.0
2022-11-14,medium_drink_cup,2090.0,1920.0,0.0,170.0
2022-11-14,large_drink_cup,5496.0,5448.0,0.0,48.0
2022-11-14,lemonade_diet,3611.799999999997,3567.799999999997,0.0,44.0
2022-11-14,ice_tea_unsweet,4969.399999999987,4919.999999999987,0.0,49.400000000000006
2022-11-14,ice_tea_sweet,6389.599999999997,6344.999999999996,0.0,44.6
2022-11-14,soft_drink,22662.399999999994,22501.799999999996,0.0,160.6
2022-11-14,dasani_water_bottle,1077.0,1071.0,0.0,6.0
2022-11-14,orange_juice_bottle,933.0,928.0,0.0,5.0
2022-11-14,apple_juice,1019.0,1016.0,0.0,3.0
2022-11-14,ice_coffee,531.5,514.0,0.0,17.5
2022-11-14,coffee,533.5,510.5,0.0,23.0
2022-11-14,Coffee_box,231.0,214.0,0.0,17.0
2022-11-14,milk_chocolate,116.0,107.0,0.0,9.0
2022-11-14,milk,518.0,488.0,0.0,30.0
2022-11-14,icecream,118.0,400.0,350.0,68.0
2022-11-14,vanilla_flavor,714.0,712.0,0.0,2.0
2022-11-14,cream_flavor,774.0,759.0,0.0,15.0
2022-11-14,chunk_cookie,252.0,197.5,0.0,54.5
2022-11-14,chocolate_flavor,408.0,401.0,0.0,7.0
2022-11-14,strawberry_flavor,776.0,772.0,0.0,4.0
2022-11-14,frosted_extract,390.0,383.0,0.0,7.0
2022-11-14,icecream_cone,374.0,368.0,0.0,6.0
2022-11-14,icecream_come,350.0,344.0,0.0,6.0
2022-11-14,icecream_topping,208.0,194.0,0.0,14.0
2022-11-14,to_go_bag,17510.0,17394.0,0.0,116.0
2022-11-14,napkins,3550.0,13470.0,10500.0,580.0
2022-11-14,ketchup,6724.0,6716.0,0.0,8.0
2022-11-14,ranch,6642.0,6630.0,0.0,12.0
2022-11-14,buffalo_sauce,7028.0,7022.0,0.0,6.0
2022-11-14,bbq_sauce,6932.0,6927.0,0.0,5.0
2022-11-14,polyneasian,6804.0,6796.0,0.0,8.0
2022-11-14,chickfala,6692.0,6685.0,0.0,7.0
2022-11-14,silverware,6756.0,6752.0,0.0,4.0
2022-11-15,fried_batter,666.2000000000007,536.4000000000008,0.0,129.8
2022-11-15,bun,481.0,425.0,0.0,56.0
2022-11-15,chicken_patty,1215.0,1128.5,0.0,86.5
2022-11-15,pickle_chips,1968.0,1800.0,0.0,168.0
2022-11-15,lettuce,526.0,454.0,0.0,72.0
2022-11-15,tomato,526.0,454.0,0.0,72.0
2022-11-15,cheese,465.5,414.5,0.0,51.0
2022-11-15,spice,1572.0,1537.0,0.0,35.0
2022-11-15,chicken_nuggets,8113.0,7519.0,0.0,594.0
2022-11-15,chicken_strips,10700.0,10696.0,0.0,4.0
2022-11-15,flat_bread,319.5,313.5,0.0,6.0
2022-11-15,mixed_greens,759.0,705.0,0.0,54.0
2022-11-15,shredded_monterey_jack,816.0,803.0,0.0,13.0
2022-11-15,waffle_fries,23137.200000000008,23004.300000000007,0.0,132.9
2022-11-15,roasted_corn_kernels,286.0,283.0,0.0,3.0
2022-11-15,crumbled_bacon,286.0,283.0,0.0,3.0
2022-11-15,avacado_lime_dressing,1336.0,1333.0,0.0,3.0
2022-11-15,red_bell_pepers,1161.0,1158.0,0.0,3.0
2022-11-15,grape tomatoes,555.0,540.0,0.0,15.0
2022-11-15,hard_boiled_egg,373.5,370.5,0.0,3.0
2022-11-15,blue_cheese,182.0,134.0,0.0,48.0
2022-11-15,apples,182.0,134.0,0.0,48.0
2022-11-15,strawberries,182.0,134.0,0.0,48.0
2022-11-15,blueberries,182.0,134.0,0.0,48.0
2022-11-15,harvest_nut_granola,182.0,134.0,0.0,48.0
2022-11-15,zesty_apple_vinagrette,182.0,134.0,0.0,48.0
2022-11-15,chicken_tenders,13448.0,13424.0,0.0,24.0
2022-11-15,biscuit,757.0,735.0,0.0,22.0
2022-11-15,chicken_mini_bread,2844.0,2790.0,0.0,54.0
2022-11-15,butter,699.0,697.75,0.0,1.25
2022-11-15,bacon,917.0,911.0,0.0,6.0
2022-11-15,tortilla,298.0,294.0,0.0,4.0
2022-11-15,eggs,238.0,219.0,0.0,19.0
2022-11-15,sausage,243.0,241.0,0.0,2.0
2022-11-15,bagel,227.0,189.0,0.0,38.0
2022-11-15,oatmeal,323.0,307.0,0.0,16.0
2022-11-15,fruit,182.0,165.5,0.0,16.5
2022-11-15,cream_cheese,283.0,263.0,0.0,20.0
2022-11-15,hash_brown,1170.0,1159.0,0.0,11.0
2022-11-15,yogurt_parfait,197.0,189.0,0.0,8.0
2022-11-15,cinamon_cluster,145.0,136.0,0.0,9.0
2022-11-15,lemonade,3185.599999999995,3150.199999999995,0.0,35.4
2022-11-15,straw,20222.0,20011.0,0.0,211.0
2022-11-15,small_drink_cup,6072.0,6049.0,0.0,23.0
2022-11-15,medium_drink_cup,1750.0,1599.0,0.0,151.0
2022-11-15,large_drink_cup,5400.0,5363.0,0.0,37.0
2022-11-15,lemonade_diet,3523.799999999997,3498.799999999997,0.0,25.0
2022-11-15,ice_tea_unsweet,4870.599999999988,4862.199999999988,0.0,8.4
2022-11-15,ice_tea_sweet,6300.399999999996,6227.499999999996,0.0,72.90000000000002
2022-11-15,soft_drink,22341.199999999997,22206.199999999997,0.0,135.0
2022-11-15,dasani_water_bottle,1065.0,1049.0,0.0,16.0
2022-11-15,orange_juice_bottle,923.0,918.0,0.0,5.0
2022-11-15,apple_juice,1013.0,1010.0,0.0,3.0
2022-11-15,ice_coffee,496.5,476.25,0.0,20.25
2022-11-15,coffee,487.5,456.25,0.0,31.25
2022-11-15,Coffee_box,197.0,188.0,0.0,9.0
2022-11-15,milk_chocolate,98.0,442.0,350.0,6.0
2022-11-15,milk,458.0,396.0,0.0,62.0
2022-11-15,icecream,682.0,572.0,0.0,110.0
2022-11-15,vanilla_flavor,710.0,702.0,0.0,8.0
2022-11-15,cream_flavor,744.0,733.0,0.0,11.0
2022-11-15,chunk_cookie,143.0,389.5,350.0,103.5
2022-11-15,chocolate_flavor,394.0,378.0,0.0,16.0
2022-11-15,strawberry_flavor,768.0,755.0,0.0,13.0
2022-11-15,frosted_extract,376.0,364.0,0.0,12.0
2022-11-15,icecream_cone,362.0,362.0,0.0,0.0
2022-11-15,icecream_come,338.0,324.0,0.0,14.0
2022-11-15,icecream_topping,180.0,173.0,0.0,7.0
2022-11-15,to_go_bag,17278.0,17165.0,0.0,113.0
2022-11-15,napkins,23390.0,22825.0,0.0,565.0
2022-11-15,ketchup,6708.0,6700.0,0.0,8.0
2022-11-15,ranch,6618.0,6616.0,0.0,2.0
2022-11-15,buffalo_sauce,7016.0,7004.0,0.0,12.0
2022-11-15,bbq_sauce,6922.0,6917.0,0.0,5.0
2022-11-15,polyneasian,6788.0,6778.0,0.0,10.0
2022-11-15,chickfala,6678.0,6667.0,0.0,11.0
2022-11-15,silverware,6748.0,6742.0,0.0,6.0
2022-11-16,fried_batter,406.60000000000076,281.2000000000007,0.0,125.4
2022-11-16,bun,369.0,329.0,0.0,40.0
2022-11-16,chicken_patty,1042.0,974.5,0.0,67.5
2022-11-16,pickle_chips,1632.0,1512.0,0.0,120.0
2022-11-16,lettuce,382.0,342.0,0.0,40.0
2022-11-16,tomato,382.0,342.0,0.0,40.0
2022-11-16,cheese,363.5,321.5,0.0,42.0
2022-11-16,spice,1502.0,1479.0,0.0,23.0
2022-11-16,chicken_nuggets,6925.0,6436.0,0.0,489.0
2022-11-16,chicken_strips,10692.0,10632.0,0.0,60.0
2022-11-16,flat_bread,307.5,295.5,0.0,12.0
2022-11-16,mixed_greens,651.0,574.0,0.0,77.0
2022-11-16,shredded_monterey_jack,790.0,764.0,0.0,26.0
2022-11-16,waffle_fries,22871.400000000005,22710.640000000007,0.0,160.76000000000002
2022-11-16,roasted_corn_kernels,280.0,276.0,0.0,4.0
2022-11-16,crumbled_bacon,280.0,276.0,0.0,4.0
2022-11-16,avacado_lime_dressing,1330.0,1326.0,0.0,4.0
2022-11-16,red_bell_pepers,1155.0,1151.0,0.0,4.0
2022-11-16,grape tomatoes,525.0,505.0,0.0,20.0
2022-11-16,hard_boiled_egg,367.5,363.5,0.0,4.0
2022-11-16,blue_cheese,86.0,369.0,350.0,67.0
2022-11-16,apples,86.0,369.0,350.0,67.0
2022-11-16,strawberries,86.0,369.0,350.0,67.0
2022-11-16,blueberries,86.0,369.0,350.0,67.0
2022-11-16,harvest_nut_granola,86.0,369.0,350.0,67.0
2022-11-16,zesty_apple_vinagrette,86.0,369.0,350.0,67.0
2022-11-16,chicken_tenders,13400.0,13386.0,0.0,14.0
2022-11-16,biscuit,713.0,667.0,0.0,46.0
2022-11-16,chicken_mini_bread,2736.0,2715.0,0.0,21.0
2022-11-16,butter,696.5,693.75,0.0,2.75
2022-11-16,bacon,905.0,893.0,0.0,12.0
2022-11-16,tortilla,290.0,280.0,0.0,10.0
2022-11-16,eggs,200.0,168.0,0.0,32.0
2022-11-16,sausage,239.0,229.0,0.0,10.0
2022-11-16,bagel,151.0,149.0,0.0,2.0
2022-11-16,oatmeal,291.0,277.0,0.0,14.0
2022-11-16,fruit,149.0,120.5,0.0,28.5
2022-11-16,cream_cheese,243.0,242.0,0.0,1.0
2022-11-16,hash_brown,1148.0,1140.0,0.0,8.0
2022-11-16,yogurt_parfait,181.0,181.0,0.0,0.0
2022-11-16,cinamon_cluster,127.0,125.0,0.0,2.0
2022-11-16,lemonade,3114.7999999999947,3054.699999999995,0.0,60.10000000000001
2022-11-16,straw,19800.0,19549.0,0.0,251.0
2022-11-16,small_drink_cup,6026.0,5984.0,0.0,42.0
2022-11-16,medium_drink_cup,1448.0,1287.0,0.0,161.0
2022-11-16,large_drink_cup,5326.0,5278.0,0.0,48.0
2022-11-16,lemonade_diet,3473.799999999997,3435.099999999997,0.0,38.7
2022-11-16,ice_tea_unsweet,4853.799999999988,4819.299999999988,0.0,34.5
2022-11-16,ice_tea_sweet,6154.599999999997,6094.199999999997,0.0,60.400000000000006
2022-11-16,soft_drink,22071.199999999997,21932.1,0.0,139.1
2022-11-16,dasani_water_bottle,1033.0,1030.0,0.0,3.0
2022-11-16,orange_juice_bottle,913.0,909.0,0.0,4.0
2022-11-16,apple_juice,1007.0,1005.0,0.0,2.0
2022-11-16,ice_coffee,456.0,426.5,0.0,29.5
2022-11-16,coffee,425.0,394.5,0.0,30.5
2022-11-16,Coffee_box,179.0,170.0,0.0,9.0
2022-11-16,milk_chocolate,786.0,785.0,0.0,1.0
2022-11-16,milk,334.0,288.0,0.0,46.0
2022-11-16,icecream,462.0,356.0,0.0,106.0
2022-11-16,vanilla_flavor,694.0,687.0,0.0,7.0
2022-11-16,cream_flavor,722.0,703.0,0.0,19.0
2022-11-16,chunk_cookie,636.0,601.5,0.0,34.5
2022-11-16,chocolate_flavor,362.0,357.0,0.0,5.0
2022-11-16,strawberry_flavor,742.0,731.0,0.0,11.0
2022-11-16,frosted_extract,352.0,344.0,0.0,8.0
2022-11-16,icecream_cone,362.0,353.0,0.0,9.0
2022-11-16,icecream_come,310.0,297.0,0.0,13.0
2022-11-16,icecream_topping,166.0,157.0,0.0,9.0
2022-11-16,to_go_bag,17052.0,16938.0,0.0,114.0
2022-11-16,napkins,22260.0,21690.0,0.0,570.0
2022-11-16,ketchup,6692.0,6686.0,0.0,6.0
2022-11-16,ranch,6614.0,6605.0,0.0,9.0
2022-11-16,buffalo_sauce,6992.0,6988.0,0.0,4.0
2022-11-16,bbq_sauce,6912.0,6908.0,0.0,4.0
2022-11-16,polyneasian,6768.0,6766.0,0.0,2.0
2022-11-16,chickfala,6656.0,6645.0,0.0,11.0
2022-11-16,silverware,6736.0,6731.0,0.0,5.0
2022-11-17,fried_batter,155.80000000000072,583.2000000000007,525.0,97.6
2022-11-17,bun,289.0,243.0,0.0,46.0
2022-11-17,chicken_patty,907.0,849.0,0.0,58.0
2022-11-17,pickle_chips,1392.0,1254.0,0.0,138.0
2022-11-17,lettuce,302.0,262.0,0.0,40.0
2022-11-17,tomato,302.0,262.0,0.0,40.0
2022-11-17,cheese,279.5,243.5,0.0,36.0
2022-11-17,spice,1456.0,1440.0,0.0,16.0
2022-11-17,chicken_nuggets,5947.0,5577.0,0.0,370.0
2022-11-17,chicken_strips,10572.0,10526.0,0.0,46.0
2022-11-17,flat_bread,283.5,275.5,0.0,8.0
2022-11-17,mixed_greens,497.0,455.0,0.0,42.0
2022-11-17,shredded_monterey_jack,738.0,720.0,0.0,18.0
2022-11-17,waffle_fries,22549.88000000001,22389.300000000007,0.0,160.57999999999998
2022-11-17,roasted_corn_kernels,272.0,267.0,0.0,5.0
2022-11-17,crumbled_bacon,272.0,267.0,0.0,5.0
2022-11-17,avacado_lime_dressing,1322.0,1317.0,0.0,5.0
2022-11-17,red_bell_pepers,1147.0,1142.0,0.0,5.0
2022-11-17,grape tomatoes,485.0,460.0,0.0,25.0
2022-11-17,hard_boiled_egg,359.5,354.5,0.0,5.0
2022-11-17,blue_cheese,652.0,619.0,0.0,33.0
2022-11-17,apples,652.0,619.0,0.0,33.0
2022-11-17,strawberries,652.0,619.0,0.0,33.0
2022-11-17,blueberries,652.0,619.0,0.0,33.0
2022-11-17,harvest_nut_granola,652.0,619.0,0.0,33.0
2022-11-17,zesty_apple_vinagrette,652.0,619.0,0.0,33.0
2022-11-17,chicken_tenders,13372.0,13368.0,0.0,4.0
2022-11-17,biscuit,621.0,588.0,0.0,33.0
2022-11-17,chicken_mini_bread,2694.0,2658.0,0.0,36.0
2022-11-17,butter,691.0,689.0,0.0,2.0
2022-11-17,bacon,881.0,870.0,0.0,11.0
2022-11-17,tortilla,270.0,265.0,0.0,5.0
2022-11-17,eggs,136.0,115.0,0.0,21.0
2022-11-17,sausage,219.0,215.0,0.0,4.0
2022-11-17,bagel,147.0,134.0,0.0,13.0
2022-11-17,oatmeal,263.0,237.0,0.0,26.0
2022-11-17,fruit,92.0,407.0,350.0,35.0
2022-11-17,cream_cheese,241.0,235.0,0.0,6.0
2022-11-17,hash_brown,1132.0,1118.0,0.0,14.0
2022-11-17,yogurt_parfait,181.0,180.0,0.0,1.0
2022-11-17,cinamon_cluster,123.0,111.0,0.0,12.0
2022-11-17,lemonade,2994.599999999995,2940.199999999995,0.0,54.400000000000006
2022-11-17,straw,19298.0,19065.0,0.0,233.0
2022-11-17,small_drink_cup,5942.0,5906.0,0.0,36.0
2022-11-17,medium_drink_cup,1126.0,4463.0,3500.0,163.0
2022-11-17,large_drink_cup,5230.0,5196.0,0.0,34.0
2022-11-17,lemonade_diet,3396.3999999999974,3363.2999999999975,0.0,33.1
2022-11-17,ice_tea_unsweet,4784.799999999988,4772.699999999988,0.0,12.100000000000001
2022-11-17,ice_tea_sweet,6033.799999999997,5986.599999999998,0.0,47.2
2022-11-17,soft_drink,21793.0,21641.4,0.0,151.6
2022-11-17,dasani_water_bottle,1027.0,1027.0,0.0,0.0
2022-11-17,orange_juice_bottle,905.0,905.0,0.0,0.0
2022-11-17,apple_juice,1003.0,999.0,0.0,4.0
2022-11-17,ice_coffee,397.0,370.75,0.0,26.25
2022-11-17,coffee,364.0,351.0,0.0,13.0
2022-11-17,Coffee_box,161.0,152.0,0.0,9.0
2022-11-17,milk_chocolate,784.0,779.0,0.0,5.0
2022-11-17,milk,242.0,208.0,0.0,34.0
2022-11-17,icecream,250.0,189.0,0.0,61.0
2022-11-17,vanilla_flavor,680.0,670.0,0.0,10.0
2022-11-17,cream_flavor,684.0,678.0,0.0,6.0
2022-11-17,chunk_cookie,567.0,504.0,0.0,63.0
2022-11-17,chocolate_flavor,352.0,351.0,0.0,1.0
2022-11-17,strawberry_flavor,720.0,715.0,0.0,5.0
2022-11-17,frosted_extract,336.0,325.0,0.0,11.0
2022-11-17,icecream_cone,344.0,336.0,0.0,8.0
2022-11-17,icecream_come,284.0,275.0,0.0,9.0
2022-11-17,icecream_topping,148.0,145.0,0.0,3.0
2022-11-17,to_go_bag,16824.0,16721.0,0.0,103.0
2022-11-17,napkins,21120.0,20605.0,0.0,515.0
2022-11-17,ketchup,6680.0,6660.0,0.0,20.0
2022-11-17,ranch,6596.0,6593.0,0.0,3.0
2022-11-17,buffalo_sauce,6984.0,6971.0,0.0,13.0
2022-11-17,bbq_sauce,6904.0,6896.0,0.0,8.0
2022-11-17,polyneasian,6764.0,6761.0,0.0,3.0
2022-11-17,chickfala,6634.0,6634.0,0.0,0.0
2022-11-17,silverware,6726.0,6726.0,0.0,0.0
2022-11-18,fried_batter,1010.6000000000007,861.2000000000007,0.0,149.39999999999998
2022-11-18,bun,197.0,150.0,0.0,47.0
2022-11-18,chicken_patty,791.0,711.0,0.0,80.0
2022-11-18,pickle_chips,1116.0,975.0,0.0,141.0
2022-11-18,lettuce,222.0,166.0,0.0,56.0
2022-11-18,tomato,222.0,166.0,0.0,56.0
2022-11-18,cheese,207.5,150.5,0.0,57.0
2022-11-18,spice,1424.0,1382.0,0.0,42.0
2022-11-18,chicken_nuggets,5207.0,4660.5,0.0,546.5
2022-11-18,chicken_strips,10480.0,10419.0,0.0,61.0
2022-11-18,flat_bread,267.5,258.5,0.0,9.0
2022-11-18,mixed_greens,413.0,375.5,0.0,37.5
2022-11-18,shredded_monterey_jack,702.0,688.0,0.0,14.0
2022-11-18,waffle_fries,22228.720000000005,22062.920000000006,0.0,165.8
2022-11-18,roasted_corn_kernels,262.0,261.0,0.0,1.0
2022-11-18,crumbled_bacon,262.0,261.0,0.0,1.0
2022-11-18,avacado_lime_dressing,1312.0,1311.0,0.0,1.0
2022-11-18,red_bell_pepers,1137.0,1136.0,0.0,1.0
2022-11-18,grape tomatoes,435.0,430.0,0.0,5.0
2022-11-18,hard_boiled_egg,349.5,348.5,0.0,1.0
2022-11-18,blue_cheese,586.0,554.0,0.0,32.0
2022-11-18,apples,586.0,554.0,0.0,32.0
2022-11-18,strawberries,586.0,554.0,0.0,32.0
2022-11-18,blueberries,586.0,554.0,0.0,32.0
2022-11-18,harvest_nut_granola,586.0,554.0,0.0,32.0
2022-11-18,zesty_apple_vinagrette,586.0,554.0,0.0,32.0
2022-11-18,chicken_tenders,13364.0,13356.0,0.0,8.0
2022-11-18,biscuit,555.0,509.0,0.0,46.0
2022-11-18,chicken_mini_bread,2622.0,2574.0,0.0,48.0
2022-11-18,butter,687.0,684.5,0.0,2.5
2022-11-18,bacon,859.0,845.0,0.0,14.0
2022-11-18,tortilla,260.0,256.0,0.0,4.0
2022-11-18,eggs,94.0,411.0,350.0,33.0
2022-11-18,sausage,211.0,203.0,0.0,8.0
2022-11-18,bagel,121.0,101.0,0.0,20.0
2022-11-18,oatmeal,211.0,202.0,0.0,9.0
2022-11-18,fruit,722.0,686.0,0.0,36.0
2022-11-18,cream_cheese,229.0,222.0,0.0,7.0
2022-11-18,hash_brown,1104.0,1101.0,0.0,3.0
2022-11-18,yogurt_parfait,179.0,167.0,0.0,12.0
2022-11-18,cinamon_cluster,99.0,79.0,0.0,20.0
2022-11-18,lemonade,2885.7999999999947,2765.199999999995,0.0,120.60000000000002
2022-11-18,straw,18832.0,18567.0,0.0,265.0
2022-11-18,small_drink_cup,5870.0,5821.0,0.0,49.0
2022-11-18,medium_drink_cup,7800.0,7613.0,0.0,187.0
2022-11-18,large_drink_cup,5162.0,5133.0,0.0,29.0
2022-11-18,lemonade_diet,3330.1999999999975,3316.0999999999976,0.0,14.099999999999998
2022-11-18,ice_tea_unsweet,4760.599999999988,4738.599999999988,0.0,22.0
2022-11-18,ice_tea_sweet,5939.399999999998,5908.299999999997,0.0,31.1
2022-11-18,soft_drink,21489.800000000003,21330.700000000004,0.0,159.10000000000002
2022-11-18,dasani_water_bottle,1027.0,1026.0,0.0,1.0
2022-11-18,orange_juice_bottle,905.0,898.0,0.0,7.0
2022-11-18,apple_juice,995.0,995.0,0.0,0.0
2022-11-18,ice_coffee,344.5,327.25,0.0,17.25
2022-11-18,coffee,338.0,321.75,0.0,16.25
2022-11-18,Coffee_box,143.0,140.0,0.0,3.0
2022-11-18,milk_chocolate,774.0,763.0,0.0,11.0
2022-11-18,milk,174.0,135.0,0.0,39.0
2022-11-18,icecream,128.0,389.0,350.0,89.0
2022-11-18,vanilla_flavor,660.0,656.0,0.0,4.0
2022-11-18,cream_flavor,672.0,659.0,0.0,13.0
2022-11-18,chunk_cookie,441.0,390.5,0.0,50.5
2022-11-18,chocolate_flavor,350.0,342.0,0.0,8.0
2022-11-18,strawberry_flavor,710.0,701.0,0.0,9.0
2022-11-18,frosted_extract,314.0,302.0,0.0,12.0
2022-11-18,icecream_cone,328.0,313.0,0.0,15.0
2022-11-18,icecream_come,266.0,260.0,0.0,6.0
2022-11-18,icecream_topping,142.0,142.0,0.0,0.0
2022-11-18,to_go_bag,16618.0,16494.0,0.0,124.0
2022-11-18,napkins,20090.0,19470.0,0.0,620.0
2022-11-18,ketchup,6640.0,6634.0,0.0,6.0
2022-11-18,ranch,6590.0,6583.0,0.0,7.0
2022-11-18,buffalo_sauce,6958.0,6950.0,0.0,8.0
2022-11-18,bbq_sauce,6888.0,6880.0,0.0,8.0
2022-11-18,polyneasian,6758.0,6751.0,0.0,7.0
2022-11-18,chickfala,6634.0,6621.0,0.0,13.0
2022-11-18,silverware,6726.0,6722.0,0.0,4.0
2022-11-19,fried_batter,711.8000000000008,608.0000000000007,0.0,103.80000000000001
2022-11-19,bun,103.0,566.0,525.0,62.0
2022-11-19,chicken_patty,631.0,548.5,0.0,82.5
2022-11-19,pickle_chips,834.0,648.0,0.0,186.0
2022-11-19,lettuce,110.0,400.0,350.0,60.0
2022-11-19,tomato,110.0,400.0,350.0,60.0
2022-11-19,cheese,93.5,307.0,262.5,49.0
2022-11-19,spice,1340.0,1319.0,0.0,21.0
2022-11-19,chicken_nuggets,4114.0,3770.5,0.0,343.5
2022-11-19,chicken_strips,10358.0,10296.0,0.0,62.0
2022-11-19,flat_bread,249.5,240.5,0.0,9.0
2022-11-19,mixed_greens,338.0,289.5,0.0,48.5
2022-11-19,shredded_monterey_jack,674.0,648.0,0.0,26.0
2022-11-19,waffle_fries,21897.120000000006,21766.420000000006,0.0,130.7
2022-11-19,roasted_corn_kernels,260.0,249.0,0.0,11.0
2022-11-19,crumbled_bacon,260.0,249.0,0.0,11.0
2022-11-19,avacado_lime_dressing,1310.0,1299.0,0.0,11.0
2022-11-19,red_bell_pepers,1135.0,1124.0,0.0,11.0
2022-11-19,grape tomatoes,425.0,370.0,0.0,55.0
2022-11-19,hard_boiled_egg,347.5,336.5,0.0,11.0
2022-11-19,blue_cheese,522.0,489.0,0.0,33.0
2022-11-19,apples,522.0,489.0,0.0,33.0
2022-11-19,strawberries,522.0,489.0,0.0,33.0
2022-11-19,blueberries,522.0,489.0,0.0,33.0
2022-11-19,harvest_nut_granola,522.0,489.0,0.0,33.0
2022-11-19,zesty_apple_vinagrette,522.0,489.0,0.0,33.0
2022-11-19,chicken_tenders,13348.0,13342.0,0.0,6.0
2022-11-19,biscuit,463.0,433.0,0.0,30.0
2022-11-19,chicken_mini_bread,2526.0,2517.0,0.0,9.0
2022-11-19,butter,682.0,680.0,0.0,2.0
2022-11-19,bacon,831.0,827.0,0.0,4.0
2022-11-19,tortilla,252.0,246.0,0.0,6.0
2022-11-19,eggs,728.0,703.0,0.0,25.0
2022-11-19,sausage,195.0,190.0,0.0,5.0
2022-11-19,bagel,81.0,218.0,175.0,38.0
2022-11-19,oatmeal,193.0,182.0,0.0,11.0
2022-11-19,fruit,650.0,626.5,0.0,23.5
2022-11-19,cream_cheese,215.0,204.0,0.0,11.0
2022-11-19,hash_brown,1098.0,1095.0,0.0,3.0
2022-11-19,yogurt_parfait,155.0,148.0,0.0,7.0
2022-11-19,cinamon_cluster,59.0,57.0,0.0,2.0
2022-11-19,lemonade,2644.599999999995,2553.199999999995,0.0,91.4
2022-11-19,straw,18302.0,18070.0,0.0,232.0
2022-11-19,small_drink_cup,5772.0,5729.0,0.0,43.0
2022-11-19,medium_drink_cup,7426.0,7275.0,0.0,151.0
2022-11-19,large_drink_cup,5104.0,5066.0,0.0,38.0
2022-11-19,lemonade_diet,3301.9999999999977,3280.399999999998,0.0,21.6
2022-11-19,ice_tea_unsweet,4716.599999999988,4704.099999999988,0.0,12.5
2022-11-19,ice_tea_sweet,5877.199999999997,5836.499999999997,0.0,40.7
2022-11-19,soft_drink,21171.600000000006,21023.900000000005,0.0,147.70000000000002
2022-11-19,dasani_water_bottle,1025.0,1015.0,0.0,10.0
2022-11-19,orange_juice_bottle,891.0,869.0,0.0,22.0
2022-11-19,apple_juice,995.0,992.0,0.0,3.0
2022-11-19,ice_coffee,310.0,292.75,0.0,17.25
2022-11-19,coffee,305.5,1321.25,1050.0,34.25
2022-11-19,Coffee_box,137.0,133.0,0.0,4.0
2022-11-19,milk_chocolate,752.0,743.0,0.0,9.0
2022-11-19,milk,96.0,389.0,350.0,57.0
2022-11-19,icecream,650.0,523.0,0.0,127.0
2022-11-19,vanilla_flavor,652.0,640.0,0.0,12.0
2022-11-19,cream_flavor,646.0,631.0,0.0,15.0
2022-11-19,chunk_cookie,340.0,311.5,0.0,28.5
2022-11-19,chocolate_flavor,334.0,319.0,0.0,15.0
2022-11-19,strawberry_flavor,692.0,680.0,0.0,12.0
2022-11-19,frosted_extract,290.0,282.0,0.0,8.0
2022-11-19,icecream_cone,298.0,292.0,0.0,6.0
2022-11-19,icecream_come,254.0,241.0,0.0,13.0
2022-11-19,icecream_topping,142.0,137.0,0.0,5.0
2022-11-19,to_go_bag,16370.0,16261.0,0.0,109.0
2022-11-19,napkins,18850.0,18305.0,0.0,545.0
2022-11-19,ketchup,6628.0,6613.0,0.0,15.0
2022-11-19,ranch,6576.0,6573.0,0.0,3.0
2022-11-19,buffalo_sauce,6942.0,6941.0,0.0,1.0
2022-11-19,bbq_sauce,6872.0,6857.0,0.0,15.0
2022-11-19,polyneasian,6744.0,6736.0,0.0,8.0
2022-11-19,chickfala,6608.0,6600.0,0.0,8.0
2022-11-19,silverware,6718.0,6711.0,0.0,7.0
2022-11-21,fried_batter,504.20000000000067,376.80000000000064,0.0,127.4
2022-11-21,bun,1029.0,995.0,0.0,34.0
2022-11-21,chicken_patty,466.0,403.5,0.0,62.5
2022-11-21,pickle_chips,462.0,2110.0,1750.0,102.0
2022-11-21,lettuce,690.0,656.0,0.0,34.0
2022-11-21,tomato,690.0,656.0,0.0,34.0
2022-11-21,cheese,520.5,488.5,0.0,32.0
2022-11-21,spice,1298.0,1267.0,0.0,31.0
2022-11-21,chicken_nuggets,3427.0,2968.0,0.0,459.0
2022-11-21,chicken_strips,10234.0,10195.0,0.0,39.0
2022-11-21,flat_bread,231.5,221.5,0.0,10.0
2022-11-21,mixed_greens,241.0,873.0,700.0,68.0
2022-11-21,shredded_monterey_jack,622.0,603.0,0.0,19.0
2022-11-21,waffle_fries,21635.720000000005,21495.300000000007,0.0,140.42
2022-11-21,roasted_corn_kernels,238.0,230.0,0.0,8.0
2022-11-21,crumbled_bacon,238.0,230.0,0.0,8.0
2022-11-21,avacado_lime_dressing,1288.0,1280.0,0.0,8.0
2022-11-21,red_bell_pepers,1113.0,1105.0,0.0,8.0
2022-11-21,grape tomatoes,315.0,275.0,0.0,40.0
2022-11-21,hard_boiled_egg,325.5,317.5,0.0,8.0
2022-11-21,blue_cheese,456.0,401.0,0.0,55.0
2022-11-21,apples,456.0,401.0,0.0,55.0
2022-11-21,strawberries,456.0,401.0,0.0,55.0
2022-11-21,blueberries,456.0,401.0,0.0,55.0
2022-11-21,harvest_nut_granola,456.0,401.0,0.0,55.0
2022-11-21,zesty_apple_vinagrette,456.0,401.0,0.0,55.0
2022-11-21,chicken_tenders,13336.0,13314.0,0.0,22.0
2022-11-21,biscuit,403.0,367.0,0.0,36.0
2022-11-21,chicken_mini_bread,2508.0,2433.0,0.0,75.0
2022-11-21,butter,678.0,675.5,0.0,2.5
2022-11-21,bacon,823.0,816.0,0.0,7.0
2022-11-21,tortilla,240.0,239.0,0.0,1.0
2022-11-21,eggs,678.0,662.0,0.0,16.0
2022-11-21,sausage,185.0,181.0,0.0,4.0
2022-11-21,bagel,355.0,342.0,0.0,13.0
2022-11-21,oatmeal,171.0,150.0,0.0,21.0
2022-11-21,fruit,603.0,582.0,0.0,21.0
2022-11-21,cream_cheese,193.0,193.0,0.0,0.0
2022-11-21,hash_brown,1092.0,1083.0,0.0,9.0
2022-11-21,yogurt_parfait,141.0,135.0,0.0,6.0
2022-11-21,cinamon_cluster,55.0,213.0,175.0,17.0
2022-11-21,lemonade,2461.7999999999947,2419.3999999999946,0.0,42.4
2022-11-21,straw,17838.0,17582.0,0.0,256.0
2022-11-21,small_drink_cup,5686.0,5637.0,0.0,49.0
2022-11-21,medium_drink_cup,7124.0,6965.0,0.0,159.0
2022-11-21,large_drink_cup,5028.0,4980.0,0.0,48.0
2022-11-21,lemonade_diet,3258.799999999998,3235.599999999998,0.0,23.2
2022-11-21,ice_tea_unsweet,4691.599999999988,4656.599999999988,0.0,35.0
2022-11-21,ice_tea_sweet,5795.799999999997,5731.199999999997,0.0,64.60000000000001
2022-11-21,soft_drink,20876.200000000004,20716.900000000005,0.0,159.3
2022-11-21,dasani_water_bottle,1005.0,1004.0,0.0,1.0
2022-11-21,orange_juice_bottle,847.0,840.0,0.0,7.0
2022-11-21,apple_juice,989.0,983.0,0.0,6.0
2022-11-21,ice_coffee,275.5,254.75,0.0,20.75
2022-11-21,coffee,2337.0,2320.0,0.0,17.0
2022-11-21,Coffee_box,129.0,116.0,0.0,13.0
2022-11-21,milk_chocolate,734.0,720.0,0.0,14.0
2022-11-21,milk,682.0,657.0,0.0,25.0
2022-11-21,icecream,396.0,342.0,0.0,54.0
2022-11-21,vanilla_flavor,628.0,627.0,0.0,1.0
2022-11-21,cream_flavor,616.0,603.0,0.0,13.0
2022-11-21,chunk_cookie,283.0,201.5,0.0,81.5
2022-11-21,chocolate_flavor,304.0,302.0,0.0,2.0
2022-11-21,strawberry_flavor,668.0,663.0,0.0,5.0
2022-11-21,frosted_extract,274.0,274.0,0.0,0.0
2022-11-21,icecream_cone,286.0,284.0,0.0,2.0
2022-11-21,icecream_come,228.0,218.0,0.0,10.0
2022-11-21,icecream_topping,132.0,127.0,0.0,5.0
2022-11-21,to_go_bag,16152.0,16041.0,0.0,111.0
2022-11-21,napkins,17760.0,17205.0,0.0,555.0
2022-11-21,ketchup,6598.0,6585.0,0.0,13.0
2022-11-21,ranch,6570.0,6563.0,0.0,7.0
2022-11-21,buffalo_sauce,6940.0,6930.0,0.0,10.0
2022-11-21,bbq_sauce,6842.0,6831.0,0.0,11.0
2022-11-21,polyneasian,6728.0,6710.0,0.0,18.0
2022-11-21,chickfala,6592.0,6592.0,0.0,0.0
2022-11-21,silverware,6704.0,6690.0,0.0,14.0
2022-11-22,fried_batter,249.40000000000063,627.2000000000007,525.0,147.2
2022-11-22,bun,961.0,910.0,0.0,51.0
2022-11-22,chicken_patty,341.0,253.5,0.0,87.5
2022-11-22,pickle_chips,3758.0,3605.0,0.0,153.0
2022-11-22,lettuce,622.0,590.0,0.0,32.0
2022-11-22,tomato,622.0,590.0,0.0,32.0
2022-11-22,cheese,456.5,424.5,0.0,32.0
2022-11-22,spice,1236.0,1203.0,0.0,33.0
2022-11-22,chicken_nuggets,2509.0,2009.5,0.0,499.5
2022-11-22,chicken_strips,10156.0,10114.0,0.0,42.0
2022-11-22,flat_bread,211.5,204.5,0.0,7.0
2022-11-22,mixed_greens,1505.0,1430.5,0.0,74.5
2022-11-22,shredded_monterey_jack,584.0,559.0,0.0,25.0
2022-11-22,waffle_fries,21354.88000000001,21194.860000000008,0.0,160.02
2022-11-22,roasted_corn_kernels,222.0,218.0,0.0,4.0
2022-11-22,crumbled_bacon,222.0,218.0,0.0,4.0
2022-11-22,avacado_lime_dressing,1272.0,1268.0,0.0,4.0
2022-11-22,red_bell_pepers,1097.0,1093.0,0.0,4.0
2022-11-22,grape tomatoes,235.0,1090.0,875.0,20.0
2022-11-22,hard_boiled_egg,309.5,305.5,0.0,4.0
2022-11-22,blue_cheese,346.0,279.0,0.0,67.0
2022-11-22,apples,346.0,279.0,0.0,67.0
2022-11-22,strawberries,346.0,279.0,0.0,67.0
2022-11-22,blueberries,346.0,279.0,0.0,67.0
2022-11-22,harvest_nut_granola,346.0,279.0,0.0,67.0
2022-11-22,zesty_apple_vinagrette,346.0,279.0,0.0,67.0
2022-11-22,chicken_tenders,13292.0,13280.0,0.0,12.0
2022-11-22,biscuit,331.0,294.0,0.0,37.0
2022-11-22,chicken_mini_bread,2358.0,2322.0,0.0,36.0
2022-11-22,butter,673.0,670.25,0.0,2.75
2022-11-22,bacon,809.0,803.0,0.0,6.0
2022-11-22,tortilla,238.0,224.0,0.0,14.0
2022-11-22,eggs,646.0,616.0,0.0,30.0
2022-11-22,sausage,177.0,168.0,0.0,9.0
2022-11-22,bagel,329.0,313.0,0.0,16.0
2022-11-22,oatmeal,129.0,116.0,0.0,13.0
2022-11-22,fruit,561.0,528.5,0.0,32.5
2022-11-22,cream_cheese,193.0,178.0,0.0,15.0
2022-11-22,hash_brown,1074.0,1072.0,0.0,2.0
2022-11-22,yogurt_parfait,129.0,113.0,0.0,16.0
2022-11-22,cinamon_cluster,371.0,361.0,0.0,10.0
2022-11-22,lemonade,2376.9999999999945,2331.4999999999945,0.0,45.5
2022-11-22,straw,17326.0,17075.0,0.0,251.0
2022-11-22,small_drink_cup,5588.0,5524.0,0.0,64.0
2022-11-22,medium_drink_cup,6806.0,6648.0,0.0,158.0
2022-11-22,large_drink_cup,4932.0,4903.0,0.0,29.0
2022-11-22,lemonade_diet,3212.3999999999983,3183.1999999999985,0.0,29.200000000000003
2022-11-22,ice_tea_unsweet,4621.599999999988,4601.299999999987,0.0,20.3
2022-11-22,ice_tea_sweet,5666.599999999997,5617.399999999997,0.0,49.2
2022-11-22,soft_drink,20557.600000000006,20409.600000000006,0.0,148.0
2022-11-22,dasani_water_bottle,1003.0,999.0,0.0,4.0
2022-11-22,orange_juice_bottle,833.0,821.0,0.0,12.0
2022-11-22,apple_juice,977.0,968.0,0.0,9.0
2022-11-22,ice_coffee,234.0,218.25,0.0,15.75
2022-11-22,coffee,2303.0,2278.25,0.0,24.75
2022-11-22,Coffee_box,103.0,95.0,0.0,8.0
2022-11-22,milk_chocolate,706.0,693.0,0.0,13.0
2022-11-22,milk,632.0,594.0,0.0,38.0
2022-11-22,icecream,288.0,215.0,0.0,73.0
2022-11-22,vanilla_flavor,626.0,616.0,0.0,10.0
2022-11-22,cream_flavor,590.0,578.0,0.0,12.0
2022-11-22,chunk_cookie,120.0,430.0,350.0,40.0
2022-11-22,chocolate_flavor,300.0,298.0,0.0,2.0
2022-11-22,strawberry_flavor,658.0,654.0,0.0,4.0
2022-11-22,frosted_extract,274.0,263.0,0.0,11.0
2022-11-22,icecream_cone,282.0,275.0,0.0,7.0
2022-11-22,icecream_come,208.0,198.0,0.0,10.0
2022-11-22,icecream_topping,122.0,122.0,0.0,0.0
2022-11-22,to_go_bag,15930.0,15805.0,0.0,125.0
2022-11-22,napkins,16650.0,16025.0,0.0,625.0
2022-11-22,ketchup,6572.0,6564.0,0.0,8.0
2022-11-22,ranch,6556.0,6556.0,0.0,0.0
2022-11-22,buffalo_sauce,6920.0,6916.0,0.0,4.0
2022-11-22,bbq_sauce,6820.0,6815.0,0.0,5.0
2022-11-22,polyneasian,6692.0,6688.0,0.0,4.0
2022-11-22,chickfala,6592.0,6576.0,0.0,16.0
2022-11-22,silverware,6676.0,6675.0,0.0,1.0
2022-11-23,fried_batter,1005.0000000000007,847.2000000000007,0.0,157.8
2022-11-23,bun,859.0,804.0,0.0,55.0
2022-11-23,chicken_patty,166.0,756.5,700.0,109.5
2022-11-23,pickle_chips,3452.0,3287.0,0.0,165.0
2022-11-23,lettuce,558.0,504.0,0.0,54.0
2022-11-23,tomato,558.0,504.0,0.0,54.0
2022-11-23,cheese,392.5,336.5,0.0,56.0
2022-11-23,spice,1170.0,1138.0,0.0,32.0
2022-11-23,chicken_nuggets,1510.0,8042.5,7000.0,467.5
2022-11-23,chicken_strips,10072.0,10029.0,0.0,43.0
2022-11-23,flat_bread,197.5,190.5,0.0,7.0
2022-11-23,mixed_greens,1356.0,1285.5,0.0,70.5
2022-11-23,shredded_monterey_jack,534.0,508.0,0.0,26.0
2022-11-23,waffle_fries,21034.840000000007,20888.800000000007,0.0,146.04000000000002
2022-11-23,roasted_corn_kernels,214.0,202.0,0.0,12.0
2022-11-23,crumbled_bacon,214.0,202.0,0.0,12.0
2022-11-23,avacado_lime_dressing,1264.0,1252.0,0.0,12.0
2022-11-23,red_bell_pepers,1089.0,1077.0,0.0,12.0
2022-11-23,grape tomatoes,1945.0,1885.0,0.0,60.0
2022-11-23,hard_boiled_egg,301.5,289.5,0.0,12.0
2022-11-23,blue_cheese,212.0,157.0,0.0,55.0
2022-11-23,apples,212.0,157.0,0.0,55.0
2022-11-23,strawberries,212.0,157.0,0.0,55.0
2022-11-23,blueberries,212.0,157.0,0.0,55.0
2022-11-23,harvest_nut_granola,212.0,157.0,0.0,55.0
2022-11-23,zesty_apple_vinagrette,212.0,157.0,0.0,55.0
2022-11-23,chicken_tenders,13268.0,13262.0,0.0,6.0
2022-11-23,biscuit,257.0,214.0,0.0,43.0
2022-11-23,chicken_mini_bread,2286.0,2229.0,0.0,57.0
2022-11-23,butter,667.5,665.5,0.0,2.0
2022-11-23,bacon,797.0,787.0,0.0,10.0
2022-11-23,tortilla,210.0,203.0,0.0,7.0
2022-11-23,eggs,586.0,550.0,0.0,36.0
2022-11-23,sausage,159.0,149.0,0.0,10.0
2022-11-23,bagel,297.0,273.0,0.0,24.0
2022-11-23,oatmeal,103.0,102.0,0.0,1.0
2022-11-23,fruit,496.0,488.5,0.0,7.5
2022-11-23,cream_cheese,163.0,148.0,0.0,15.0
2022-11-23,hash_brown,1070.0,1066.0,0.0,4.0
2022-11-23,yogurt_parfait,97.0,93.0,0.0,4.0
2022-11-23,cinamon_cluster,351.0,336.0,0.0,15.0
2022-11-23,lemonade,2285.9999999999945,2241.1999999999944,0.0,44.800000000000004
2022-11-23,straw,16824.0,16605.0,0.0,219.0
2022-11-23,small_drink_cup,5460.0,5434.0,0.0,26.0
2022-11-23,medium_drink_cup,6490.0,6332.0,0.0,158.0
2022-11-23,large_drink_cup,4874.0,4839.0,0.0,35.0
2022-11-23,lemonade_diet,3153.9999999999986,3126.3999999999987,0.0,27.6
2022-11-23,ice_tea_unsweet,4580.999999999987,4560.499999999987,0.0,20.5
2022-11-23,ice_tea_sweet,5568.199999999997,5514.399999999997,0.0,53.8
2022-11-23,soft_drink,20261.600000000006,20118.900000000005,0.0,142.7
2022-11-23,dasani_water_bottle,995.0,990.0,0.0,5.0
2022-11-23,orange_juice_bottle,809.0,800.0,0.0,9.0
2022-11-23,apple_juice,959.0,956.0,0.0,3.0
2022-11-23,ice_coffee,202.5,186.0,0.0,16.5
2022-11-23,coffee,2253.5,2233.5,0.0,20.0
2022-11-23,Coffee_box,87.0,84.0,0.0,3.0
2022-11-23,milk_chocolate,680.0,669.0,0.0,11.0
2022-11-23,milk,556.0,505.0,0.0,51.0
2022-11-23,icecream,142.0,399.0,350.0,93.0
2022-11-23,vanilla_flavor,606.0,602.0,0.0,4.0
2022-11-23,cream_flavor,566.0,551.0,0.0,15.0
2022-11-23,chunk_cookie,740.0,666.5,0.0,73.5
2022-11-23,chocolate_flavor,296.0,284.0,0.0,12.0
2022-11-23,strawberry_flavor,650.0,642.0,0.0,8.0
2022-11-23,frosted_extract,252.0,246.0,0.0,6.0
2022-11-23,icecream_cone,268.0,267.0,0.0,1.0
2022-11-23,icecream_come,188.0,174.0,0.0,14.0
2022-11-23,icecream_topping,122.0,115.0,0.0,7.0
2022-11-23,to_go_bag,15680.0,15561.0,0.0,119.0
2022-11-23,napkins,15400.0,14805.0,0.0,595.0
2022-11-23,ketchup,6556.0,6552.0,0.0,4.0
2022-11-23,ranch,6556.0,6549.0,0.0,7.0
2022-11-23,buffalo_sauce,6912.0,6907.0,0.0,5.0
2022-11-23,bbq_sauce,6810.0,6798.0,0.0,12.0
2022-11-23,polyneasian,6684.0,6676.0,0.0,8.0
2022-11-23,chickfala,6560.0,6548.0,0.0,12.0
2022-11-23,silverware,6674.0,6661.0,0.0,13.0
2022-11-24,fried_batter,689.4000000000008,524.6000000000008,0.0,164.8
2022-11-24,bun,749.0,694.0,0.0,55.0
2022-11-24,chicken_patty,1347.0,1254.0,0.0,93.0
2022-11-24,pickle_chips,3122.0,2957.0,0.0,165.0
2022-11-24,lettuce,450.0,420.0,0.0,30.0
2022-11-24,tomato,450.0,420.0,0.0,30.0
2022-11-24,cheese,280.5,230.5,0.0,50.0
2022-11-24,spice,1106.0,1068.0,0.0,38.0
2022-11-24,chicken_nuggets,14575.0,14059.0,0.0,516.0
2022-11-24,chicken_strips,9986.0,9929.0,0.0,57.0
2022-11-24,flat_bread,183.5,181.5,0.0,2.0
2022-11-24,mixed_greens,1215.0,1160.0,0.0,55.0
2022-11-24,shredded_monterey_jack,482.0,463.0,0.0,19.0
2022-11-24,waffle_fries,20742.760000000006,20600.220000000005,0.0,142.54
2022-11-24,roasted_corn_kernels,190.0,183.0,0.0,7.0
2022-11-24,crumbled_bacon,190.0,183.0,0.0,7.0
2022-11-24,avacado_lime_dressing,1240.0,1233.0,0.0,7.0
2022-11-24,red_bell_pepers,1065.0,1058.0,0.0,7.0
2022-11-24,grape tomatoes,1825.0,1790.0,0.0,35.0
2022-11-24,hard_boiled_egg,277.5,270.5,0.0,7.0
2022-11-24,blue_cheese,102.0,405.0,350.0,47.0
2022-11-24,apples,102.0,405.0,350.0,47.0
2022-11-24,strawberries,102.0,405.0,350.0,47.0
2022-11-24,blueberries,102.0,405.0,350.0,47.0
2022-11-24,harvest_nut_granola,102.0,405.0,350.0,47.0
2022-11-24,zesty_apple_vinagrette,102.0,405.0,350.0,47.0
2022-11-24,chicken_tenders,13256.0,13230.0,0.0,26.0
2022-11-24,biscuit,171.0,644.0,525.0,52.0
2022-11-24,chicken_mini_bread,2172.0,2124.0,0.0,48.0
2022-11-24,butter,663.5,660.5,0.0,3.0
2022-11-24,bacon,777.0,768.0,0.0,9.0
2022-11-24,tortilla,196.0,186.0,0.0,10.0
2022-11-24,eggs,514.0,469.0,0.0,45.0
2022-11-24,sausage,139.0,124.0,0.0,15.0
2022-11-24,bagel,249.0,232.0,0.0,17.0
2022-11-24,oatmeal,101.0,96.0,0.0,5.0
2022-11-24,fruit,481.0,461.5,0.0,19.5
2022-11-24,cream_cheese,133.0,133.0,0.0,0.0
2022-11-24,hash_brown,1062.0,1051.0,0.0,11.0
2022-11-24,yogurt_parfait,89.0,86.0,0.0,3.0
2022-11-24,cinamon_cluster,321.0,314.0,0.0,7.0
2022-11-24,lemonade,2196.399999999994,2132.7999999999943,0.0,63.6
2022-11-24,straw,16386.0,16158.0,0.0,228.0
2022-11-24,small_drink_cup,5408.0,5375.0,0.0,33.0
2022-11-24,medium_drink_cup,6174.0,6006.0,0.0,168.0
2022-11-24,large_drink_cup,4804.0,4777.0,0.0,27.0
2022-11-24,lemonade_diet,3098.799999999999,3083.699999999999,0.0,15.1
2022-11-24,ice_tea_unsweet,4539.999999999987,4523.499999999987,0.0,16.5
2022-11-24,ice_tea_sweet,5460.599999999997,5428.899999999997,0.0,31.700000000000003
2022-11-24,soft_drink,19976.200000000004,19839.000000000004,0.0,137.2
2022-11-24,dasani_water_bottle,985.0,979.0,0.0,6.0
2022-11-24,orange_juice_bottle,791.0,791.0,0.0,0.0
2022-11-24,apple_juice,953.0,947.0,0.0,6.0
2022-11-24,ice_coffee,169.5,150.0,0.0,19.5
2022-11-24,coffee,2213.5,2174.25,0.0,39.25
2022-11-24,Coffee_box,81.0,72.0,0.0,9.0
2022-11-24,milk_chocolate,658.0,651.0,0.0,7.0
2022-11-24,milk,454.0,409.0,0.0,45.0
2022-11-24,icecream,656.0,581.0,0.0,75.0
2022-11-24,vanilla_flavor,598.0,589.0,0.0,9.0
2022-11-24,cream_flavor,536.0,524.0,0.0,12.0
2022-11-24,chunk_cookie,593.0,476.0,0.0,117.0
2022-11-24,chocolate_flavor,272.0,265.0,0.0,7.0
2022-11-24,strawberry_flavor,634.0,629.0,0.0,5.0
2022-11-24,frosted_extract,240.0,239.0,0.0,1.0
2022-11-24,icecream_cone,266.0,261.0,0.0,5.0
2022-11-24,icecream_come,160.0,156.0,0.0,4.0
2022-11-24,icecream_topping,108.0,449.0,350.0,9.0
2022-11-24,to_go_bag,15442.0,15333.0,0.0,109.0
2022-11-24,napkins,14210.0,13665.0,0.0,545.0
2022-11-24,ketchup,6548.0,6543.0,0.0,5.0
2022-11-24,ranch,6542.0,6537.0,0.0,5.0
2022-11-24,buffalo_sauce,6902.0,6902.0,0.0,0.0
2022-11-24,bbq_sauce,6786.0,6778.0,0.0,8.0
2022-11-24,polyneasian,6668.0,6665.0,0.0,3.0
2022-11-24,chickfala,6536.0,6528.0,0.0,8.0
2022-11-24,silverware,6648.0,6637.0,0.0,11.0
2022-11-25,fried_batter,359.8000000000008,204.2000000000008,0.0,155.6
2022-11-25,bun,639.0,598.0,0.0,41.0
2022-11-25,chicken_patty,1161.0,1086.0,0.0,75.0
2022-11-25,pickle_chips,2792.0,2669.0,0.0,123.0
2022-11-25,lettuce,390.0,334.0,0.0,56.0
2022-11-25,tomato,390.0,334.0,0.0,56.0
2022-11-25,cheese,180.5,140.5,0.0,40.0
2022-11-25,spice,1030.0,999.0,0.0,31.0
2022-11-25,chicken_nuggets,13543.0,13039.5,0.0,503.5
2022-11-25,chicken_strips,9872.0,9825.0,0.0,47.0
2022-11-25,flat_bread,179.5,170.5,0.0,9.0
2022-11-25,mixed_greens,1105.0,1032.5,0.0,72.5
2022-11-25,shredded_monterey_jack,444.0,421.0,0.0,23.0
2022-11-25,waffle_fries,20457.680000000004,20319.240000000005,0.0,138.44
2022-11-25,roasted_corn_kernels,176.0,165.0,0.0,11.0
2022-11-25,crumbled_bacon,176.0,165.0,0.0,11.0
2022-11-25,avacado_lime_dressing,1226.0,1215.0,0.0,11.0
2022-11-25,red_bell_pepers,1051.0,1040.0,0.0,11.0
2022-11-25,grape tomatoes,1755.0,1700.0,0.0,55.0
2022-11-25,hard_boiled_egg,263.5,252.5,0.0,11.0
2022-11-25,blue_cheese,708.0,651.0,0.0,57.0
2022-11-25,apples,708.0,651.0,0.0,57.0
2022-11-25,strawberries,708.0,651.0,0.0,57.0
2022-11-25,blueberries,708.0,651.0,0.0,57.0
2022-11-25,harvest_nut_granola,708.0,651.0,0.0,57.0
2022-11-25,zesty_apple_vinagrette,708.0,651.0,0.0,57.0
2022-11-25,chicken_tenders,13204.0,13166.0,0.0,38.0
2022-11-25,biscuit,1117.0,1080.0,0.0,37.0
2022-11-25,chicken_mini_bread,2076.0,2013.0,0.0,63.0
2022-11-25,butter,657.5,655.25,0.0,2.25
2022-11-25,bacon,759.0,758.0,0.0,1.0
2022-11-25,tortilla,176.0,173.0,0.0,3.0
2022-11-25,eggs,424.0,409.0,0.0,15.0
2022-11-25,sausage,109.0,104.0,0.0,5.0
2022-11-25,bagel,215.0,201.0,0.0,14.0
2022-11-25,oatmeal,91.0,74.0,0.0,17.0
2022-11-25,fruit,442.0,414.0,0.0,28.0
2022-11-25,cream_cheese,133.0,132.0,0.0,1.0
2022-11-25,hash_brown,1040.0,1035.0,0.0,5.0
2022-11-25,yogurt_parfait,83.0,75.0,0.0,8.0
2022-11-25,cinamon_cluster,307.0,297.0,0.0,10.0
2022-11-25,lemonade,2069.1999999999944,2000.6999999999944,0.0,68.5
2022-11-25,straw,15930.0,15710.0,0.0,220.0
2022-11-25,small_drink_cup,5342.0,5310.0,0.0,32.0
2022-11-25,medium_drink_cup,5838.0,5690.0,0.0,148.0
2022-11-25,large_drink_cup,4750.0,4710.0,0.0,40.0
2022-11-25,lemonade_diet,3068.599999999999,3028.799999999999,0.0,39.800000000000004
2022-11-25,ice_tea_unsweet,4506.999999999987,4480.499999999987,0.0,26.500000000000004
2022-11-25,ice_tea_sweet,5397.199999999997,5366.599999999997,0.0,30.599999999999998
2022-11-25,soft_drink,19701.800000000003,19575.800000000003,0.0,126.0
2022-11-25,dasani_water_bottle,973.0,970.0,0.0,3.0
2022-11-25,orange_juice_bottle,791.0,785.0,0.0,6.0
2022-11-25,apple_juice,941.0,927.0,0.0,14.0
2022-11-25,ice_coffee,130.5,118.5,0.0,12.0
2022-11-25,coffee,2135.0,2113.5,0.0,21.5
2022-11-25,Coffee_box,63.0,54.0,0.0,9.0
2022-11-25,milk_chocolate,644.0,639.0,0.0,5.0
2022-11-25,milk,364.0,332.0,0.0,32.0
2022-11-25,icecream,506.0,439.0,0.0,67.0
2022-11-25,vanilla_flavor,580.0,571.0,0.0,9.0
2022-11-25,cream_flavor,512.0,506.0,0.0,6.0
2022-11-25,chunk_cookie,359.0,354.0,0.0,5.0
2022-11-25,chocolate_flavor,258.0,255.0,0.0,3.0
2022-11-25,strawberry_flavor,624.0,610.0,0.0,14.0
2022-11-25,frosted_extract,238.0,229.0,0.0,9.0
2022-11-25,icecream_cone,256.0,254.0,0.0,2.0
2022-11-25,icecream_come,152.0,151.0,0.0,1.0
2022-11-25,icecream_topping,790.0,776.0,0.0,14.0
2022-11-25,to_go_bag,15224.0,15110.0,0.0,114.0
2022-11-25,napkins,13120.0,12550.0,0.0,570.0
2022-11-25,ketchup,6538.0,6523.0,0.0,15.0
2022-11-25,ranch,6532.0,6524.0,0.0,8.0
2022-11-25,buffalo_sauce,6902.0,6890.0,0.0,12.0
2022-11-25,bbq_sauce,6770.0,6764.0,0.0,6.0
2022-11-25,polyneasian,6662.0,6656.0,0.0,6.0
2022-11-25,chickfala,6520.0,6517.0,0.0,3.0
2022-11-25,silverware,6626.0,6620.0,0.0,6.0
2022-11-26,fried_batter,48.60000000000082,457.20000000000084,525.0,116.4
2022-11-26,bun,557.0,509.0,0.0,48.0
2022-11-26,chicken_patty,1011.0,945.0,0.0,66.0
2022-11-26,pickle_chips,2546.0,2402.0,0.0,144.0
2022-11-26,lettuce,278.0,240.0,0.0,38.0
2022-11-26,tomato,278.0,240.0,0.0,38.0
2022-11-26,cheese,100.5,324.0,262.5,39.0
2022-11-26,spice,968.0,938.0,0.0,30.0
2022-11-26,chicken_nuggets,12536.0,12212.5,0.0,323.5
2022-11-26,chicken_strips,9778.0,9725.0,0.0,53.0
2022-11-26,flat_bread,161.5,156.5,0.0,5.0
2022-11-26,mixed_greens,960.0,900.5,0.0,59.5
2022-11-26,shredded_monterey_jack,398.0,373.0,0.0,25.0
2022-11-26,waffle_fries,20180.800000000007,20045.720000000005,0.0,135.08
2022-11-26,roasted_corn_kernels,154.0,148.0,0.0,6.0
2022-11-26,crumbled_bacon,154.0,148.0,0.0,6.0
2022-11-26,avacado_lime_dressing,1204.0,1198.0,0.0,6.0
2022-11-26,red_bell_pepers,1029.0,1023.0,0.0,6.0
2022-11-26,grape tomatoes,1645.0,1615.0,0.0,30.0
2022-11-26,hard_boiled_egg,241.5,235.5,0.0,6.0
2022-11-26,blue_cheese,594.0,543.0,0.0,51.0
2022-11-26,apples,594.0,543.0,0.0,51.0
2022-11-26,strawberries,594.0,543.0,0.0,51.0
2022-11-26,blueberries,594.0,543.0,0.0,51.0
2022-11-26,harvest_nut_granola,594.0,543.0,0.0,51.0
2022-11-26,zesty_apple_vinagrette,594.0,543.0,0.0,51.0
2022-11-26,chicken_tenders,13128.0,13110.0,0.0,18.0
2022-11-26,biscuit,1043.0,1007.0,0.0,36.0
2022-11-26,chicken_mini_bread,1950.0,1932.0,0.0,18.0
2022-11-26,butter,653.0,650.75,0.0,2.25
2022-11-26,bacon,757.0,746.0,0.0,11.0
2022-11-26,tortilla,170.0,156.0,0.0,14.0
2022-11-26,eggs,394.0,360.0,0.0,34.0
2022-11-26,sausage,99.0,93.0,0.0,6.0
2022-11-26,bagel,187.0,173.0,0.0,14.0
2022-11-26,oatmeal,57.0,217.0,175.0,15.0
2022-11-26,fruit,386.0,372.5,0.0,13.5
2022-11-26,cream_cheese,131.0,123.0,0.0,8.0
2022-11-26,hash_brown,1030.0,1020.0,0.0,10.0
2022-11-26,yogurt_parfait,67.0,65.0,0.0,2.0
2022-11-26,cinamon_cluster,287.0,279.0,0.0,8.0
2022-11-26,lemonade,1932.1999999999944,1863.3999999999944,0.0,68.80000000000001
2022-11-26,straw,15490.0,15268.0,0.0,222.0
2022-11-26,small_drink_cup,5278.0,5235.0,0.0,43.0
2022-11-26,medium_drink_cup,5542.0,5392.0,0.0,150.0
2022-11-26,large_drink_cup,4670.0,4641.0,0.0,29.0
2022-11-26,lemonade_diet,2988.9999999999986,2970.0999999999985,0.0,18.9
2022-11-26,ice_tea_unsweet,4453.999999999987,4440.899999999987,0.0,13.100000000000001
2022-11-26,ice_tea_sweet,5335.999999999996,5301.7999999999965,0.0,34.2
2022-11-26,soft_drink,19449.800000000003,19308.9,0.0,140.89999999999998
2022-11-26,dasani_water_bottle,967.0,960.0,0.0,7.0
2022-11-26,orange_juice_bottle,779.0,776.0,0.0,3.0
2022-11-26,apple_juice,913.0,909.0,0.0,4.0
2022-11-26,ice_coffee,106.5,434.75,350.0,21.75
2022-11-26,coffee,2092.0,2070.0,0.0,22.0
2022-11-26,Coffee_box,45.0,210.0,175.0,10.0
2022-11-26,milk_chocolate,634.0,627.0,0.0,7.0
2022-11-26,milk,300.0,235.0,0.0,65.0
2022-11-26,icecream,372.0,242.0,0.0,130.0
2022-11-26,vanilla_flavor,562.0,545.0,0.0,17.0
2022-11-26,cream_flavor,500.0,483.0,0.0,17.0
2022-11-26,chunk_cookie,349.0,264.5,0.0,84.5
2022-11-26,chocolate_flavor,252.0,242.0,0.0,10.0
2022-11-26,strawberry_flavor,596.0,582.0,0.0,14.0
2022-11-26,frosted_extract,220.0,209.0,0.0,11.0
2022-11-26,icecream_cone,252.0,251.0,0.0,1.0
2022-11-26,icecream_come,150.0,137.0,0.0,13.0
2022-11-26,icecream_topping,762.0,744.0,0.0,18.0
2022-11-26,to_go_bag,14996.0,14886.0,0.0,110.0
2022-11-26,napkins,11980.0,11430.0,0.0,550.0
2022-11-26,ketchup,6508.0,6489.0,0.0,19.0
2022-11-26,ranch,6516.0,6511.0,0.0,5.0
2022-11-26,buffalo_sauce,6878.0,6872.0,0.0,6.0
2022-11-26,bbq_sauce,6758.0,6739.0,0.0,19.0
2022-11-26,polyneasian,6650.0,6646.0,0.0,4.0
2022-11-26,chickfala,6514.0,6511.0,0.0,3.0
2022-11-26,silverware,6614.0,6609.0,0.0,5.0
2022-11-28,fried_batter,865.8000000000009,724.8000000000009,0.0,141.0
2022-11-28,bun,461.0,407.0,0.0,54.0
2022-11-28,chicken_patty,879.0,787.0,0.0,92.0
2022-11-28,pickle_chips,2258.0,2096.0,0.0,162.0
2022-11-28,lettuce,202.0,134.0,0.0,68.0
2022-11-28,tomato,202.0,134.0,0.0,68.0
2022-11-28,cheese,547.5,491.5,0.0,56.0
2022-11-28,spice,908.0,864.0,0.0,44.0
2022-11-28,chicken_nuggets,11889.0,11457.0,0.0,432.0
2022-11-28,chicken_strips,9672.0,9625.0,0.0,47.0
2022-11-28,flat_bread,151.5,149.5,0.0,2.0
2022-11-28,mixed_greens,841.0,781.0,0.0,60.0
2022-11-28,shredded_monterey_jack,348.0,329.0,0.0,19.0
2022-11-28,waffle_fries,19910.640000000003,19778.260000000002,0.0,132.38
2022-11-28,roasted_corn_kernels,142.0,129.0,0.0,13.0
2022-11-28,crumbled_bacon,142.0,129.0,0.0,13.0
2022-11-28,avacado_lime_dressing,1192.0,1179.0,0.0,13.0
2022-11-28,red_bell_pepers,1017.0,1004.0,0.0,13.0
2022-11-28,grape tomatoes,1585.0,1520.0,0.0,65.0
2022-11-28,hard_boiled_egg,229.5,216.5,0.0,13.0
2022-11-28,blue_cheese,492.0,446.0,0.0,46.0
2022-11-28,apples,492.0,446.0,0.0,46.0
2022-11-28,strawberries,492.0,446.0,0.0,46.0
2022-11-28,blueberries,492.0,446.0,0.0,46.0
2022-11-28,harvest_nut_granola,492.0,446.0,0.0,46.0
2022-11-28,zesty_apple_vinagrette,492.0,446.0,0.0,46.0
2022-11-28,chicken_tenders,13092.0,13074.0,0.0,18.0
2022-11-28,biscuit,971.0,936.0,0.0,35.0
2022-11-28,chicken_mini_bread,1914.0,1869.0,0.0,45.0
2022-11-28,butter,648.5,647.5,0.0,1.0
2022-11-28,bacon,735.0,730.0,0.0,5.0
2022-11-28,tortilla,142.0,138.0,0.0,4.0
2022-11-28,eggs,326.0,300.0,0.0,26.0
2022-11-28,sausage,87.0,77.0,0.0,10.0
2022-11-28,bagel,159.0,123.0,0.0,36.0
2022-11-28,oatmeal,377.0,369.0,0.0,8.0
2022-11-28,fruit,359.0,341.5,0.0,17.5
2022-11-28,cream_cheese,115.0,102.0,0.0,13.0
2022-11-28,hash_brown,1010.0,995.0,0.0,15.0
2022-11-28,yogurt_parfait,63.0,222.0,175.0,16.0
2022-11-28,cinamon_cluster,271.0,259.0,0.0,12.0
2022-11-28,lemonade,1794.5999999999945,1733.7999999999945,0.0,60.80000000000001
2022-11-28,straw,15046.0,14782.0,0.0,264.0
2022-11-28,small_drink_cup,5192.0,5134.0,0.0,58.0
2022-11-28,medium_drink_cup,5242.0,5091.0,0.0,151.0
2022-11-28,large_drink_cup,4612.0,4557.0,0.0,55.0
2022-11-28,lemonade_diet,2951.1999999999985,2932.6999999999985,0.0,18.5
2022-11-28,ice_tea_unsweet,4427.7999999999865,4392.7999999999865,0.0,35.0
2022-11-28,ice_tea_sweet,5267.599999999997,5210.099999999997,0.0,57.500000000000014
2022-11-28,soft_drink,19168.0,19007.4,0.0,160.60000000000002
2022-11-28,dasani_water_bottle,953.0,948.0,0.0,5.0
2022-11-28,orange_juice_bottle,773.0,759.0,0.0,14.0
2022-11-28,apple_juice,905.0,898.0,0.0,7.0
2022-11-28,ice_coffee,763.0,730.25,0.0,32.75
2022-11-28,coffee,2048.0,2011.0,0.0,37.0
2022-11-28,Coffee_box,375.0,374.0,0.0,1.0
2022-11-28,milk_chocolate,620.0,611.0,0.0,9.0
2022-11-28,milk,170.0,119.0,0.0,51.0
2022-11-28,icecream,112.0,362.0,350.0,100.0
2022-11-28,vanilla_flavor,528.0,514.0,0.0,14.0
2022-11-28,cream_flavor,466.0,449.0,0.0,17.0
2022-11-28,chunk_cookie,180.0,401.5,350.0,128.5
2022-11-28,chocolate_flavor,232.0,230.0,0.0,2.0
2022-11-28,strawberry_flavor,568.0,560.0,0.0,8.0
2022-11-28,frosted_extract,198.0,190.0,0.0,8.0
2022-11-28,icecream_cone,250.0,232.0,0.0,18.0
2022-11-28,icecream_come,124.0,124.0,0.0,0.0
2022-11-28,icecream_topping,726.0,724.0,0.0,2.0
2022-11-28,to_go_bag,14776.0,14643.0,0.0,133.0
2022-11-28,napkins,10880.0,10215.0,0.0,665.0
2022-11-28,ketchup,6470.0,6467.0,0.0,3.0
2022-11-28,ranch,6506.0,6502.0,0.0,4.0
2022-11-28,buffalo_sauce,6866.0,6852.0,0.0,14.0
2022-11-28,bbq_sauce,6720.0,6706.0,0.0,14.0
2022-11-28,polyneasian,6642.0,6637.0,0.0,5.0
2022-11-28,chickfala,6508.0,6503.0,0.0,5.0
2022-11-28,silverware,6604.0,6596.0,0.0,8.0
2022-11-29,fried_batter,583.8000000000009,453.4000000000009,0.0,130.4
2022-11-29,bun,353.0,325.0,0.0,28.0
2022-11-29,chicken_patty,695.0,604.0,0.0,91.0
2022-11-29,pickle_chips,1934.0,1850.0,0.0,84.0
2022-11-29,lettuce,66.0,376.0,350.0,40.0
2022-11-29,tomato,66.0,376.0,350.0,40.0
2022-11-29,cheese,435.5,386.5,0.0,49.0
2022-11-29,spice,820.0,796.0,0.0,24.0
2022-11-29,chicken_nuggets,11025.0,10748.5,0.0,276.5
2022-11-29,chicken_strips,9578.0,9521.0,0.0,57.0
2022-11-29,flat_bread,147.5,144.5,0.0,3.0
2022-11-29,mixed_greens,721.0,626.5,0.0,94.5
2022-11-29,shredded_monterey_jack,310.0,1337.0,1050.0,23.0
2022-11-29,waffle_fries,19645.88,19537.2,0.0,108.68
2022-11-29,roasted_corn_kernels,116.0,101.0,0.0,15.0
2022-11-29,crumbled_bacon,116.0,101.0,0.0,15.0
2022-11-29,avacado_lime_dressing,1166.0,1151.0,0.0,15.0
2022-11-29,red_bell_pepers,991.0,976.0,0.0,15.0
2022-11-29,grape tomatoes,1455.0,1380.0,0.0,75.0
2022-11-29,hard_boiled_egg,203.5,188.5,0.0,15.0
2022-11-29,blue_cheese,400.0,322.0,0.0,78.0
2022-11-29,apples,400.0,322.0,0.0,78.0
2022-11-29,strawberries,400.0,322.0,0.0,78.0
2022-11-29,blueberries,400.0,322.0,0.0,78.0
2022-11-29,harvest_nut_granola,400.0,322.0,0.0,78.0
2022-11-29,zesty_apple_vinagrette,400.0,322.0,0.0,78.0
2022-11-29,chicken_tenders,13056.0,13034.0,0.0,22.0
2022-11-29,biscuit,901.0,866.0,0.0,35.0
2022-11-29,chicken_mini_bread,1824.0,1770.0,0.0,54.0
2022-11-29,butter,646.5,645.0,0.0,1.5
2022-11-29,bacon,725.0,722.0,0.0,3.0
2022-11-29,tortilla,134.0,129.0,0.0,5.0
2022-11-29,eggs,274.0,240.0,0.0,34.0
2022-11-29,sausage,67.0,59.0,0.0,8.0
2022-11-29,bagel,87.0,64.0,0.0,23.0
2022-11-29,oatmeal,361.0,343.0,0.0,18.0
2022-11-29,fruit,324.0,302.5,0.0,21.5
2022-11-29,cream_cheese,89.0,87.0,0.0,2.0
2022-11-29,hash_brown,980.0,979.0,0.0,1.0
2022-11-29,yogurt_parfait,381.0,377.0,0.0,4.0
2022-11-29,cinamon_cluster,247.0,238.0,0.0,9.0
2022-11-29,lemonade,1672.9999999999945,1629.8999999999946,0.0,43.099999999999994
2022-11-29,straw,14518.0,14323.0,0.0,195.0
2022-11-29,small_drink_cup,5076.0,5043.0,0.0,33.0
2022-11-29,medium_drink_cup,4940.0,4809.0,0.0,131.0
2022-11-29,large_drink_cup,4502.0,4471.0,0.0,31.0
2022-11-29,lemonade_diet,2914.1999999999985,2892.9999999999986,0.0,21.200000000000003
2022-11-29,ice_tea_unsweet,4357.7999999999865,4332.2999999999865,0.0,25.5
2022-11-29,ice_tea_sweet,5152.599999999997,5101.399999999997,0.0,51.2
2022-11-29,soft_drink,18846.800000000003,18748.100000000002,0.0,98.7
2022-11-29,dasani_water_bottle,943.0,942.0,0.0,1.0
2022-11-29,orange_juice_bottle,745.0,725.0,0.0,20.0
2022-11-29,apple_juice,891.0,877.0,0.0,14.0
2022-11-29,ice_coffee,697.5,678.5,0.0,19.0
2022-11-29,coffee,1974.0,1927.0,0.0,47.0
2022-11-29,Coffee_box,373.0,361.0,0.0,12.0
2022-11-29,milk_chocolate,602.0,594.0,0.0,8.0
2022-11-29,milk,68.0,374.0,350.0,44.0
2022-11-29,icecream,612.0,519.0,0.0,93.0
2022-11-29,vanilla_flavor,500.0,491.0,0.0,9.0
2022-11-29,cream_flavor,432.0,428.0,0.0,4.0
2022-11-29,chunk_cookie,623.0,565.0,0.0,58.0
2022-11-29,chocolate_flavor,228.0,215.0,0.0,13.0
2022-11-29,strawberry_flavor,552.0,542.0,0.0,10.0
2022-11-29,frosted_extract,182.0,178.0,0.0,4.0
2022-11-29,icecream_cone,214.0,209.0,0.0,5.0
2022-11-29,icecream_come,124.0,108.0,0.0,16.0
2022-11-29,icecream_topping,722.0,717.0,0.0,5.0
2022-11-29,to_go_bag,14510.0,14401.0,0.0,109.0
2022-11-29,napkins,9550.0,9005.0,0.0,545.0
2022-11-29,ketchup,6464.0,6457.0,0.0,7.0
2022-11-29,ranch,6498.0,6494.0,0.0,4.0
2022-11-29,buffalo_sauce,6838.0,6832.0,0.0,6.0
2022-11-29,bbq_sauce,6692.0,6683.0,0.0,9.0
2022-11-29,polyneasian,6632.0,6624.0,0.0,8.0
2022-11-29,chickfala,6498.0,6492.0,0.0,6.0
2022-11-29,silverware,6588.0,6578.0,0.0,10.0
2022-11-30,fried_batter,323.0000000000009,171.40000000000092,0.0,151.6
2022-11-30,bun,297.0,248.0,0.0,49.0
2022-11-30,chicken_patty,513.0,433.5,0.0,79.5
2022-11-30,pickle_chips,1766.0,1619.0,0.0,147.0
2022-11-30,lettuce,686.0,642.0,0.0,44.0
2022-11-30,tomato,686.0,642.0,0.0,44.0
2022-11-30,cheese,337.5,296.5,0.0,41.0
2022-11-30,spice,772.0,744.0,0.0,28.0
2022-11-30,chicken_nuggets,10472.0,10039.0,0.0,433.0
2022-11-30,chicken_strips,9464.0,9402.0,0.0,62.0
2022-11-30,flat_bread,141.5,135.5,0.0,6.0
2022-11-30,mixed_greens,532.0,487.0,0.0,45.0
2022-11-30,shredded_monterey_jack,2364.0,2349.0,0.0,15.0
2022-11-30,waffle_fries,19428.52,19270.16,0.0,158.36
2022-11-30,roasted_corn_kernels,86.0,86.0,0.0,0.0
2022-11-30,crumbled_bacon,86.0,86.0,0.0,0.0
2022-11-30,avacado_lime_dressing,1136.0,1136.0,0.0,0.0
2022-11-30,red_bell_pepers,961.0,961.0,0.0,0.0
2022-11-30,grape tomatoes,1305.0,1305.0,0.0,0.0
2022-11-30,hard_boiled_egg,173.5,173.5,0.0,0.0
2022-11-30,blue_cheese,244.0,202.0,0.0,42.0
2022-11-30,apples,244.0,202.0,0.0,42.0
2022-11-30,strawberries,244.0,202.0,0.0,42.0
2022-11-30,blueberries,244.0,202.0,0.0,42.0
2022-11-30,harvest_nut_granola,244.0,202.0,0.0,42.0
2022-11-30,zesty_apple_vinagrette,244.0,202.0,0.0,42.0
2022-11-30,chicken_tenders,13012.0,12996.0,0.0,16.0
2022-11-30,biscuit,831.0,807.0,0.0,24.0
2022-11-30,chicken_mini_bread,1716.0,1674.0,0.0,42.0
2022-11-30,butter,643.5,642.25,0.0,1.25
2022-11-30,bacon,719.0,718.0,0.0,1.0
2022-11-30,tortilla,124.0,115.0,0.0,9.0
2022-11-30,eggs,206.0,178.0,0.0,28.0
2022-11-30,sausage,51.0,219.0,175.0,7.0
2022-11-30,bagel,41.0,189.0,175.0,27.0
2022-11-30,oatmeal,325.0,307.0,0.0,18.0
2022-11-30,fruit,281.0,247.5,0.0,33.5
2022-11-30,cream_cheese,85.0,80.0,0.0,5.0
2022-11-30,hash_brown,978.0,968.0,0.0,10.0
2022-11-30,yogurt_parfait,373.0,370.0,0.0,3.0
2022-11-30,cinamon_cluster,229.0,227.0,0.0,2.0
2022-11-30,lemonade,1586.7999999999947,1529.9999999999948,0.0,56.80000000000001
2022-11-30,straw,14128.0,13868.0,0.0,260.0
2022-11-30,small_drink_cup,5010.0,4970.0,0.0,40.0
2022-11-30,medium_drink_cup,4678.0,4506.0,0.0,172.0
2022-11-30,large_drink_cup,4440.0,4392.0,0.0,48.0
2022-11-30,lemonade_diet,2871.799999999999,2838.799999999999,0.0,33.0
2022-11-30,ice_tea_unsweet,4306.7999999999865,4275.2999999999865,0.0,31.5
2022-11-30,ice_tea_sweet,5050.199999999997,5023.699999999997,0.0,26.5
2022-11-30,soft_drink,18649.4,18485.600000000002,0.0,163.8
2022-11-30,dasani_water_bottle,941.0,937.0,0.0,4.0
2022-11-30,orange_juice_bottle,705.0,700.0,0.0,5.0
2022-11-30,apple_juice,863.0,860.0,0.0,3.0
2022-11-30,ice_coffee,659.5,641.5,0.0,18.0
2022-11-30,coffee,1880.0,1852.75,0.0,27.25
2022-11-30,Coffee_box,349.0,344.0,0.0,5.0
2022-11-30,milk_chocolate,586.0,586.0,0.0,0.0
2022-11-30,milk,680.0,646.0,0.0,34.0
2022-11-30,icecream,426.0,363.0,0.0,63.0
2022-11-30,vanilla_flavor,482.0,475.0,0.0,7.0
2022-11-30,cream_flavor,424.0,414.0,0.0,10.0
2022-11-30,chunk_cookie,507.0,469.0,0.0,38.0
2022-11-30,chocolate_flavor,202.0,199.0,0.0,3.0
2022-11-30,strawberry_flavor,532.0,524.0,0.0,8.0
2022-11-30,frosted_extract,174.0,168.0,0.0,6.0
2022-11-30,icecream_cone,204.0,200.0,0.0,4.0
2022-11-30,icecream_come,92.0,439.0,350.0,3.0
2022-11-30,icecream_topping,712.0,709.0,0.0,3.0
2022-11-30,to_go_bag,14292.0,14183.0,0.0,109.0
2022-11-30,napkins,8460.0,7915.0,0.0,545.0
2022-11-30,ketchup,6450.0,6442.0,0.0,8.0
2022-11-30,ranch,6490.0,6478.0,0.0,12.0
2022-11-30,buffalo_sauce,6826.0,6825.0,0.0,1.0
2022-11-30,bbq_sauce,6674.0,6668.0,0.0,6.0
2022-11-30,polyneasian,6616.0,6611.0,0.0,5.0
2022-11-30,chickfala,6486.0,6473.0,0.0,13.0
2022-11-30,silverware,6568.0,6562.0,0.0,6.0
2022-12-01,fried_batter,19.80000000000092,396.4000000000009,525.0,148.4
2022-12-01,bun,199.0,159.0,0.0,40.0
2022-12-01,chicken_patty,354.0,277.0,0.0,77.0
2022-12-01,pickle_chips,1472.0,1352.0,0.0,120.0
2022-12-01,lettuce,598.0,556.0,0.0,42.0
2022-12-01,tomato,598.0,556.0,0.0,42.0
2022-12-01,cheese,255.5,210.5,0.0,45.0
2022-12-01,spice,716.0,681.0,0.0,35.0
2022-12-01,chicken_nuggets,9606.0,9070.0,0.0,536.0
2022-12-01,chicken_strips,9340.0,9264.0,0.0,76.0
2022-12-01,flat_bread,129.5,129.5,0.0,0.0
2022-12-01,mixed_greens,442.0,389.0,0.0,53.0
2022-12-01,shredded_monterey_jack,2334.0,2320.0,0.0,14.0
2022-12-01,waffle_fries,19111.8,18961.62,0.0,150.18
2022-12-01,roasted_corn_kernels,86.0,434.0,350.0,2.0
2022-12-01,crumbled_bacon,86.0,434.0,350.0,2.0
2022-12-01,avacado_lime_dressing,1136.0,1134.0,0.0,2.0
2022-12-01,red_bell_pepers,961.0,959.0,0.0,2.0
2022-12-01,grape tomatoes,1305.0,1295.0,0.0,10.0
2022-12-01,hard_boiled_egg,173.5,171.5,0.0,2.0
2022-12-01,blue_cheese,160.0,109.0,0.0,51.0
2022-12-01,apples,160.0,109.0,0.0,51.0
2022-12-01,strawberries,160.0,109.0,0.0,51.0
2022-12-01,blueberries,160.0,109.0,0.0,51.0
2022-12-01,harvest_nut_granola,160.0,109.0,0.0,51.0
2022-12-01,zesty_apple_vinagrette,160.0,109.0,0.0,51.0
2022-12-01,chicken_tenders,12980.0,12966.0,0.0,14.0
2022-12-01,biscuit,783.0,727.0,0.0,56.0
2022-12-01,chicken_mini_bread,1632.0,1599.0,0.0,33.0
2022-12-01,butter,641.0,640.0,0.0,1.0
2022-12-01,bacon,717.0,698.0,0.0,19.0
2022-12-01,tortilla,106.0,444.0,350.0,12.0
2022-12-01,eggs,150.0,114.0,0.0,36.0
2022-12-01,sausage,387.0,382.0,0.0,5.0
2022-12-01,bagel,337.0,299.0,0.0,38.0
2022-12-01,oatmeal,289.0,261.0,0.0,28.0
2022-12-01,fruit,214.0,182.5,0.0,31.5
2022-12-01,cream_cheese,75.0,56.0,0.0,19.0
2022-12-01,hash_brown,958.0,948.0,0.0,10.0
2022-12-01,yogurt_parfait,367.0,365.0,0.0,2.0
2022-12-01,cinamon_cluster,225.0,222.0,0.0,3.0
2022-12-01,lemonade,1473.1999999999948,1401.4999999999948,0.0,71.70000000000002
2022-12-01,straw,13608.0,13327.0,0.0,281.0
2022-12-01,small_drink_cup,4930.0,4900.0,0.0,30.0
2022-12-01,medium_drink_cup,4334.0,4140.0,0.0,194.0
2022-12-01,large_drink_cup,4344.0,4287.0,0.0,57.0
2022-12-01,lemonade_diet,2805.799999999999,2768.099999999999,0.0,37.70000000000001
2022-12-01,ice_tea_unsweet,4243.7999999999865,4216.099999999987,0.0,27.7
2022-12-01,ice_tea_sweet,4997.199999999997,4963.099999999997,0.0,34.1
2022-12-01,soft_drink,18321.800000000003,18134.200000000004,0.0,187.60000000000002
2022-12-01,dasani_water_bottle,933.0,929.0,0.0,4.0
2022-12-01,orange_juice_bottle,695.0,693.0,0.0,2.0
2022-12-01,apple_juice,857.0,853.0,0.0,4.0
2022-12-01,ice_coffee,623.5,611.0,0.0,12.5
2022-12-01,coffee,1825.5,1785.25,0.0,40.25
2022-12-01,Coffee_box,339.0,337.0,0.0,2.0
2022-12-01,milk_chocolate,586.0,576.0,0.0,10.0
2022-12-01,milk,612.0,574.0,0.0,38.0
2022-12-01,icecream,300.0,226.0,0.0,74.0
2022-12-01,vanilla_flavor,468.0,466.0,0.0,2.0
2022-12-01,cream_flavor,404.0,392.0,0.0,12.0
2022-12-01,chunk_cookie,431.0,405.0,0.0,26.0
2022-12-01,chocolate_flavor,196.0,188.0,0.0,8.0
2022-12-01,strawberry_flavor,516.0,506.0,0.0,10.0
2022-12-01,frosted_extract,162.0,151.0,0.0,11.0
2022-12-01,icecream_cone,196.0,193.0,0.0,3.0
2022-12-01,icecream_come,786.0,779.0,0.0,7.0
2022-12-01,icecream_topping,706.0,698.0,0.0,8.0
2022-12-01,to_go_bag,14074.0,13940.0,0.0,134.0
2022-12-01,napkins,7370.0,6700.0,0.0,670.0
2022-12-01,ketchup,6434.0,6430.0,0.0,4.0
2022-12-01,ranch,6466.0,6459.0,0.0,7.0
2022-12-01,buffalo_sauce,6824.0,6818.0,0.0,6.0
2022-12-01,bbq_sauce,6662.0,6649.0,0.0,13.0
2022-12-01,polyneasian,6606.0,6602.0,0.0,4.0
2022-12-01,chickfala,6460.0,6447.0,0.0,13.0
2022-12-01,silverware,6556.0,6548.0,0.0,8.0
2022-12-02,fried_batter,773.0000000000009,633.0000000000009,0.0,140.0
2022-12-02,bun,119.0,588.0,525.0,56.0
2022-12-02,chicken_patty,200.0,810.5,700.0,89.5
2022-12-02,pickle_chips,1232.0,1064.0,0.0,168.0
2022-12-02,lettuce,514.0,440.0,0.0,74.0
2022-12-02,tomato,514.0,440.0,0.0,74.0
2022-12-02,cheese,165.5,111.5,0.0,54.0
2022-12-02,spice,646.0,606.0,0.0,40.0
2022-12-02,chicken_nuggets,8534.0,8241.5,0.0,292.5
2022-12-02,chicken_strips,9188.0,9146.0,0.0,42.0
2022-12-02,flat_bread,129.5,126.5,0.0,3.0
2022-12-02,mixed_greens,336.0,277.5,0.0,58.5
2022-12-02,shredded_monterey_jack,2306.0,2289.0,0.0,17.0
2022-12-02,waffle_fries,18811.44,18652.039999999997,0.0,159.39999999999998
2022-12-02,roasted_corn_kernels,782.0,778.0,0.0,4.0
2022-12-02,crumbled_bacon,782.0,778.0,0.0,4.0
2022-12-02,avacado_lime_dressing,1132.0,1128.0,0.0,4.0
2022-12-02,red_bell_pepers,957.0,953.0,0.0,4.0
2022-12-02,grape tomatoes,1285.0,1265.0,0.0,20.0
2022-12-02,hard_boiled_egg,169.5,165.5,0.0,4.0
2022-12-02,blue_cheese,58.0,355.0,350.0,53.0
2022-12-02,apples,58.0,355.0,350.0,53.0
2022-12-02,strawberries,58.0,355.0,350.0,53.0
2022-12-02,blueberries,58.0,355.0,350.0,53.0
2022-12-02,harvest_nut_granola,58.0,355.0,350.0,53.0
2022-12-02,zesty_apple_vinagrette,58.0,355.0,350.0,53.0
2022-12-02,chicken_tenders,12952.0,12930.0,0.0,22.0
2022-12-02,biscuit,671.0,637.0,0.0,34.0
2022-12-02,chicken_mini_bread,1566.0,1521.0,0.0,45.0
2022-12-02,butter,639.0,638.25,0.0,0.75
2022-12-02,bacon,679.0,673.0,0.0,6.0
2022-12-02,tortilla,782.0,772.0,0.0,10.0
2022-12-02,eggs,78.0,401.0,350.0,27.0
2022-12-02,sausage,377.0,367.0,0.0,10.0
2022-12-02,bagel,261.0,245.0,0.0,16.0
2022-12-02,oatmeal,233.0,211.0,0.0,22.0
2022-12-02,fruit,151.0,119.0,0.0,32.0
2022-12-02,cream_cheese,37.0,205.0,175.0,7.0
2022-12-02,hash_brown,938.0,928.0,0.0,10.0
2022-12-02,yogurt_parfait,363.0,358.0,0.0,5.0
2022-12-02,cinamon_cluster,219.0,208.0,0.0,11.0
2022-12-02,lemonade,1329.7999999999947,1304.4999999999948,0.0,25.3
2022-12-02,straw,13046.0,12851.0,0.0,195.0
2022-12-02,small_drink_cup,4870.0,4864.0,0.0,6.0
2022-12-02,medium_drink_cup,3946.0,3784.0,0.0,162.0
2022-12-02,large_drink_cup,4230.0,4203.0,0.0,27.0
2022-12-02,lemonade_diet,2730.399999999999,2715.599999999999,0.0,14.8
2022-12-02,ice_tea_unsweet,4188.399999999987,4162.7999999999865,0.0,25.6
2022-12-02,ice_tea_sweet,4928.999999999996,4874.999999999996,0.0,54.00000000000001
2022-12-02,soft_drink,17946.600000000006,17815.500000000007,0.0,131.1
2022-12-02,dasani_water_bottle,925.0,912.0,0.0,13.0
2022-12-02,orange_juice_bottle,691.0,681.0,0.0,10.0
2022-12-02,apple_juice,849.0,833.0,0.0,16.0
2022-12-02,ice_coffee,598.5,579.0,0.0,19.5
2022-12-02,coffee,1745.0,1721.0,0.0,24.0
2022-12-02,Coffee_box,335.0,324.0,0.0,11.0
2022-12-02,milk_chocolate,566.0,550.0,0.0,16.0
2022-12-02,milk,536.0,508.0,0.0,28.0
2022-12-02,icecream,152.0,103.0,0.0,49.0
2022-12-02,vanilla_flavor,464.0,459.0,0.0,5.0
2022-12-02,cream_flavor,380.0,375.0,0.0,5.0
2022-12-02,chunk_cookie,379.0,309.5,0.0,69.5
2022-12-02,chocolate_flavor,180.0,176.0,0.0,4.0
2022-12-02,strawberry_flavor,496.0,493.0,0.0,3.0
2022-12-02,frosted_extract,140.0,137.0,0.0,3.0
2022-12-02,icecream_cone,190.0,182.0,0.0,8.0
2022-12-02,icecream_come,772.0,765.0,0.0,7.0
2022-12-02,icecream_topping,690.0,685.0,0.0,5.0
2022-12-02,to_go_bag,13806.0,13691.0,0.0,115.0
2022-12-02,napkins,6030.0,5455.0,0.0,575.0
2022-12-02,ketchup,6426.0,6410.0,0.0,16.0
2022-12-02,ranch,6452.0,6451.0,0.0,1.0
2022-12-02,buffalo_sauce,6812.0,6810.0,0.0,2.0
2022-12-02,bbq_sauce,6636.0,6630.0,0.0,6.0
2022-12-02,polyneasian,6598.0,6579.0,0.0,19.0
2022-12-02,chickfala,6434.0,6429.0,0.0,5.0
2022-12-02,silverware,6540.0,6538.0,0.0,2.0
2022-12-03,fried_batter,493.0000000000009,353.8000000000009,0.0,139.2
2022-12-03,bun,1057.0,1020.0,0.0,37.0
2022-12-03,chicken_patty,1421.0,1344.5,0.0,76.5
2022-12-03,pickle_chips,896.0,785.0,0.0,111.0
2022-12-03,lettuce,366.0,320.0,0.0,46.0
2022-12-03,tomato,366.0,320.0,0.0,46.0
2022-12-03,cheese,57.5,274.0,262.5,46.0
2022-12-03,spice,566.0,537.0,0.0,29.0
2022-12-03,chicken_nuggets,7949.0,7406.0,0.0,543.0
2022-12-03,chicken_strips,9104.0,9034.0,0.0,70.0
2022-12-03,flat_bread,123.5,111.5,0.0,12.0
2022-12-03,mixed_greens,219.0,834.0,700.0,85.0
2022-12-03,shredded_monterey_jack,2272.0,2222.0,0.0,50.0
2022-12-03,waffle_fries,18492.639999999996,18365.679999999997,0.0,126.96000000000001
2022-12-03,roasted_corn_kernels,774.0,760.0,0.0,14.0
2022-12-03,crumbled_bacon,774.0,760.0,0.0,14.0
2022-12-03,avacado_lime_dressing,1124.0,1110.0,0.0,14.0
2022-12-03,red_bell_pepers,949.0,935.0,0.0,14.0
2022-12-03,grape tomatoes,1245.0,1175.0,0.0,70.0
2022-12-03,hard_boiled_egg,161.5,147.5,0.0,14.0
2022-12-03,blue_cheese,652.0,587.0,0.0,65.0
2022-12-03,apples,652.0,587.0,0.0,65.0
2022-12-03,strawberries,652.0,587.0,0.0,65.0
2022-12-03,blueberries,652.0,587.0,0.0,65.0
2022-12-03,harvest_nut_granola,652.0,587.0,0.0,65.0
2022-12-03,zesty_apple_vinagrette,652.0,587.0,0.0,65.0
2022-12-03,chicken_tenders,12908.0,12892.0,0.0,16.0
2022-12-03,biscuit,603.0,563.0,0.0,40.0
2022-12-03,chicken_mini_bread,1476.0,1443.0,0.0,33.0
2022-12-03,butter,637.5,636.0,0.0,1.5
2022-12-03,bacon,667.0,656.0,0.0,11.0
2022-12-03,tortilla,762.0,738.0,0.0,24.0
2022-12-03,eggs,724.0,677.0,0.0,47.0
2022-12-03,sausage,357.0,351.0,0.0,6.0
2022-12-03,bagel,229.0,206.0,0.0,23.0
2022-12-03,oatmeal,189.0,181.0,0.0,8.0
2022-12-03,fruit,87.0,420.5,350.0,16.5
2022-12-03,cream_cheese,373.0,365.0,0.0,8.0
2022-12-03,hash_brown,918.0,912.0,0.0,6.0
2022-12-03,yogurt_parfait,353.0,340.0,0.0,13.0
2022-12-03,cinamon_cluster,197.0,185.0,0.0,12.0
2022-12-03,lemonade,1279.1999999999948,1220.7999999999947,0.0,58.400000000000006
2022-12-03,straw,12656.0,12407.0,0.0,249.0
2022-12-03,small_drink_cup,4858.0,4799.0,0.0,59.0
2022-12-03,medium_drink_cup,3622.0,3471.0,0.0,151.0
2022-12-03,large_drink_cup,4176.0,4137.0,0.0,39.0
2022-12-03,lemonade_diet,2700.799999999999,2668.099999999999,0.0,32.7
2022-12-03,ice_tea_unsweet,4137.199999999986,4106.499999999986,0.0,30.700000000000003
2022-12-03,ice_tea_sweet,4820.999999999996,4778.199999999996,0.0,42.8
2022-12-03,soft_drink,17684.40000000001,17557.700000000008,0.0,126.69999999999999
2022-12-03,dasani_water_bottle,899.0,889.0,0.0,10.0
2022-12-03,orange_juice_bottle,671.0,665.0,0.0,6.0
2022-12-03,apple_juice,817.0,812.0,0.0,5.0
2022-12-03,ice_coffee,559.5,533.75,0.0,25.75
2022-12-03,coffee,1697.0,1672.25,0.0,24.75
2022-12-03,Coffee_box,313.0,308.0,0.0,5.0
2022-12-03,milk_chocolate,534.0,526.0,0.0,8.0
2022-12-03,milk,480.0,438.0,0.0,42.0
2022-12-03,icecream,54.0,317.0,350.0,87.0
2022-12-03,vanilla_flavor,454.0,451.0,0.0,3.0
2022-12-03,cream_flavor,370.0,364.0,0.0,6.0
2022-12-03,chunk_cookie,240.0,208.0,0.0,32.0
2022-12-03,chocolate_flavor,172.0,168.0,0.0,4.0
2022-12-03,strawberry_flavor,490.0,470.0,0.0,20.0
2022-12-03,frosted_extract,134.0,123.0,0.0,11.0
2022-12-03,icecream_cone,174.0,160.0,0.0,14.0
2022-12-03,icecream_come,758.0,751.0,0.0,7.0
2022-12-03,icecream_topping,680.0,669.0,0.0,11.0
2022-12-03,to_go_bag,13576.0,13448.0,0.0,128.0
2022-12-03,napkins,4880.0,4240.0,0.0,640.0
2022-12-03,ketchup,6394.0,6383.0,0.0,11.0
2022-12-03,ranch,6450.0,6437.0,0.0,13.0
2022-12-03,buffalo_sauce,6808.0,6801.0,0.0,7.0
2022-12-03,bbq_sauce,6624.0,6616.0,0.0,8.0
2022-12-03,polyneasian,6560.0,6556.0,0.0,4.0
2022-12-03,chickfala,6424.0,6416.0,0.0,8.0
2022-12-03,silverware,6536.0,6531.0,0.0,5.0
2022-12-05,fried_batter,214.60000000000093,621.0000000000009,525.0,118.6
2022-12-05,bun,983.0,958.0,0.0,25.0
2022-12-05,chicken_patty,1268.0,1211.0,0.0,57.0
2022-12-05,pickle_chips,674.0,599.0,0.0,75.0
2022-12-05,lettuce,274.0,232.0,0.0,42.0
2022-12-05,tomato,274.0,232.0,0.0,42.0
2022-12-05,cheese,490.5,443.5,0.0,47.0
2022-12-05,spice,508.0,488.0,0.0,20.0
2022-12-05,chicken_nuggets,6863.0,6374.0,0.0,489.0
2022-12-05,chicken_strips,8964.0,8941.0,0.0,23.0
2022-12-05,flat_bread,99.5,93.5,0.0,6.0
2022-12-05,mixed_greens,1449.0,1372.0,0.0,77.0
2022-12-05,shredded_monterey_jack,2172.0,2149.0,0.0,23.0
2022-12-05,waffle_fries,18238.719999999998,18091.359999999997,0.0,147.35999999999999
2022-12-05,roasted_corn_kernels,746.0,738.0,0.0,8.0
2022-12-05,crumbled_bacon,746.0,738.0,0.0,8.0
2022-12-05,avacado_lime_dressing,1096.0,1088.0,0.0,8.0
2022-12-05,red_bell_pepers,921.0,913.0,0.0,8.0
2022-12-05,grape tomatoes,1105.0,1065.0,0.0,40.0
2022-12-05,hard_boiled_egg,133.5,125.5,0.0,8.0
2022-12-05,blue_cheese,522.0,456.0,0.0,66.0
2022-12-05,apples,522.0,456.0,0.0,66.0
2022-12-05,strawberries,522.0,456.0,0.0,66.0
2022-12-05,blueberries,522.0,456.0,0.0,66.0
2022-12-05,harvest_nut_granola,522.0,456.0,0.0,66.0
2022-12-05,zesty_apple_vinagrette,522.0,456.0,0.0,66.0
2022-12-05,chicken_tenders,12876.0,12854.0,0.0,22.0
2022-12-05,biscuit,523.0,469.0,0.0,54.0
2022-12-05,chicken_mini_bread,1410.0,1389.0,0.0,21.0
2022-12-05,butter,634.5,631.75,0.0,2.75
2022-12-05,bacon,645.0,631.0,0.0,14.0
2022-12-05,tortilla,714.0,705.0,0.0,9.0
2022-12-05,eggs,630.0,595.0,0.0,35.0
2022-12-05,sausage,345.0,338.0,0.0,7.0
2022-12-05,bagel,183.0,162.0,0.0,21.0
2022-12-05,oatmeal,173.0,151.0,0.0,22.0
2022-12-05,fruit,754.0,728.0,0.0,26.0
2022-12-05,cream_cheese,357.0,353.0,0.0,4.0
2022-12-05,hash_brown,906.0,904.0,0.0,2.0
2022-12-05,yogurt_parfait,327.0,323.0,0.0,4.0
2022-12-05,cinamon_cluster,173.0,167.0,0.0,6.0
2022-12-05,lemonade,1162.3999999999946,1133.9999999999945,0.0,28.400000000000002
2022-12-05,straw,12158.0,11925.0,0.0,233.0
2022-12-05,small_drink_cup,4740.0,4711.0,0.0,29.0
2022-12-05,medium_drink_cup,3320.0,3151.0,0.0,169.0
2022-12-05,large_drink_cup,4098.0,4063.0,0.0,35.0
2022-12-05,lemonade_diet,2635.399999999999,2621.099999999999,0.0,14.3
2022-12-05,ice_tea_unsweet,4075.7999999999865,4035.6999999999866,0.0,40.099999999999994
2022-12-05,ice_tea_sweet,4735.399999999996,4686.799999999996,0.0,48.600000000000016
2022-12-05,soft_drink,17431.000000000007,17278.700000000008,0.0,152.3
2022-12-05,dasani_water_bottle,879.0,871.0,0.0,8.0
2022-12-05,orange_juice_bottle,659.0,649.0,0.0,10.0
2022-12-05,apple_juice,807.0,802.0,0.0,5.0
2022-12-05,ice_coffee,508.0,498.0,0.0,10.0
2022-12-05,coffee,1647.5,1628.5,0.0,19.0
2022-12-05,Coffee_box,303.0,298.0,0.0,5.0
2022-12-05,milk_chocolate,518.0,512.0,0.0,6.0
2022-12-05,milk,396.0,366.0,0.0,30.0
2022-12-05,icecream,580.0,497.0,0.0,83.0
2022-12-05,vanilla_flavor,448.0,442.0,0.0,6.0
2022-12-05,cream_flavor,358.0,347.0,0.0,11.0
2022-12-05,chunk_cookie,176.0,162.5,0.0,13.5
2022-12-05,chocolate_flavor,164.0,164.0,0.0,0.0
2022-12-05,strawberry_flavor,450.0,441.0,0.0,9.0
2022-12-05,frosted_extract,112.0,112.0,0.0,0.0
2022-12-05,icecream_cone,146.0,139.0,0.0,7.0
2022-12-05,icecream_come,744.0,720.0,0.0,24.0
2022-12-05,icecream_topping,658.0,648.0,0.0,10.0
2022-12-05,to_go_bag,13320.0,13217.0,0.0,103.0
2022-12-05,napkins,3600.0,3085.0,0.0,515.0
2022-12-05,ketchup,6372.0,6367.0,0.0,5.0
2022-12-05,ranch,6424.0,6412.0,0.0,12.0
2022-12-05,buffalo_sauce,6794.0,6787.0,0.0,7.0
2022-12-05,bbq_sauce,6608.0,6608.0,0.0,0.0
2022-12-05,polyneasian,6552.0,6548.0,0.0,4.0
2022-12-05,chickfala,6408.0,6406.0,0.0,2.0
2022-12-05,silverware,6526.0,6518.0,0.0,8.0
2022-12-06,fried_batter,1027.400000000001,894.400000000001,0.0,133.0
2022-12-06,bun,933.0,904.0,0.0,29.0
2022-12-06,chicken_patty,1154.0,1095.5,0.0,58.5
2022-12-06,pickle_chips,524.0,2187.0,1750.0,87.0
2022-12-06,lettuce,190.0,168.0,0.0,22.0
2022-12-06,tomato,190.0,168.0,0.0,22.0
2022-12-06,cheese,396.5,378.5,0.0,18.0
2022-12-06,spice,468.0,451.0,0.0,17.0
2022-12-06,chicken_nuggets,5885.0,5371.5,0.0,513.5
2022-12-06,chicken_strips,8918.0,8843.0,0.0,75.0
2022-12-06,flat_bread,87.5,78.5,0.0,9.0
2022-12-06,mixed_greens,1295.0,1242.5,0.0,52.5
2022-12-06,shredded_monterey_jack,2126.0,2101.0,0.0,25.0
2022-12-06,waffle_fries,17943.999999999996,17799.299999999996,0.0,144.70000000000002
2022-12-06,roasted_corn_kernels,730.0,724.0,0.0,6.0
2022-12-06,crumbled_bacon,730.0,724.0,0.0,6.0
2022-12-06,avacado_lime_dressing,1080.0,1074.0,0.0,6.0
2022-12-06,red_bell_pepers,905.0,899.0,0.0,6.0
2022-12-06,grape tomatoes,1025.0,995.0,0.0,30.0
2022-12-06,hard_boiled_egg,117.5,111.5,0.0,6.0
2022-12-06,blue_cheese,390.0,348.0,0.0,42.0
2022-12-06,apples,390.0,348.0,0.0,42.0
2022-12-06,strawberries,390.0,348.0,0.0,42.0
2022-12-06,blueberries,390.0,348.0,0.0,42.0
2022-12-06,harvest_nut_granola,390.0,348.0,0.0,42.0
2022-12-06,zesty_apple_vinagrette,390.0,348.0,0.0,42.0
2022-12-06,chicken_tenders,12832.0,12824.0,0.0,8.0
2022-12-06,biscuit,415.0,390.0,0.0,25.0
2022-12-06,chicken_mini_bread,1368.0,1332.0,0.0,36.0
2022-12-06,butter,629.0,628.5,0.0,0.5
2022-12-06,bacon,617.0,613.0,0.0,4.0
2022-12-06,tortilla,696.0,686.0,0.0,10.0
2022-12-06,eggs,560.0,543.0,0.0,17.0
2022-12-06,sausage,331.0,331.0,0.0,0.0
2022-12-06,bagel,141.0,127.0,0.0,14.0
2022-12-06,oatmeal,129.0,121.0,0.0,8.0
2022-12-06,fruit,702.0,680.0,0.0,22.0
2022-12-06,cream_cheese,349.0,344.0,0.0,5.0
2022-12-06,hash_brown,902.0,886.0,0.0,16.0
2022-12-06,yogurt_parfait,319.0,311.0,0.0,8.0
2022-12-06,cinamon_cluster,161.0,153.0,0.0,8.0
2022-12-06,lemonade,1105.5999999999945,1077.7999999999945,0.0,27.8
2022-12-06,straw,11692.0,11455.0,0.0,237.0
2022-12-06,small_drink_cup,4682.0,4652.0,0.0,30.0
2022-12-06,medium_drink_cup,2982.0,2803.0,0.0,179.0
2022-12-06,large_drink_cup,4028.0,4000.0,0.0,28.0
2022-12-06,lemonade_diet,2606.799999999999,2591.799999999999,0.0,15.0
2022-12-06,ice_tea_unsweet,3995.5999999999867,3964.899999999987,0.0,30.700000000000003
2022-12-06,ice_tea_sweet,4638.199999999995,4570.899999999995,0.0,67.3
2022-12-06,soft_drink,17126.40000000001,16968.000000000007,0.0,158.39999999999998
2022-12-06,dasani_water_bottle,863.0,859.0,0.0,4.0
2022-12-06,orange_juice_bottle,639.0,634.0,0.0,5.0
2022-12-06,apple_juice,797.0,788.0,0.0,9.0
2022-12-06,ice_coffee,488.0,476.25,0.0,11.75
2022-12-06,coffee,1609.5,1587.5,0.0,22.0
2022-12-06,Coffee_box,293.0,279.0,0.0,14.0
2022-12-06,milk_chocolate,506.0,499.0,0.0,7.0
2022-12-06,milk,336.0,304.0,0.0,32.0
2022-12-06,icecream,414.0,355.0,0.0,59.0
2022-12-06,vanilla_flavor,436.0,431.0,0.0,5.0
2022-12-06,cream_flavor,336.0,327.0,0.0,9.0
2022-12-06,chunk_cookie,149.0,101.5,0.0,47.5
2022-12-06,chocolate_flavor,164.0,159.0,0.0,5.0
2022-12-06,strawberry_flavor,432.0,428.0,0.0,4.0
2022-12-06,frosted_extract,112.0,112.0,0.0,0.0
2022-12-06,icecream_cone,132.0,131.0,0.0,1.0
2022-12-06,icecream_come,696.0,684.0,0.0,12.0
2022-12-06,icecream_topping,638.0,630.0,0.0,8.0
2022-12-06,to_go_bag,13114.0,13009.0,0.0,105.0
2022-12-06,napkins,2570.0,12545.0,10500.0,525.0
2022-12-06,ketchup,6362.0,6359.0,0.0,3.0
2022-12-06,ranch,6400.0,6397.0,0.0,3.0
2022-12-06,buffalo_sauce,6780.0,6780.0,0.0,0.0
2022-12-06,bbq_sauce,6608.0,6608.0,0.0,0.0
2022-12-06,polyneasian,6544.0,6537.0,0.0,7.0
2022-12-06,chickfala,6404.0,6401.0,0.0,3.0
2022-12-06,silverware,6510.0,6510.0,0.0,0.0
2022-12-07,fried_batter,761.400000000001,610.200000000001,0.0,151.2
2022-12-07,bun,875.0,811.0,0.0,64.0
2022-12-07,chicken_patty,1037.0,940.5,0.0,96.5
2022-12-07,pickle_chips,3850.0,3658.0,0.0,192.0
2022-12-07,lettuce,146.0,412.0,350.0,84.0
2022-12-07,tomato,146.0,412.0,350.0,84.0
2022-12-07,cheese,360.5,298.5,0.0,62.0
2022-12-07,spice,434.0,394.0,0.0,40.0
2022-12-07,chicken_nuggets,4858.0,4500.5,0.0,357.5
2022-12-07,chicken_strips,8768.0,8664.0,0.0,104.0
2022-12-07,flat_bread,69.5,325.0,262.5,7.0
2022-12-07,mixed_greens,1190.0,1134.5,0.0,55.5
2022-12-07,shredded_monterey_jack,2076.0,2065.0,0.0,11.0
2022-12-07,waffle_fries,17654.599999999995,17534.539999999994,0.0,120.06
2022-12-07,roasted_corn_kernels,718.0,716.0,0.0,2.0
2022-12-07,crumbled_bacon,718.0,716.0,0.0,2.0
2022-12-07,avacado_lime_dressing,1068.0,1066.0,0.0,2.0
2022-12-07,red_bell_pepers,893.0,891.0,0.0,2.0
2022-12-07,grape tomatoes,965.0,955.0,0.0,10.0
2022-12-07,hard_boiled_egg,105.5,103.5,0.0,2.0
2022-12-07,blue_cheese,306.0,256.0,0.0,50.0
2022-12-07,apples,306.0,256.0,0.0,50.0
2022-12-07,strawberries,306.0,256.0,0.0,50.0
2022-12-07,blueberries,306.0,256.0,0.0,50.0
2022-12-07,harvest_nut_granola,306.0,256.0,0.0,50.0
2022-12-07,zesty_apple_vinagrette,306.0,256.0,0.0,50.0
2022-12-07,chicken_tenders,12816.0,12798.0,0.0,18.0
2022-12-07,biscuit,365.0,333.0,0.0,32.0
2022-12-07,chicken_mini_bread,1296.0,1251.0,0.0,45.0
2022-12-07,butter,628.0,624.75,0.0,3.25
2022-12-07,bacon,609.0,605.0,0.0,4.0
2022-12-07,tortilla,676.0,674.0,0.0,2.0
2022-12-07,eggs,526.0,504.0,0.0,22.0
2022-12-07,sausage,331.0,327.0,0.0,4.0
2022-12-07,bagel,113.0,77.0,0.0,36.0
2022-12-07,oatmeal,113.0,84.0,0.0,29.0
2022-12-07,fruit,658.0,640.0,0.0,18.0
2022-12-07,cream_cheese,339.0,330.0,0.0,9.0
2022-12-07,hash_brown,870.0,863.0,0.0,7.0
2022-12-07,yogurt_parfait,303.0,291.0,0.0,12.0
2022-12-07,cinamon_cluster,145.0,135.0,0.0,10.0
2022-12-07,lemonade,1049.9999999999945,4467.199999999994,3500.0,82.80000000000001
2022-12-07,straw,11218.0,10995.0,0.0,223.0
2022-12-07,small_drink_cup,4622.0,4600.0,0.0,22.0
2022-12-07,medium_drink_cup,2624.0,2466.0,0.0,158.0
2022-12-07,large_drink_cup,3972.0,3929.0,0.0,43.0
2022-12-07,lemonade_diet,2576.799999999999,2547.099999999999,0.0,29.700000000000003
2022-12-07,ice_tea_unsweet,3934.199999999987,3894.799999999987,0.0,39.4
2022-12-07,ice_tea_sweet,4503.599999999995,4443.4999999999945,0.0,60.1
2022-12-07,soft_drink,16809.600000000006,16680.600000000006,0.0,129.0
2022-12-07,dasani_water_bottle,855.0,854.0,0.0,1.0
2022-12-07,orange_juice_bottle,629.0,629.0,0.0,0.0
2022-12-07,apple_juice,779.0,768.0,0.0,11.0
2022-12-07,ice_coffee,464.5,439.25,0.0,25.25
2022-12-07,coffee,1565.5,1549.0,0.0,16.5
2022-12-07,Coffee_box,265.0,259.0,0.0,6.0
2022-12-07,milk_chocolate,492.0,483.0,0.0,9.0
2022-12-07,milk,272.0,247.0,0.0,25.0
2022-12-07,icecream,296.0,259.0,0.0,37.0
2022-12-07,vanilla_flavor,426.0,425.0,0.0,1.0
2022-12-07,cream_flavor,318.0,312.0,0.0,6.0
2022-12-07,chunk_cookie,54.0,326.0,350.0,78.0
2022-12-07,chocolate_flavor,154.0,152.0,0.0,2.0
2022-12-07,strawberry_flavor,424.0,420.0,0.0,4.0
2022-12-07,frosted_extract,112.0,106.0,0.0,6.0
2022-12-07,icecream_cone,130.0,126.0,0.0,4.0
2022-12-07,icecream_come,672.0,665.0,0.0,7.0
2022-12-07,icecream_topping,622.0,619.0,0.0,3.0
2022-12-07,to_go_bag,12904.0,12793.0,0.0,111.0
2022-12-07,napkins,22520.0,21965.0,0.0,555.0
2022-12-07,ketchup,6356.0,6355.0,0.0,1.0
2022-12-07,ranch,6394.0,6390.0,0.0,4.0
2022-12-07,buffalo_sauce,6780.0,6773.0,0.0,7.0
2022-12-07,bbq_sauce,6608.0,6604.0,0.0,4.0
2022-12-07,polyneasian,6530.0,6524.0,0.0,6.0
2022-12-07,chickfala,6398.0,6393.0,0.0,5.0
2022-12-07,silverware,6510.0,6505.0,0.0,5.0
2022-12-08,fried_batter,459.00000000000097,301.800000000001,0.0,157.2
2022-12-08,bun,747.0,701.0,0.0,46.0
2022-12-08,chicken_patty,844.0,769.0,0.0,75.0
2022-12-08,pickle_chips,3466.0,3328.0,0.0,138.0
2022-12-08,lettuce,678.0,626.0,0.0,52.0
2022-12-08,tomato,678.0,626.0,0.0,52.0
2022-12-08,cheese,236.5,188.5,0.0,48.0
2022-12-08,spice,354.0,303.0,0.0,51.0
2022-12-08,chicken_nuggets,4143.0,3594.0,0.0,549.0
2022-12-08,chicken_strips,8560.0,8490.0,0.0,70.0
2022-12-08,flat_bread,580.5,574.5,0.0,6.0
2022-12-08,mixed_greens,1079.0,1019.0,0.0,60.0
2022-12-08,shredded_monterey_jack,2054.0,2004.0,0.0,50.0
2022-12-08,waffle_fries,17414.479999999992,17276.59999999999,0.0,137.88
2022-12-08,roasted_corn_kernels,714.0,693.0,0.0,21.0
2022-12-08,crumbled_bacon,714.0,693.0,0.0,21.0
2022-12-08,avacado_lime_dressing,1064.0,1043.0,0.0,21.0
2022-12-08,red_bell_pepers,889.0,868.0,0.0,21.0
2022-12-08,grape tomatoes,945.0,840.0,0.0,105.0
2022-12-08,hard_boiled_egg,101.5,80.5,0.0,21.0
2022-12-08,blue_cheese,206.0,170.0,0.0,36.0
2022-12-08,apples,206.0,170.0,0.0,36.0
2022-12-08,strawberries,206.0,170.0,0.0,36.0
2022-12-08,blueberries,206.0,170.0,0.0,36.0
2022-12-08,harvest_nut_granola,206.0,170.0,0.0,36.0
2022-12-08,zesty_apple_vinagrette,206.0,170.0,0.0,36.0
2022-12-08,chicken_tenders,12780.0,12766.0,0.0,14.0
2022-12-08,biscuit,301.0,253.0,0.0,48.0
2022-12-08,chicken_mini_bread,1206.0,1164.0,0.0,42.0
2022-12-08,butter,621.5,619.75,0.0,1.75
2022-12-08,bacon,601.0,594.0,0.0,7.0
2022-12-08,tortilla,672.0,649.0,0.0,23.0
2022-12-08,eggs,482.0,437.0,0.0,45.0
2022-12-08,sausage,323.0,311.0,0.0,12.0
2022-12-08,bagel,41.0,178.0,175.0,38.0
2022-12-08,oatmeal,55.0,224.0,175.0,6.0
2022-12-08,fruit,622.0,599.0,0.0,23.0
2022-12-08,cream_cheese,321.0,301.0,0.0,20.0
2022-12-08,hash_brown,856.0,837.0,0.0,19.0
2022-12-08,yogurt_parfait,279.0,261.0,0.0,18.0
2022-12-08,cinamon_cluster,125.0,113.0,0.0,12.0
2022-12-08,lemonade,7884.399999999994,7801.4999999999945,0.0,82.89999999999999
2022-12-08,straw,10772.0,10531.0,0.0,241.0
2022-12-08,small_drink_cup,4578.0,4537.0,0.0,41.0
2022-12-08,medium_drink_cup,2308.0,2159.0,0.0,149.0
2022-12-08,large_drink_cup,3886.0,3835.0,0.0,51.0
2022-12-08,lemonade_diet,2517.399999999999,2477.599999999999,0.0,39.800000000000004
2022-12-08,ice_tea_unsweet,3855.399999999987,3822.499999999987,0.0,32.89999999999999
2022-12-08,ice_tea_sweet,4383.399999999994,4356.799999999994,0.0,26.599999999999998
2022-12-08,soft_drink,16551.600000000006,16414.300000000007,0.0,137.3
2022-12-08,dasani_water_bottle,853.0,837.0,0.0,16.0
2022-12-08,orange_juice_bottle,629.0,617.0,0.0,12.0
2022-12-08,apple_juice,757.0,747.0,0.0,10.0
2022-12-08,ice_coffee,414.0,395.5,0.0,18.5
2022-12-08,coffee,1532.5,1520.5,0.0,12.0
2022-12-08,Coffee_box,253.0,249.0,0.0,4.0
2022-12-08,milk_chocolate,474.0,465.0,0.0,9.0
2022-12-08,milk,222.0,193.0,0.0,29.0
2022-12-08,icecream,222.0,144.0,0.0,78.0
2022-12-08,vanilla_flavor,424.0,423.0,0.0,1.0
2022-12-08,cream_flavor,306.0,301.0,0.0,5.0
2022-12-08,chunk_cookie,598.0,532.5,0.0,65.5
2022-12-08,chocolate_flavor,150.0,145.0,0.0,5.0
2022-12-08,strawberry_flavor,416.0,403.0,0.0,13.0
2022-12-08,frosted_extract,100.0,441.0,350.0,9.0
2022-12-08,icecream_cone,122.0,112.0,0.0,10.0
2022-12-08,icecream_come,658.0,638.0,0.0,20.0
2022-12-08,icecream_topping,616.0,605.0,0.0,11.0
2022-12-08,to_go_bag,12682.0,12551.0,0.0,131.0
2022-12-08,napkins,21410.0,20755.0,0.0,655.0
2022-12-08,ketchup,6354.0,6334.0,0.0,20.0
2022-12-08,ranch,6386.0,6379.0,0.0,7.0
2022-12-08,buffalo_sauce,6766.0,6764.0,0.0,2.0
2022-12-08,bbq_sauce,6600.0,6590.0,0.0,10.0
2022-12-08,polyneasian,6518.0,6513.0,0.0,5.0
2022-12-08,chickfala,6388.0,6374.0,0.0,14.0
2022-12-08,silverware,6500.0,6489.0,0.0,11.0
2022-12-09,fried_batter,144.600000000001,517.400000000001,525.0,152.20000000000002
2022-12-09,bun,655.0,611.0,0.0,44.0
2022-12-09,chicken_patty,694.0,608.0,0.0,86.0
2022-12-09,pickle_chips,3190.0,3058.0,0.0,132.0
2022-12-09,lettuce,574.0,516.0,0.0,58.0
2022-12-09,tomato,574.0,516.0,0.0,58.0
2022-12-09,cheese,140.5,79.5,0.0,61.0
2022-12-09,spice,252.0,1270.0,1050.0,32.0
2022-12-09,chicken_nuggets,3045.0,2618.0,0.0,427.0
2022-12-09,chicken_strips,8420.0,8375.0,0.0,45.0
2022-12-09,flat_bread,568.5,562.5,0.0,6.0
2022-12-09,mixed_greens,959.0,898.0,0.0,61.0
2022-12-09,shredded_monterey_jack,1954.0,1933.0,0.0,21.0
2022-12-09,waffle_fries,17138.71999999999,16999.03999999999,0.0,139.68
2022-12-09,roasted_corn_kernels,672.0,666.0,0.0,6.0
2022-12-09,crumbled_bacon,672.0,666.0,0.0,6.0
2022-12-09,avacado_lime_dressing,1022.0,1016.0,0.0,6.0
2022-12-09,red_bell_pepers,847.0,841.0,0.0,6.0
2022-12-09,grape tomatoes,735.0,705.0,0.0,30.0
2022-12-09,hard_boiled_egg,59.5,316.0,262.5,6.0
2022-12-09,blue_cheese,134.0,432.0,350.0,52.0
2022-12-09,apples,134.0,432.0,350.0,52.0
2022-12-09,strawberries,134.0,432.0,350.0,52.0
2022-12-09,blueberries,134.0,432.0,350.0,52.0
2022-12-09,harvest_nut_granola,134.0,432.0,350.0,52.0
2022-12-09,zesty_apple_vinagrette,134.0,432.0,350.0,52.0
2022-12-09,chicken_tenders,12752.0,12720.0,0.0,32.0
2022-12-09,biscuit,205.0,153.0,0.0,52.0
2022-12-09,chicken_mini_bread,1122.0,1098.0,0.0,24.0
2022-12-09,butter,618.0,616.5,0.0,1.5
2022-12-09,bacon,587.0,583.0,0.0,4.0
2022-12-09,tortilla,626.0,617.0,0.0,9.0
2022-12-09,eggs,392.0,351.0,0.0,41.0
2022-12-09,sausage,299.0,279.0,0.0,20.0
2022-12-09,bagel,315.0,294.0,0.0,21.0
2022-12-09,oatmeal,393.0,375.0,0.0,18.0
2022-12-09,fruit,576.0,558.0,0.0,18.0
2022-12-09,cream_cheese,281.0,277.0,0.0,4.0
2022-12-09,hash_brown,818.0,814.0,0.0,4.0
2022-12-09,yogurt_parfait,243.0,233.0,0.0,10.0
2022-12-09,cinamon_cluster,101.0,97.0,0.0,4.0
2022-12-09,lemonade,7718.599999999995,7675.099999999995,0.0,43.5
2022-12-09,straw,10290.0,10070.0,0.0,220.0
2022-12-09,small_drink_cup,4496.0,4471.0,0.0,25.0
2022-12-09,medium_drink_cup,2010.0,1850.0,0.0,160.0
2022-12-09,large_drink_cup,3784.0,3749.0,0.0,35.0
2022-12-09,lemonade_diet,2437.799999999999,2418.599999999999,0.0,19.2
2022-12-09,ice_tea_unsweet,3789.5999999999867,3763.399999999987,0.0,26.2
2022-12-09,ice_tea_sweet,4330.199999999993,4286.899999999993,0.0,43.300000000000004
2022-12-09,soft_drink,16277.000000000007,16145.100000000008,0.0,131.89999999999998
2022-12-09,dasani_water_bottle,821.0,811.0,0.0,10.0
2022-12-09,orange_juice_bottle,605.0,605.0,0.0,0.0
2022-12-09,apple_juice,737.0,734.0,0.0,3.0
2022-12-09,ice_coffee,377.0,359.25,0.0,17.75
2022-12-09,coffee,1508.5,1497.0,0.0,11.5
2022-12-09,Coffee_box,245.0,237.0,0.0,8.0
2022-12-09,milk_chocolate,456.0,453.0,0.0,3.0
2022-12-09,milk,164.0,131.0,0.0,33.0
2022-12-09,icecream,66.0,348.0,350.0,68.0
2022-12-09,vanilla_flavor,422.0,414.0,0.0,8.0
2022-12-09,cream_flavor,296.0,295.0,0.0,1.0
2022-12-09,chunk_cookie,467.0,434.5,0.0,32.5
2022-12-09,chocolate_flavor,140.0,133.0,0.0,7.0
2022-12-09,strawberry_flavor,390.0,383.0,0.0,7.0
2022-12-09,frosted_extract,782.0,777.0,0.0,5.0
2022-12-09,icecream_cone,102.0,446.0,350.0,6.0
2022-12-09,icecream_come,618.0,602.0,0.0,16.0
2022-12-09,icecream_topping,594.0,591.0,0.0,3.0
2022-12-09,to_go_bag,12420.0,12316.0,0.0,104.0
2022-12-09,napkins,20100.0,19580.0,0.0,520.0
2022-12-09,ketchup,6314.0,6311.0,0.0,3.0
2022-12-09,ranch,6372.0,6368.0,0.0,4.0
2022-12-09,buffalo_sauce,6762.0,6761.0,0.0,1.0
2022-12-09,bbq_sauce,6580.0,6572.0,0.0,8.0
2022-12-09,polyneasian,6508.0,6502.0,0.0,6.0
2022-12-09,chickfala,6360.0,6357.0,0.0,3.0
2022-12-09,silverware,6478.0,6470.0,0.0,8.0
2022-12-10,fried_batter,890.200000000001,739.6000000000009,0.0,150.6
2022-12-10,bun,567.0,541.0,0.0,26.0
2022-12-10,chicken_patty,522.0,436.5,0.0,85.5
2022-12-10,pickle_chips,2926.0,2848.0,0.0,78.0
2022-12-10,lettuce,458.0,430.0,0.0,28.0
2022-12-10,tomato,458.0,430.0,0.0,28.0
2022-12-10,cheese,18.5,239.0,262.5,42.0
2022-12-10,spice,2288.0,2262.0,0.0,26.0
2022-12-10,chicken_nuggets,2191.0,8765.0,7000.0,426.0
2022-12-10,chicken_strips,8330.0,8256.0,0.0,74.0
2022-12-10,flat_bread,556.5,548.5,0.0,8.0
2022-12-10,mixed_greens,837.0,763.0,0.0,74.0
2022-12-10,shredded_monterey_jack,1912.0,1900.0,0.0,12.0
2022-12-10,waffle_fries,16859.35999999999,16721.31999999999,0.0,138.04
2022-12-10,roasted_corn_kernels,660.0,658.0,0.0,2.0
2022-12-10,crumbled_bacon,660.0,658.0,0.0,2.0
2022-12-10,avacado_lime_dressing,1010.0,1008.0,0.0,2.0
2022-12-10,red_bell_pepers,835.0,833.0,0.0,2.0
2022-12-10,grape tomatoes,675.0,665.0,0.0,10.0
2022-12-10,hard_boiled_egg,572.5,570.5,0.0,2.0
2022-12-10,blue_cheese,730.0,662.0,0.0,68.0
2022-12-10,apples,730.0,662.0,0.0,68.0
2022-12-10,strawberries,730.0,662.0,0.0,68.0
2022-12-10,blueberries,730.0,662.0,0.0,68.0
2022-12-10,harvest_nut_granola,730.0,662.0,0.0,68.0
2022-12-10,zesty_apple_vinagrette,730.0,662.0,0.0,68.0
2022-12-10,chicken_tenders,12688.0,12678.0,0.0,10.0
2022-12-10,biscuit,101.0,585.0,525.0,41.0
2022-12-10,chicken_mini_bread,1074.0,996.0,0.0,78.0
2022-12-10,butter,615.0,613.5,0.0,1.5
2022-12-10,bacon,579.0,568.0,0.0,11.0
2022-12-10,tortilla,608.0,606.0,0.0,2.0
2022-12-10,eggs,310.0,280.0,0.0,30.0
2022-12-10,sausage,259.0,256.0,0.0,3.0
2022-12-10,bagel,273.0,242.0,0.0,31.0
2022-12-10,oatmeal,357.0,335.0,0.0,22.0
2022-12-10,fruit,540.0,498.0,0.0,42.0
2022-12-10,cream_cheese,273.0,260.0,0.0,13.0
2022-12-10,hash_brown,810.0,797.0,0.0,13.0
2022-12-10,yogurt_parfait,223.0,213.0,0.0,10.0
2022-12-10,cinamon_cluster,93.0,81.0,0.0,12.0
2022-12-10,lemonade,7631.599999999995,7583.899999999995,0.0,47.7
2022-12-10,straw,9850.0,9639.0,0.0,211.0
2022-12-10,small_drink_cup,4446.0,4424.0,0.0,22.0
2022-12-10,medium_drink_cup,1690.0,1536.0,0.0,154.0
2022-12-10,large_drink_cup,3714.0,3679.0,0.0,35.0
2022-12-10,lemonade_diet,2399.399999999999,2369.499999999999,0.0,29.900000000000002
2022-12-10,ice_tea_unsweet,3737.199999999987,3727.4999999999873,0.0,9.700000000000001
2022-12-10,ice_tea_sweet,4243.599999999993,4173.399999999993,0.0,70.2
2022-12-10,soft_drink,16013.200000000008,15876.300000000008,0.0,136.9
2022-12-10,dasani_water_bottle,801.0,789.0,0.0,12.0
2022-12-10,orange_juice_bottle,605.0,599.0,0.0,6.0
2022-12-10,apple_juice,731.0,724.0,0.0,7.0
2022-12-10,ice_coffee,341.5,331.5,0.0,10.0
2022-12-10,coffee,1485.5,1458.0,0.0,27.5
2022-12-10,Coffee_box,229.0,226.0,0.0,3.0
2022-12-10,milk_chocolate,450.0,442.0,0.0,8.0
2022-12-10,milk,98.0,409.0,350.0,39.0
2022-12-10,icecream,630.0,563.0,0.0,67.0
2022-12-10,vanilla_flavor,406.0,395.0,0.0,11.0
2022-12-10,cream_flavor,294.0,283.0,0.0,11.0
2022-12-10,chunk_cookie,402.0,351.5,0.0,50.5
2022-12-10,chocolate_flavor,126.0,120.0,0.0,6.0
2022-12-10,strawberry_flavor,376.0,376.0,0.0,0.0
2022-12-10,frosted_extract,772.0,767.0,0.0,5.0
2022-12-10,icecream_cone,790.0,788.0,0.0,2.0
2022-12-10,icecream_come,586.0,577.0,0.0,9.0
2022-12-10,icecream_topping,588.0,580.0,0.0,8.0
2022-12-10,to_go_bag,12212.0,12094.0,0.0,118.0
2022-12-10,napkins,19060.0,18470.0,0.0,590.0
2022-12-10,ketchup,6308.0,6303.0,0.0,5.0
2022-12-10,ranch,6364.0,6363.0,0.0,1.0
2022-12-10,buffalo_sauce,6760.0,6754.0,0.0,6.0
2022-12-10,bbq_sauce,6564.0,6551.0,0.0,13.0
2022-12-10,polyneasian,6496.0,6485.0,0.0,11.0
2022-12-10,chickfala,6354.0,6343.0,0.0,11.0
2022-12-10,silverware,6462.0,6452.0,0.0,10.0
2022-12-12,fried_batter,589.0000000000009,458.60000000000093,0.0,130.4
2022-12-12,bun,515.0,470.0,0.0,45.0
2022-12-12,chicken_patty,351.0,261.5,0.0,89.5
2022-12-12,pickle_chips,2770.0,2635.0,0.0,135.0
2022-12-12,lettuce,402.0,372.0,0.0,30.0
2022-12-12,tomato,402.0,372.0,0.0,30.0
2022-12-12,cheese,459.5,414.5,0.0,45.0
2022-12-12,spice,2236.0,2223.0,0.0,13.0
2022-12-12,chicken_nuggets,15339.0,14949.0,0.0,390.0
2022-12-12,chicken_strips,8182.0,8121.0,0.0,61.0
2022-12-12,flat_bread,540.5,540.5,0.0,0.0
2022-12-12,mixed_greens,689.0,631.0,0.0,58.0
2022-12-12,shredded_monterey_jack,1888.0,1873.0,0.0,15.0
2022-12-12,waffle_fries,16583.279999999988,16439.419999999987,0.0,143.85999999999999
2022-12-12,roasted_corn_kernels,656.0,651.0,0.0,5.0
2022-12-12,crumbled_bacon,656.0,651.0,0.0,5.0
2022-12-12,avacado_lime_dressing,1006.0,1001.0,0.0,5.0
2022-12-12,red_bell_pepers,831.0,826.0,0.0,5.0
2022-12-12,grape tomatoes,655.0,630.0,0.0,25.0
2022-12-12,hard_boiled_egg,568.5,563.5,0.0,5.0
2022-12-12,blue_cheese,594.0,541.0,0.0,53.0
2022-12-12,apples,594.0,541.0,0.0,53.0
2022-12-12,strawberries,594.0,541.0,0.0,53.0
2022-12-12,blueberries,594.0,541.0,0.0,53.0
2022-12-12,harvest_nut_granola,594.0,541.0,0.0,53.0
2022-12-12,zesty_apple_vinagrette,594.0,541.0,0.0,53.0
2022-12-12,chicken_tenders,12668.0,12650.0,0.0,18.0
2022-12-12,biscuit,1069.0,1028.0,0.0,41.0
2022-12-12,chicken_mini_bread,918.0,885.0,0.0,33.0
2022-12-12,butter,612.0,609.0,0.0,3.0
2022-12-12,bacon,557.0,550.0,0.0,7.0
2022-12-12,tortilla,604.0,594.0,0.0,10.0
2022-12-12,eggs,250.0,210.0,0.0,40.0
2022-12-12,sausage,253.0,244.0,0.0,9.0
2022-12-12,bagel,211.0,181.0,0.0,30.0
2022-12-12,oatmeal,313.0,286.0,0.0,27.0
2022-12-12,fruit,456.0,420.0,0.0,36.0
2022-12-12,cream_cheese,247.0,239.0,0.0,8.0
2022-12-12,hash_brown,784.0,783.0,0.0,1.0
2022-12-12,yogurt_parfait,203.0,203.0,0.0,0.0
2022-12-12,cinamon_cluster,69.0,64.0,0.0,5.0
2022-12-12,lemonade,7536.199999999995,7505.199999999995,0.0,31.0
2022-12-12,straw,9428.0,9191.0,0.0,237.0
2022-12-12,small_drink_cup,4402.0,4370.0,0.0,32.0
2022-12-12,medium_drink_cup,1382.0,1210.0,0.0,172.0
2022-12-12,large_drink_cup,3644.0,3611.0,0.0,33.0
2022-12-12,lemonade_diet,2339.599999999999,2301.699999999999,0.0,37.89999999999999
2022-12-12,ice_tea_unsweet,3717.7999999999874,3697.8999999999874,0.0,19.9
2022-12-12,ice_tea_sweet,4103.199999999993,4058.5999999999935,0.0,44.60000000000001
2022-12-12,soft_drink,15739.400000000009,15592.60000000001,0.0,146.79999999999998
2022-12-12,dasani_water_bottle,777.0,775.0,0.0,2.0
2022-12-12,orange_juice_bottle,593.0,592.0,0.0,1.0
2022-12-12,apple_juice,717.0,714.0,0.0,3.0
2022-12-12,ice_coffee,321.5,313.75,0.0,7.75
2022-12-12,coffee,1430.5,1389.25,0.0,41.25
2022-12-12,Coffee_box,223.0,217.0,0.0,6.0
2022-12-12,milk_chocolate,434.0,421.0,0.0,13.0
2022-12-12,milk,720.0,664.0,0.0,56.0
2022-12-12,icecream,496.0,409.0,0.0,87.0
2022-12-12,vanilla_flavor,384.0,378.0,0.0,6.0
2022-12-12,cream_flavor,272.0,268.0,0.0,4.0
2022-12-12,chunk_cookie,301.0,255.0,0.0,46.0
2022-12-12,chocolate_flavor,114.0,104.0,0.0,10.0
2022-12-12,strawberry_flavor,376.0,359.0,0.0,17.0
2022-12-12,frosted_extract,762.0,761.0,0.0,1.0
2022-12-12,icecream_cone,786.0,780.0,0.0,6.0
2022-12-12,icecream_come,568.0,561.0,0.0,7.0
2022-12-12,icecream_topping,572.0,555.0,0.0,17.0
2022-12-12,to_go_bag,11976.0,11867.0,0.0,109.0
2022-12-12,napkins,17880.0,17335.0,0.0,545.0
2022-12-12,ketchup,6298.0,6294.0,0.0,4.0
2022-12-12,ranch,6362.0,6361.0,0.0,1.0
2022-12-12,buffalo_sauce,6748.0,6737.0,0.0,11.0
2022-12-12,bbq_sauce,6538.0,6538.0,0.0,0.0
2022-12-12,polyneasian,6474.0,6467.0,0.0,7.0
2022-12-12,chickfala,6332.0,6326.0,0.0,6.0
2022-12-12,silverware,6442.0,6436.0,0.0,6.0
2022-12-13,fried_batter,328.20000000000095,164.20000000000095,0.0,164.0
2022-12-13,bun,425.0,396.0,0.0,29.0
2022-12-13,chicken_patty,172.0,801.0,700.0,71.0
2022-12-13,pickle_chips,2500.0,2413.0,0.0,87.0
2022-12-13,lettuce,342.0,308.0,0.0,34.0
2022-12-13,tomato,342.0,308.0,0.0,34.0
2022-12-13,cheese,369.5,318.5,0.0,51.0
2022-12-13,spice,2210.0,2173.0,0.0,37.0
2022-12-13,chicken_nuggets,14559.0,14068.5,0.0,490.5
2022-12-13,chicken_strips,8060.0,7948.0,0.0,112.0
2022-12-13,flat_bread,540.5,535.5,0.0,5.0
2022-12-13,mixed_greens,573.0,508.5,0.0,64.5
2022-12-13,shredded_monterey_jack,1858.0,1822.0,0.0,36.0
2022-12-13,waffle_fries,16295.559999999987,16184.659999999987,0.0,110.9
2022-12-13,roasted_corn_kernels,646.0,625.0,0.0,21.0
2022-12-13,crumbled_bacon,646.0,625.0,0.0,21.0
2022-12-13,avacado_lime_dressing,996.0,975.0,0.0,21.0
2022-12-13,red_bell_pepers,821.0,800.0,0.0,21.0
2022-12-13,grape tomatoes,605.0,500.0,0.0,105.0
2022-12-13,hard_boiled_egg,558.5,537.5,0.0,21.0
2022-12-13,blue_cheese,488.0,447.0,0.0,41.0
2022-12-13,apples,488.0,447.0,0.0,41.0
2022-12-13,strawberries,488.0,447.0,0.0,41.0
2022-12-13,blueberries,488.0,447.0,0.0,41.0
2022-12-13,harvest_nut_granola,488.0,447.0,0.0,41.0
2022-12-13,zesty_apple_vinagrette,488.0,447.0,0.0,41.0
2022-12-13,chicken_tenders,12632.0,12624.0,0.0,8.0
2022-12-13,biscuit,987.0,937.0,0.0,50.0
2022-12-13,chicken_mini_bread,852.0,813.0,0.0,39.0
2022-12-13,butter,606.0,604.75,0.0,1.25
2022-12-13,bacon,543.0,531.0,0.0,12.0
2022-12-13,tortilla,584.0,574.0,0.0,10.0
2022-12-13,eggs,170.0,126.0,0.0,44.0
2022-12-13,sausage,235.0,226.0,0.0,9.0
2022-12-13,bagel,151.0,122.0,0.0,29.0
2022-12-13,oatmeal,259.0,238.0,0.0,21.0
2022-12-13,fruit,384.0,356.5,0.0,27.5
2022-12-13,cream_cheese,231.0,221.0,0.0,10.0
2022-12-13,hash_brown,782.0,761.0,0.0,21.0
2022-12-13,yogurt_parfait,203.0,195.0,0.0,8.0
2022-12-13,cinamon_cluster,59.0,50.0,0.0,9.0
2022-12-13,lemonade,7474.199999999995,7426.999999999995,0.0,47.20000000000001
2022-12-13,straw,8954.0,8759.0,0.0,195.0
2022-12-13,small_drink_cup,4338.0,4291.0,0.0,47.0
2022-12-13,medium_drink_cup,1038.0,4421.0,3500.0,117.0
2022-12-13,large_drink_cup,3578.0,3547.0,0.0,31.0
2022-12-13,lemonade_diet,2263.799999999999,2252.699999999999,0.0,11.1
2022-12-13,ice_tea_unsweet,3677.9999999999873,3656.3999999999874,0.0,21.599999999999998
2022-12-13,ice_tea_sweet,4013.9999999999936,3943.6999999999935,0.0,70.3
2022-12-13,soft_drink,15445.80000000001,15329.70000000001,0.0,116.1
2022-12-13,dasani_water_bottle,773.0,759.0,0.0,14.0
2022-12-13,orange_juice_bottle,591.0,578.0,0.0,13.0
2022-12-13,apple_juice,711.0,698.0,0.0,13.0
2022-12-13,ice_coffee,306.0,295.0,0.0,11.0
2022-12-13,coffee,1348.0,1335.25,0.0,12.75
2022-12-13,Coffee_box,211.0,202.0,0.0,9.0
2022-12-13,milk_chocolate,408.0,397.0,0.0,11.0
2022-12-13,milk,608.0,567.0,0.0,41.0
2022-12-13,icecream,322.0,245.0,0.0,77.0
2022-12-13,vanilla_flavor,372.0,360.0,0.0,12.0
2022-12-13,cream_flavor,264.0,252.0,0.0,12.0
2022-12-13,chunk_cookie,209.0,150.0,0.0,59.0
2022-12-13,chocolate_flavor,94.0,439.0,350.0,5.0
2022-12-13,strawberry_flavor,342.0,339.0,0.0,3.0
2022-12-13,frosted_extract,760.0,754.0,0.0,6.0
2022-12-13,icecream_cone,774.0,766.0,0.0,8.0
2022-12-13,icecream_come,554.0,549.0,0.0,5.0
2022-12-13,icecream_topping,538.0,538.0,0.0,0.0
2022-12-13,to_go_bag,11758.0,11645.0,0.0,113.0
2022-12-13,napkins,16790.0,16225.0,0.0,565.0
2022-12-13,ketchup,6290.0,6284.0,0.0,6.0
2022-12-13,ranch,6360.0,6350.0,0.0,10.0
2022-12-13,buffalo_sauce,6726.0,6725.0,0.0,1.0
2022-12-13,bbq_sauce,6538.0,6526.0,0.0,12.0
2022-12-13,polyneasian,6460.0,6452.0,0.0,8.0
2022-12-13,chickfala,6320.0,6303.0,0.0,17.0
2022-12-13,silverware,6430.0,6428.0,0.0,2.0
2022-12-14,fried_batter,0.20000000000095497,368.800000000001,525.0,156.4
2022-12-14,bun,367.0,314.0,0.0,53.0
2022-12-14,chicken_patty,1430.0,1339.5,0.0,90.5
2022-12-14,pickle_chips,2326.0,2167.0,0.0,159.0
2022-12-14,lettuce,274.0,220.0,0.0,54.0
2022-12-14,tomato,274.0,220.0,0.0,54.0
2022-12-14,cheese,267.5,225.5,0.0,42.0
2022-12-14,spice,2136.0,2096.0,0.0,40.0
2022-12-14,chicken_nuggets,13578.0,13105.5,0.0,472.5
2022-12-14,chicken_strips,7836.0,7797.0,0.0,39.0
2022-12-14,flat_bread,530.5,523.5,0.0,7.0
2022-12-14,mixed_greens,444.0,373.5,0.0,70.5
2022-12-14,shredded_monterey_jack,1786.0,1770.0,0.0,16.0
2022-12-14,waffle_fries,16073.759999999987,15940.539999999988,0.0,133.22
2022-12-14,roasted_corn_kernels,604.0,601.0,0.0,3.0
2022-12-14,crumbled_bacon,604.0,601.0,0.0,3.0
2022-12-14,avacado_lime_dressing,954.0,951.0,0.0,3.0
2022-12-14,red_bell_pepers,779.0,776.0,0.0,3.0
2022-12-14,grape tomatoes,395.0,380.0,0.0,15.0
2022-12-14,hard_boiled_egg,516.5,513.5,0.0,3.0
2022-12-14,blue_cheese,406.0,342.0,0.0,64.0
2022-12-14,apples,406.0,342.0,0.0,64.0
2022-12-14,strawberries,406.0,342.0,0.0,64.0
2022-12-14,blueberries,406.0,342.0,0.0,64.0
2022-12-14,harvest_nut_granola,406.0,342.0,0.0,64.0
2022-12-14,zesty_apple_vinagrette,406.0,342.0,0.0,64.0
2022-12-14,chicken_tenders,12616.0,12602.0,0.0,14.0
2022-12-14,biscuit,887.0,852.0,0.0,35.0
2022-12-14,chicken_mini_bread,774.0,738.0,0.0,36.0
2022-12-14,butter,603.5,602.5,0.0,1.0
2022-12-14,bacon,519.0,516.0,0.0,3.0
2022-12-14,tortilla,564.0,558.0,0.0,6.0
2022-12-14,eggs,82.0,411.0,350.0,21.0
2022-12-14,sausage,217.0,212.0,0.0,5.0
2022-12-14,bagel,93.0,78.0,0.0,15.0
2022-12-14,oatmeal,217.0,202.0,0.0,15.0
2022-12-14,fruit,329.0,315.5,0.0,13.5
2022-12-14,cream_cheese,211.0,206.0,0.0,5.0
2022-12-14,hash_brown,740.0,735.0,0.0,5.0
2022-12-14,yogurt_parfait,187.0,182.0,0.0,5.0
2022-12-14,cinamon_cluster,41.0,208.0,175.0,8.0
2022-12-14,lemonade,7379.799999999996,7304.399999999996,0.0,75.4
2022-12-14,straw,8564.0,8330.0,0.0,234.0
2022-12-14,small_drink_cup,4244.0,4212.0,0.0,32.0
2022-12-14,medium_drink_cup,7804.0,7635.0,0.0,169.0
2022-12-14,large_drink_cup,3516.0,3483.0,0.0,33.0
2022-12-14,lemonade_diet,2241.599999999999,2203.099999999999,0.0,38.49999999999999
2022-12-14,ice_tea_unsweet,3634.7999999999874,3615.8999999999874,0.0,18.9
2022-12-14,ice_tea_sweet,3873.3999999999933,3838.2999999999934,0.0,35.10000000000001
2022-12-14,soft_drink,15213.60000000001,15081.900000000009,0.0,131.7
2022-12-14,dasani_water_bottle,745.0,745.0,0.0,0.0
2022-12-14,orange_juice_bottle,565.0,559.0,0.0,6.0
2022-12-14,apple_juice,685.0,682.0,0.0,3.0
2022-12-14,ice_coffee,284.0,259.25,0.0,24.75
2022-12-14,coffee,1322.5,1311.25,0.0,11.25
2022-12-14,Coffee_box,193.0,186.0,0.0,7.0
2022-12-14,milk_chocolate,386.0,373.0,0.0,13.0
2022-12-14,milk,526.0,492.0,0.0,34.0
2022-12-14,icecream,168.0,103.0,0.0,65.0
2022-12-14,vanilla_flavor,348.0,343.0,0.0,5.0
2022-12-14,cream_flavor,240.0,237.0,0.0,3.0
2022-12-14,chunk_cookie,91.0,319.5,350.0,121.5
2022-12-14,chocolate_flavor,784.0,782.0,0.0,2.0
2022-12-14,strawberry_flavor,336.0,322.0,0.0,14.0
2022-12-14,frosted_extract,748.0,747.0,0.0,1.0
2022-12-14,icecream_cone,758.0,755.0,0.0,3.0
2022-12-14,icecream_come,544.0,530.0,0.0,14.0
2022-12-14,icecream_topping,538.0,526.0,0.0,12.0
2022-12-14,to_go_bag,11532.0,11427.0,0.0,105.0
2022-12-14,napkins,15660.0,15135.0,0.0,525.0
2022-12-14,ketchup,6278.0,6267.0,0.0,11.0
2022-12-14,ranch,6340.0,6334.0,0.0,6.0
2022-12-14,buffalo_sauce,6724.0,6720.0,0.0,4.0
2022-12-14,bbq_sauce,6514.0,6510.0,0.0,4.0
2022-12-14,polyneasian,6444.0,6439.0,0.0,5.0
2022-12-14,chickfala,6286.0,6269.0,0.0,17.0
2022-12-14,silverware,6426.0,6416.0,0.0,10.0
2022-12-15,fried_batter,737.400000000001,639.200000000001,0.0,98.2
2022-12-15,bun,261.0,225.0,0.0,36.0
2022-12-15,chicken_patty,1249.0,1188.5,0.0,60.5
2022-12-15,pickle_chips,2008.0,1900.0,0.0,108.0
2022-12-15,lettuce,166.0,122.0,0.0,44.0
2022-12-15,tomato,166.0,122.0,0.0,44.0
2022-12-15,cheese,183.5,134.5,0.0,49.0
2022-12-15,spice,2056.0,2041.0,0.0,15.0
2022-12-15,chicken_nuggets,12633.0,12179.0,0.0,454.0
2022-12-15,chicken_strips,7758.0,7713.0,0.0,45.0
2022-12-15,flat_bread,516.5,510.5,0.0,6.0
2022-12-15,mixed_greens,303.0,260.0,0.0,43.0
2022-12-15,shredded_monterey_jack,1754.0,1744.0,0.0,10.0
2022-12-15,waffle_fries,15807.319999999989,15655.659999999989,0.0,151.66
2022-12-15,roasted_corn_kernels,598.0,597.0,0.0,1.0
2022-12-15,crumbled_bacon,598.0,597.0,0.0,1.0
2022-12-15,avacado_lime_dressing,948.0,947.0,0.0,1.0
2022-12-15,red_bell_pepers,773.0,772.0,0.0,1.0
2022-12-15,grape tomatoes,365.0,360.0,0.0,5.0
2022-12-15,hard_boiled_egg,510.5,509.5,0.0,1.0
2022-12-15,blue_cheese,278.0,239.0,0.0,39.0
2022-12-15,apples,278.0,239.0,0.0,39.0
2022-12-15,strawberries,278.0,239.0,0.0,39.0
2022-12-15,blueberries,278.0,239.0,0.0,39.0
2022-12-15,harvest_nut_granola,278.0,239.0,0.0,39.0
2022-12-15,zesty_apple_vinagrette,278.0,239.0,0.0,39.0
2022-12-15,chicken_tenders,12588.0,12586.0,0.0,2.0
2022-12-15,biscuit,817.0,787.0,0.0,30.0
2022-12-15,chicken_mini_bread,702.0,645.0,0.0,57.0
2022-12-15,butter,601.5,600.5,0.0,1.0
2022-12-15,bacon,513.0,496.0,0.0,17.0
2022-12-15,tortilla,552.0,549.0,0.0,3.0
2022-12-15,eggs,740.0,710.0,0.0,30.0
2022-12-15,sausage,207.0,203.0,0.0,4.0
2022-12-15,bagel,63.0,223.0,175.0,15.0
2022-12-15,oatmeal,187.0,169.0,0.0,18.0
2022-12-15,fruit,302.0,279.0,0.0,23.0
2022-12-15,cream_cheese,201.0,196.0,0.0,5.0
2022-12-15,hash_brown,730.0,716.0,0.0,14.0
2022-12-15,yogurt_parfait,177.0,167.0,0.0,10.0
2022-12-15,cinamon_cluster,375.0,371.0,0.0,4.0
2022-12-15,lemonade,7228.999999999996,7171.699999999996,0.0,57.3
2022-12-15,straw,8096.0,7868.0,0.0,228.0
2022-12-15,small_drink_cup,4180.0,4120.0,0.0,60.0
2022-12-15,medium_drink_cup,7466.0,7322.0,0.0,144.0
2022-12-15,large_drink_cup,3450.0,3426.0,0.0,24.0
2022-12-15,lemonade_diet,2164.599999999999,2145.199999999999,0.0,19.4
2022-12-15,ice_tea_unsweet,3596.9999999999873,3573.2999999999874,0.0,23.7
2022-12-15,ice_tea_sweet,3803.1999999999935,3781.2999999999934,0.0,21.900000000000002
2022-12-15,soft_drink,14950.200000000008,14814.500000000007,0.0,135.7
2022-12-15,dasani_water_bottle,745.0,742.0,0.0,3.0
2022-12-15,orange_juice_bottle,553.0,550.0,0.0,3.0
2022-12-15,apple_juice,679.0,678.0,0.0,1.0
2022-12-15,ice_coffee,234.5,222.0,0.0,12.5
2022-12-15,coffee,1300.0,1273.75,0.0,26.25
2022-12-15,Coffee_box,179.0,174.0,0.0,5.0
2022-12-15,milk_chocolate,360.0,337.0,0.0,23.0
2022-12-15,milk,458.0,401.0,0.0,57.0
2022-12-15,icecream,38.0,286.0,350.0,102.0
2022-12-15,vanilla_flavor,338.0,332.0,0.0,6.0
2022-12-15,cream_flavor,234.0,231.0,0.0,3.0
2022-12-15,chunk_cookie,548.0,437.5,0.0,110.5
2022-12-15,chocolate_flavor,780.0,772.0,0.0,8.0
2022-12-15,strawberry_flavor,308.0,280.0,0.0,28.0
2022-12-15,frosted_extract,746.0,738.0,0.0,8.0
2022-12-15,icecream_cone,752.0,749.0,0.0,3.0
2022-12-15,icecream_come,516.0,507.0,0.0,9.0
2022-12-15,icecream_topping,514.0,504.0,0.0,10.0
2022-12-15,to_go_bag,11322.0,11214.0,0.0,108.0
2022-12-15,napkins,14610.0,14070.0,0.0,540.0
2022-12-15,ketchup,6256.0,6254.0,0.0,2.0
2022-12-15,ranch,6328.0,6321.0,0.0,7.0
2022-12-15,buffalo_sauce,6716.0,6716.0,0.0,0.0
2022-12-15,bbq_sauce,6506.0,6490.0,0.0,16.0
2022-12-15,polyneasian,6434.0,6434.0,0.0,0.0
2022-12-15,chickfala,6252.0,6244.0,0.0,8.0
2022-12-15,silverware,6406.0,6406.0,0.0,0.0
2022-12-16,fried_batter,541.0000000000009,410.8000000000009,0.0,130.2
2022-12-16,bun,189.0,672.0,525.0,42.0
2022-12-16,chicken_patty,1128.0,1050.5,0.0,77.5
2022-12-16,pickle_chips,1792.0,1666.0,0.0,126.0
2022-12-16,lettuce,78.0,382.0,350.0,46.0
2022-12-16,tomato,78.0,382.0,350.0,46.0
2022-12-16,cheese,85.5,304.0,262.5,44.0
2022-12-16,spice,2026.0,2000.0,0.0,26.0
2022-12-16,chicken_nuggets,11725.0,11326.5,0.0,398.5
2022-12-16,chicken_strips,7668.0,7610.0,0.0,58.0
2022-12-16,flat_bread,504.5,495.5,0.0,9.0
2022-12-16,mixed_greens,217.0,856.5,700.0,60.5
2022-12-16,shredded_monterey_jack,1734.0,1701.0,0.0,33.0
2022-12-16,waffle_fries,15503.999999999989,15346.03999999999,0.0,157.96
2022-12-16,roasted_corn_kernels,596.0,588.0,0.0,8.0
2022-12-16,crumbled_bacon,596.0,588.0,0.0,8.0
2022-12-16,avacado_lime_dressing,946.0,938.0,0.0,8.0
2022-12-16,red_bell_pepers,771.0,763.0,0.0,8.0
2022-12-16,grape tomatoes,355.0,315.0,0.0,40.0
2022-12-16,hard_boiled_egg,508.5,500.5,0.0,8.0
2022-12-16,blue_cheese,200.0,152.0,0.0,48.0
2022-12-16,apples,200.0,152.0,0.0,48.0
2022-12-16,strawberries,200.0,152.0,0.0,48.0
2022-12-16,blueberries,200.0,152.0,0.0,48.0
2022-12-16,harvest_nut_granola,200.0,152.0,0.0,48.0
2022-12-16,zesty_apple_vinagrette,200.0,152.0,0.0,48.0
2022-12-16,chicken_tenders,12584.0,12578.0,0.0,6.0
2022-12-16,biscuit,757.0,720.0,0.0,37.0
2022-12-16,chicken_mini_bread,588.0,531.0,0.0,57.0
2022-12-16,butter,599.5,598.0,0.0,1.5
2022-12-16,bacon,479.0,476.0,0.0,3.0
2022-12-16,tortilla,546.0,530.0,0.0,16.0
2022-12-16,eggs,680.0,643.0,0.0,37.0
2022-12-16,sausage,199.0,188.0,0.0,11.0
2022-12-16,bagel,383.0,359.0,0.0,24.0
2022-12-16,oatmeal,151.0,147.0,0.0,4.0
2022-12-16,fruit,256.0,237.5,0.0,18.5
2022-12-16,cream_cheese,191.0,181.0,0.0,10.0
2022-12-16,hash_brown,702.0,694.0,0.0,8.0
2022-12-16,yogurt_parfait,157.0,146.0,0.0,11.0
2022-12-16,cinamon_cluster,367.0,360.0,0.0,7.0
2022-12-16,lemonade,7114.399999999996,7065.099999999996,0.0,49.300000000000004
2022-12-16,straw,7640.0,7399.0,0.0,241.0
2022-12-16,small_drink_cup,4060.0,4030.0,0.0,30.0
2022-12-16,medium_drink_cup,7178.0,7016.0,0.0,162.0
2022-12-16,large_drink_cup,3402.0,3353.0,0.0,49.0
2022-12-16,lemonade_diet,2125.799999999999,2093.099999999999,0.0,32.7
2022-12-16,ice_tea_unsweet,3549.5999999999876,3521.899999999988,0.0,27.7
2022-12-16,ice_tea_sweet,3759.3999999999933,3713.7999999999934,0.0,45.6
2022-12-16,soft_drink,14678.800000000007,14513.900000000007,0.0,164.9
2022-12-16,dasani_water_bottle,739.0,735.0,0.0,4.0
2022-12-16,orange_juice_bottle,547.0,543.0,0.0,4.0
2022-12-16,apple_juice,677.0,665.0,0.0,12.0
2022-12-16,ice_coffee,209.5,202.0,0.0,7.5
2022-12-16,coffee,1247.5,1215.75,0.0,31.75
2022-12-16,Coffee_box,169.0,163.0,0.0,6.0
2022-12-16,milk_chocolate,314.0,312.0,0.0,2.0
2022-12-16,milk,344.0,305.0,0.0,39.0
2022-12-16,icecream,534.0,426.0,0.0,108.0
2022-12-16,vanilla_flavor,326.0,322.0,0.0,4.0
2022-12-16,cream_flavor,228.0,215.0,0.0,13.0
2022-12-16,chunk_cookie,327.0,311.5,0.0,15.5
2022-12-16,chocolate_flavor,764.0,761.0,0.0,3.0
2022-12-16,strawberry_flavor,252.0,236.0,0.0,16.0
2022-12-16,frosted_extract,730.0,716.0,0.0,14.0
2022-12-16,icecream_cone,746.0,721.0,0.0,25.0
2022-12-16,icecream_come,498.0,487.0,0.0,11.0
2022-12-16,icecream_topping,494.0,484.0,0.0,10.0
2022-12-16,to_go_bag,11106.0,10988.0,0.0,118.0
2022-12-16,napkins,13530.0,12940.0,0.0,590.0
2022-12-16,ketchup,6252.0,6248.0,0.0,4.0
2022-12-16,ranch,6314.0,6305.0,0.0,9.0
2022-12-16,buffalo_sauce,6716.0,6710.0,0.0,6.0
2022-12-16,bbq_sauce,6474.0,6463.0,0.0,11.0
2022-12-16,polyneasian,6434.0,6429.0,0.0,5.0
2022-12-16,chickfala,6236.0,6232.0,0.0,4.0
2022-12-16,silverware,6406.0,6393.0,0.0,13.0
2022-12-17,fried_batter,280.60000000000093,156.80000000000092,0.0,123.8
2022-12-17,bun,1155.0,1111.0,0.0,44.0
2022-12-17,chicken_patty,973.0,898.5,0.0,74.5
2022-12-17,pickle_chips,1540.0,1408.0,0.0,132.0
2022-12-17,lettuce,686.0,652.0,0.0,34.0
2022-12-17,tomato,686.0,652.0,0.0,34.0
2022-12-17,cheese,522.5,496.5,0.0,26.0
2022-12-17,spice,1974.0,1943.0,0.0,31.0
2022-12-17,chicken_nuggets,10928.0,10530.5,0.0,397.5
2022-12-17,chicken_strips,7552.0,7530.0,0.0,22.0
2022-12-17,flat_bread,486.5,481.5,0.0,5.0
2022-12-17,mixed_greens,1496.0,1438.5,0.0,57.5
2022-12-17,shredded_monterey_jack,1668.0,1654.0,0.0,14.0
2022-12-17,waffle_fries,15188.07999999999,15014.619999999992,0.0,173.46
2022-12-17,roasted_corn_kernels,580.0,575.0,0.0,5.0
2022-12-17,crumbled_bacon,580.0,575.0,0.0,5.0
2022-12-17,avacado_lime_dressing,930.0,925.0,0.0,5.0
2022-12-17,red_bell_pepers,755.0,750.0,0.0,5.0
2022-12-17,grape tomatoes,275.0,250.0,0.0,25.0
2022-12-17,hard_boiled_egg,492.5,487.5,0.0,5.0
2022-12-17,blue_cheese,104.0,404.0,350.0,50.0
2022-12-17,apples,104.0,404.0,350.0,50.0
2022-12-17,strawberries,104.0,404.0,350.0,50.0
2022-12-17,blueberries,104.0,404.0,350.0,50.0
2022-12-17,harvest_nut_granola,104.0,404.0,350.0,50.0
2022-12-17,zesty_apple_vinagrette,104.0,404.0,350.0,50.0
2022-12-17,chicken_tenders,12572.0,12558.0,0.0,14.0
2022-12-17,biscuit,683.0,654.0,0.0,29.0
2022-12-17,chicken_mini_bread,474.0,2173.0,1750.0,51.0
2022-12-17,butter,596.5,595.5,0.0,1.0
2022-12-17,bacon,473.0,469.0,0.0,4.0
2022-12-17,tortilla,514.0,510.0,0.0,4.0
2022-12-17,eggs,606.0,593.0,0.0,13.0
2022-12-17,sausage,177.0,173.0,0.0,4.0
2022-12-17,bagel,335.0,320.0,0.0,15.0
2022-12-17,oatmeal,143.0,128.0,0.0,15.0
2022-12-17,fruit,219.0,200.5,0.0,18.5
2022-12-17,cream_cheese,171.0,157.0,0.0,14.0
2022-12-17,hash_brown,686.0,679.0,0.0,7.0
2022-12-17,yogurt_parfait,135.0,127.0,0.0,8.0
2022-12-17,cinamon_cluster,353.0,349.0,0.0,4.0
2022-12-17,lemonade,7015.799999999996,6959.399999999996,0.0,56.400000000000006
2022-12-17,straw,7158.0,6911.0,0.0,247.0
2022-12-17,small_drink_cup,4000.0,3960.0,0.0,40.0
2022-12-17,medium_drink_cup,6854.0,6678.0,0.0,176.0
2022-12-17,large_drink_cup,3304.0,3273.0,0.0,31.0
2022-12-17,lemonade_diet,2060.399999999999,2032.3999999999992,0.0,27.999999999999996
2022-12-17,ice_tea_unsweet,3494.199999999988,3466.599999999988,0.0,27.599999999999994
2022-12-17,ice_tea_sweet,3668.1999999999935,3612.1999999999935,0.0,55.99999999999999
2022-12-17,soft_drink,14349.000000000007,14193.200000000008,0.0,155.8
2022-12-17,dasani_water_bottle,731.0,726.0,0.0,5.0
2022-12-17,orange_juice_bottle,539.0,528.0,0.0,11.0
2022-12-17,apple_juice,653.0,641.0,0.0,12.0
2022-12-17,ice_coffee,194.5,178.0,0.0,16.5
2022-12-17,coffee,1184.0,1156.0,0.0,28.0
2022-12-17,Coffee_box,157.0,151.0,0.0,6.0
2022-12-17,milk_chocolate,310.0,297.0,0.0,13.0
2022-12-17,milk,266.0,239.0,0.0,27.0
2022-12-17,icecream,318.0,251.0,0.0,67.0
2022-12-17,vanilla_flavor,318.0,316.0,0.0,2.0
2022-12-17,cream_flavor,202.0,194.0,0.0,8.0
2022-12-17,chunk_cookie,296.0,248.0,0.0,48.0
2022-12-17,chocolate_flavor,758.0,751.0,0.0,7.0
2022-12-17,strawberry_flavor,220.0,213.0,0.0,7.0
2022-12-17,frosted_extract,702.0,699.0,0.0,3.0
2022-12-17,icecream_cone,696.0,686.0,0.0,10.0
2022-12-17,icecream_come,476.0,467.0,0.0,9.0
2022-12-17,icecream_topping,474.0,465.0,0.0,9.0
2022-12-17,to_go_bag,10870.0,10768.0,0.0,102.0
2022-12-17,napkins,12350.0,11840.0,0.0,510.0
2022-12-17,ketchup,6244.0,6235.0,0.0,9.0
2022-12-17,ranch,6296.0,6287.0,0.0,9.0
2022-12-17,buffalo_sauce,6704.0,6695.0,0.0,9.0
2022-12-17,bbq_sauce,6452.0,6450.0,0.0,2.0
2022-12-17,polyneasian,6424.0,6418.0,0.0,6.0
2022-12-17,chickfala,6228.0,6217.0,0.0,11.0
2022-12-17,silverware,6380.0,6365.0,0.0,15.0
2022-12-19,fried_batter,33.000000000000924,401.4000000000009,525.0,156.6
2022-12-19,bun,1067.0,1025.0,0.0,42.0
2022-12-19,chicken_patty,824.0,759.5,0.0,64.5
2022-12-19,pickle_chips,1276.0,1150.0,0.0,126.0
2022-12-19,lettuce,618.0,566.0,0.0,52.0
2022-12-19,tomato,618.0,566.0,0.0,52.0
2022-12-19,cheese,470.5,422.5,0.0,48.0
2022-12-19,spice,1912.0,1886.0,0.0,26.0
2022-12-19,chicken_nuggets,10133.0,9678.0,0.0,455.0
2022-12-19,chicken_strips,7508.0,7408.0,0.0,100.0
2022-12-19,flat_bread,476.5,472.5,0.0,4.0
2022-12-19,mixed_greens,1381.0,1327.0,0.0,54.0
2022-12-19,shredded_monterey_jack,1640.0,1620.0,0.0,20.0
2022-12-19,waffle_fries,14841.159999999993,14723.459999999992,0.0,117.7
2022-12-19,roasted_corn_kernels,570.0,566.0,0.0,4.0
2022-12-19,crumbled_bacon,570.0,566.0,0.0,4.0
2022-12-19,avacado_lime_dressing,920.0,916.0,0.0,4.0
2022-12-19,red_bell_pepers,745.0,741.0,0.0,4.0
2022-12-19,grape tomatoes,225.0,1080.0,875.0,20.0
2022-12-19,hard_boiled_egg,482.5,478.5,0.0,4.0
2022-12-19,blue_cheese,704.0,656.0,0.0,48.0
2022-12-19,apples,704.0,656.0,0.0,48.0
2022-12-19,strawberries,704.0,656.0,0.0,48.0
2022-12-19,blueberries,704.0,656.0,0.0,48.0
2022-12-19,harvest_nut_granola,704.0,656.0,0.0,48.0
2022-12-19,zesty_apple_vinagrette,704.0,656.0,0.0,48.0
2022-12-19,chicken_tenders,12544.0,12530.0,0.0,14.0
2022-12-19,biscuit,625.0,579.0,0.0,46.0
2022-12-19,chicken_mini_bread,3872.0,3803.0,0.0,69.0
2022-12-19,butter,594.5,590.75,0.0,3.75
2022-12-19,bacon,465.0,462.0,0.0,3.0
2022-12-19,tortilla,506.0,494.0,0.0,12.0
2022-12-19,eggs,580.0,546.0,0.0,34.0
2022-12-19,sausage,169.0,160.0,0.0,9.0
2022-12-19,bagel,305.0,291.0,0.0,14.0
2022-12-19,oatmeal,113.0,108.0,0.0,5.0
2022-12-19,fruit,182.0,150.0,0.0,32.0
2022-12-19,cream_cheese,143.0,139.0,0.0,4.0
2022-12-19,hash_brown,672.0,667.0,0.0,5.0
2022-12-19,yogurt_parfait,119.0,116.0,0.0,3.0
2022-12-19,cinamon_cluster,345.0,344.0,0.0,1.0
2022-12-19,lemonade,6902.999999999996,6840.599999999997,0.0,62.400000000000006
2022-12-19,straw,6664.0,6479.0,0.0,185.0
2022-12-19,small_drink_cup,3920.0,3903.0,0.0,17.0
2022-12-19,medium_drink_cup,6502.0,6377.0,0.0,125.0
2022-12-19,large_drink_cup,3242.0,3199.0,0.0,43.0
2022-12-19,lemonade_diet,2004.3999999999992,1986.8999999999992,0.0,17.5
2022-12-19,ice_tea_unsweet,3438.999999999988,3417.7999999999884,0.0,21.2
2022-12-19,ice_tea_sweet,3556.1999999999935,3493.2999999999934,0.0,62.900000000000006
2022-12-19,soft_drink,14037.400000000009,13909.700000000008,0.0,127.70000000000002
2022-12-19,dasani_water_bottle,721.0,721.0,0.0,0.0
2022-12-19,orange_juice_bottle,517.0,504.0,0.0,13.0
2022-12-19,apple_juice,629.0,614.0,0.0,15.0
2022-12-19,ice_coffee,161.5,154.5,0.0,7.0
2022-12-19,coffee,1128.0,1100.0,0.0,28.0
2022-12-19,Coffee_box,145.0,141.0,0.0,4.0
2022-12-19,milk_chocolate,284.0,281.0,0.0,3.0
2022-12-19,milk,212.0,179.0,0.0,33.0
2022-12-19,icecream,184.0,122.0,0.0,62.0
2022-12-19,vanilla_flavor,314.0,306.0,0.0,8.0
2022-12-19,cream_flavor,186.0,176.0,0.0,10.0
2022-12-19,chunk_cookie,200.0,181.0,0.0,19.0
2022-12-19,chocolate_flavor,744.0,738.0,0.0,6.0
2022-12-19,strawberry_flavor,206.0,203.0,0.0,3.0
2022-12-19,frosted_extract,696.0,690.0,0.0,6.0
2022-12-19,icecream_cone,676.0,669.0,0.0,7.0
2022-12-19,icecream_come,458.0,457.0,0.0,1.0
2022-12-19,icecream_topping,456.0,447.0,0.0,9.0
2022-12-19,to_go_bag,10666.0,10561.0,0.0,105.0
2022-12-19,napkins,11330.0,10805.0,0.0,525.0
2022-12-19,ketchup,6226.0,6222.0,0.0,4.0
2022-12-19,ranch,6278.0,6269.0,0.0,9.0
2022-12-19,buffalo_sauce,6686.0,6677.0,0.0,9.0
2022-12-19,bbq_sauce,6448.0,6447.0,0.0,1.0
2022-12-19,polyneasian,6412.0,6403.0,0.0,9.0
2022-12-19,chickfala,6206.0,6193.0,0.0,13.0
2022-12-19,silverware,6350.0,6344.0,0.0,6.0
2022-12-20,fried_batter,769.8000000000009,631.4000000000009,0.0,138.39999999999998
2022-12-20,bun,983.0,937.0,0.0,46.0
2022-12-20,chicken_patty,695.0,608.5,0.0,86.5
2022-12-20,pickle_chips,1024.0,886.0,0.0,138.0
2022-12-20,lettuce,514.0,464.0,0.0,50.0
2022-12-20,tomato,514.0,464.0,0.0,50.0
2022-12-20,cheese,374.5,315.5,0.0,59.0
2022-12-20,spice,1860.0,1846.0,0.0,14.0
2022-12-20,chicken_nuggets,9223.0,8764.0,0.0,459.0
2022-12-20,chicken_strips,7308.0,7224.0,0.0,84.0
2022-12-20,flat_bread,468.5,458.5,0.0,10.0
2022-12-20,mixed_greens,1273.0,1204.0,0.0,69.0
2022-12-20,shredded_monterey_jack,1600.0,1565.0,0.0,35.0
2022-12-20,waffle_fries,14605.759999999991,14484.959999999992,0.0,120.8
2022-12-20,roasted_corn_kernels,562.0,553.0,0.0,9.0
2022-12-20,crumbled_bacon,562.0,553.0,0.0,9.0
2022-12-20,avacado_lime_dressing,912.0,903.0,0.0,9.0
2022-12-20,red_bell_pepers,737.0,728.0,0.0,9.0
2022-12-20,grape tomatoes,1935.0,1890.0,0.0,45.0
2022-12-20,hard_boiled_egg,474.5,465.5,0.0,9.0
2022-12-20,blue_cheese,608.0,553.0,0.0,55.0
2022-12-20,apples,608.0,553.0,0.0,55.0
2022-12-20,strawberries,608.0,553.0,0.0,55.0
2022-12-20,blueberries,608.0,553.0,0.0,55.0
2022-12-20,harvest_nut_granola,608.0,553.0,0.0,55.0
2022-12-20,zesty_apple_vinagrette,608.0,553.0,0.0,55.0
2022-12-20,chicken_tenders,12516.0,12502.0,0.0,14.0
2022-12-20,biscuit,533.0,493.0,0.0,40.0
2022-12-20,chicken_mini_bread,3734.0,3719.0,0.0,15.0
2022-12-20,butter,587.0,587.0,0.0,0.0
2022-12-20,bacon,459.0,455.0,0.0,4.0
2022-12-20,tortilla,482.0,466.0,0.0,16.0
2022-12-20,eggs,512.0,462.0,0.0,50.0
2022-12-20,sausage,151.0,128.0,0.0,23.0
2022-12-20,bagel,277.0,257.0,0.0,20.0
2022-12-20,oatmeal,103.0,92.0,0.0,11.0
2022-12-20,fruit,118.0,105.0,0.0,13.0
2022-12-20,cream_cheese,135.0,127.0,0.0,8.0
2022-12-20,hash_brown,662.0,662.0,0.0,0.0
2022-12-20,yogurt_parfait,113.0,103.0,0.0,10.0
2022-12-20,cinamon_cluster,343.0,337.0,0.0,6.0
2022-12-20,lemonade,6778.199999999997,6729.799999999997,0.0,48.4
2022-12-20,straw,6294.0,6104.0,0.0,190.0
2022-12-20,small_drink_cup,3886.0,3856.0,0.0,30.0
2022-12-20,medium_drink_cup,6252.0,6122.0,0.0,130.0
2022-12-20,large_drink_cup,3156.0,3126.0,0.0,30.0
2022-12-20,lemonade_diet,1969.3999999999992,1953.7999999999993,0.0,15.6
2022-12-20,ice_tea_unsweet,3396.5999999999885,3376.2999999999884,0.0,20.299999999999997
2022-12-20,ice_tea_sweet,3430.3999999999933,3399.499999999993,0.0,30.900000000000002
2022-12-20,soft_drink,13782.000000000007,13660.400000000007,0.0,121.60000000000001
2022-12-20,dasani_water_bottle,721.0,721.0,0.0,0.0
2022-12-20,orange_juice_bottle,491.0,485.0,0.0,6.0
2022-12-20,apple_juice,599.0,596.0,0.0,3.0
2022-12-20,ice_coffee,147.5,122.5,0.0,25.0
2022-12-20,coffee,1072.0,1048.5,0.0,23.5
2022-12-20,Coffee_box,137.0,128.0,0.0,9.0
2022-12-20,milk_chocolate,278.0,272.0,0.0,6.0
2022-12-20,milk,146.0,120.0,0.0,26.0
2022-12-20,icecream,60.0,357.0,350.0,53.0
2022-12-20,vanilla_flavor,298.0,292.0,0.0,6.0
2022-12-20,cream_flavor,166.0,166.0,0.0,0.0
2022-12-20,chunk_cookie,162.0,136.0,0.0,26.0
2022-12-20,chocolate_flavor,732.0,723.0,0.0,9.0
2022-12-20,strawberry_flavor,200.0,195.0,0.0,5.0
2022-12-20,frosted_extract,684.0,675.0,0.0,9.0
2022-12-20,icecream_cone,662.0,655.0,0.0,7.0
2022-12-20,icecream_come,456.0,450.0,0.0,6.0
2022-12-20,icecream_topping,438.0,428.0,0.0,10.0
2022-12-20,to_go_bag,10456.0,10358.0,0.0,98.0
2022-12-20,napkins,10280.0,9790.0,0.0,490.0
2022-12-20,ketchup,6218.0,6214.0,0.0,4.0
2022-12-20,ranch,6260.0,6251.0,0.0,9.0
2022-12-20,buffalo_sauce,6668.0,6668.0,0.0,0.0
2022-12-20,bbq_sauce,6446.0,6442.0,0.0,4.0
2022-12-20,polyneasian,6394.0,6388.0,0.0,6.0
2022-12-20,chickfala,6180.0,6168.0,0.0,12.0
2022-12-20,silverware,6338.0,6338.0,0.0,0.0
2022-12-21,fried_batter,493.0000000000009,390.60000000000093,0.0,102.4
2022-12-21,bun,891.0,841.0,0.0,50.0
2022-12-21,chicken_patty,522.0,453.5,0.0,68.5
2022-12-21,pickle_chips,748.0,598.0,0.0,150.0
2022-12-21,lettuce,414.0,376.0,0.0,38.0
2022-12-21,tomato,414.0,376.0,0.0,38.0
2022-12-21,cheese,256.5,219.5,0.0,37.0
2022-12-21,spice,1832.0,1803.0,0.0,29.0
2022-12-21,chicken_nuggets,8305.0,7863.0,0.0,442.0
2022-12-21,chicken_strips,7140.0,7111.0,0.0,29.0
2022-12-21,flat_bread,448.5,446.5,0.0,2.0
2022-12-21,mixed_greens,1135.0,1094.0,0.0,41.0
2022-12-21,shredded_monterey_jack,1530.0,1506.0,0.0,24.0
2022-12-21,waffle_fries,14364.159999999993,14213.799999999992,0.0,150.35999999999999
2022-12-21,roasted_corn_kernels,544.0,530.0,0.0,14.0
2022-12-21,crumbled_bacon,544.0,530.0,0.0,14.0
2022-12-21,avacado_lime_dressing,894.0,880.0,0.0,14.0
2022-12-21,red_bell_pepers,719.0,705.0,0.0,14.0
2022-12-21,grape tomatoes,1845.0,1775.0,0.0,70.0
2022-12-21,hard_boiled_egg,456.5,442.5,0.0,14.0
2022-12-21,blue_cheese,498.0,472.0,0.0,26.0
2022-12-21,apples,498.0,472.0,0.0,26.0
2022-12-21,strawberries,498.0,472.0,0.0,26.0
2022-12-21,blueberries,498.0,472.0,0.0,26.0
2022-12-21,harvest_nut_granola,498.0,472.0,0.0,26.0
2022-12-21,zesty_apple_vinagrette,498.0,472.0,0.0,26.0
2022-12-21,chicken_tenders,12488.0,12482.0,0.0,6.0
2022-12-21,biscuit,453.0,417.0,0.0,36.0
2022-12-21,chicken_mini_bread,3704.0,3686.0,0.0,18.0
2022-12-21,butter,587.0,585.0,0.0,2.0
2022-12-21,bacon,451.0,439.0,0.0,12.0
2022-12-21,tortilla,450.0,442.0,0.0,8.0
2022-12-21,eggs,412.0,386.0,0.0,26.0
2022-12-21,sausage,105.0,104.0,0.0,1.0
2022-12-21,bagel,237.0,224.0,0.0,13.0
2022-12-21,oatmeal,81.0,73.0,0.0,8.0
2022-12-21,fruit,92.0,421.0,350.0,21.0
2022-12-21,cream_cheese,119.0,111.0,0.0,8.0
2022-12-21,hash_brown,662.0,650.0,0.0,12.0
2022-12-21,yogurt_parfait,93.0,89.0,0.0,4.0
2022-12-21,cinamon_cluster,331.0,319.0,0.0,12.0
2022-12-21,lemonade,6681.399999999998,6618.399999999998,0.0,63.0
2022-12-21,straw,5914.0,5695.0,0.0,219.0
2022-12-21,small_drink_cup,3826.0,3782.0,0.0,44.0
2022-12-21,medium_drink_cup,5992.0,5848.0,0.0,144.0
2022-12-21,large_drink_cup,3096.0,3065.0,0.0,31.0
2022-12-21,lemonade_diet,1938.1999999999994,1920.2999999999993,0.0,17.900000000000002
2022-12-21,ice_tea_unsweet,3355.999999999988,3336.3999999999883,0.0,19.6
2022-12-21,ice_tea_sweet,3368.599999999993,3329.299999999993,0.0,39.3
2022-12-21,soft_drink,13538.800000000007,13394.800000000007,0.0,144.0
2022-12-21,dasani_water_bottle,721.0,718.0,0.0,3.0
2022-12-21,orange_juice_bottle,479.0,475.0,0.0,4.0
2022-12-21,apple_juice,593.0,583.0,0.0,10.0
2022-12-21,ice_coffee,97.5,430.5,350.0,17.0
2022-12-21,coffee,1025.0,995.5,0.0,29.5
2022-12-21,Coffee_box,119.0,111.0,0.0,8.0
2022-12-21,milk_chocolate,266.0,264.0,0.0,2.0
2022-12-21,milk,94.0,417.0,350.0,27.0
2022-12-21,icecream,654.0,604.0,0.0,50.0
2022-12-21,vanilla_flavor,286.0,283.0,0.0,3.0
2022-12-21,cream_flavor,166.0,164.0,0.0,2.0
2022-12-21,chunk_cookie,110.0,423.0,350.0,37.0
2022-12-21,chocolate_flavor,714.0,705.0,0.0,9.0
2022-12-21,strawberry_flavor,190.0,183.0,0.0,7.0
2022-12-21,frosted_extract,666.0,661.0,0.0,5.0
2022-12-21,icecream_cone,648.0,646.0,0.0,2.0
2022-12-21,icecream_come,444.0,438.0,0.0,6.0
2022-12-21,icecream_topping,418.0,417.0,0.0,1.0
2022-12-21,to_go_bag,10260.0,10155.0,0.0,105.0
2022-12-21,napkins,9300.0,8775.0,0.0,525.0
2022-12-21,ketchup,6210.0,6198.0,0.0,12.0
2022-12-21,ranch,6242.0,6237.0,0.0,5.0
2022-12-21,buffalo_sauce,6668.0,6665.0,0.0,3.0
2022-12-21,bbq_sauce,6438.0,6433.0,0.0,5.0
2022-12-21,polyneasian,6382.0,6380.0,0.0,2.0
2022-12-21,chickfala,6156.0,6145.0,0.0,11.0
2022-12-21,silverware,6338.0,6333.0,0.0,5.0
2022-12-22,fried_batter,288.20000000000095,659.800000000001,525.0,153.4
2022-12-22,bun,791.0,753.0,0.0,38.0
2022-12-22,chicken_patty,385.0,290.5,0.0,94.5
2022-12-22,pickle_chips,448.0,2084.0,1750.0,114.0
2022-12-22,lettuce,338.0,298.0,0.0,40.0
2022-12-22,tomato,338.0,298.0,0.0,40.0
2022-12-22,cheese,182.5,138.5,0.0,44.0
2022-12-22,spice,1774.0,1729.0,0.0,45.0
2022-12-22,chicken_nuggets,7421.0,6971.5,0.0,449.5
2022-12-22,chicken_strips,7082.0,7018.0,0.0,64.0
2022-12-22,flat_bread,444.5,439.5,0.0,5.0
2022-12-22,mixed_greens,1053.0,979.5,0.0,73.5
2022-12-22,shredded_monterey_jack,1482.0,1461.0,0.0,21.0
2022-12-22,waffle_fries,14063.439999999991,13933.07999999999,0.0,130.35999999999999
2022-12-22,roasted_corn_kernels,516.0,504.0,0.0,12.0
2022-12-22,crumbled_bacon,516.0,504.0,0.0,12.0
2022-12-22,avacado_lime_dressing,866.0,854.0,0.0,12.0
2022-12-22,red_bell_pepers,691.0,679.0,0.0,12.0
2022-12-22,grape tomatoes,1705.0,1645.0,0.0,60.0
2022-12-22,hard_boiled_egg,428.5,416.5,0.0,12.0
2022-12-22,blue_cheese,446.0,387.0,0.0,59.0
2022-12-22,apples,446.0,387.0,0.0,59.0
2022-12-22,strawberries,446.0,387.0,0.0,59.0
2022-12-22,blueberries,446.0,387.0,0.0,59.0
2022-12-22,harvest_nut_granola,446.0,387.0,0.0,59.0
2022-12-22,zesty_apple_vinagrette,446.0,387.0,0.0,59.0
2022-12-22,chicken_tenders,12476.0,12468.0,0.0,8.0
2022-12-22,biscuit,381.0,338.0,0.0,43.0
2022-12-22,chicken_mini_bread,3668.0,3602.0,0.0,66.0
2022-12-22,butter,583.0,580.75,0.0,2.25
2022-12-22,bacon,427.0,421.0,0.0,6.0
2022-12-22,tortilla,434.0,430.0,0.0,4.0
2022-12-22,eggs,360.0,332.0,0.0,28.0
2022-12-22,sausage,103.0,98.0,0.0,5.0
2022-12-22,bagel,211.0,176.0,0.0,35.0
2022-12-22,oatmeal,65.0,54.0,0.0,11.0
2022-12-22,fruit,750.0,723.5,0.0,26.5
2022-12-22,cream_cheese,103.0,94.0,0.0,9.0
2022-12-22,hash_brown,638.0,637.0,0.0,1.0
2022-12-22,yogurt_parfait,85.0,73.0,0.0,12.0
2022-12-22,cinamon_cluster,307.0,298.0,0.0,9.0
2022-12-22,lemonade,6555.399999999998,6535.599999999998,0.0,19.799999999999997
2022-12-22,straw,5476.0,5265.0,0.0,211.0
2022-12-22,small_drink_cup,3738.0,3696.0,0.0,42.0
2022-12-22,medium_drink_cup,5704.0,5567.0,0.0,137.0
2022-12-22,large_drink_cup,3034.0,3002.0,0.0,32.0
2022-12-22,lemonade_diet,1902.3999999999992,1880.999999999999,0.0,21.400000000000002
2022-12-22,ice_tea_unsweet,3316.7999999999884,3275.7999999999884,0.0,41.0
2022-12-22,ice_tea_sweet,3289.9999999999927,3249.9999999999927,0.0,40.0
2022-12-22,soft_drink,13250.800000000007,13126.600000000006,0.0,124.2
2022-12-22,dasani_water_bottle,715.0,713.0,0.0,2.0
2022-12-22,orange_juice_bottle,471.0,465.0,0.0,6.0
2022-12-22,apple_juice,573.0,568.0,0.0,5.0
2022-12-22,ice_coffee,763.5,735.75,0.0,27.75
2022-12-22,coffee,966.0,943.75,0.0,22.25
2022-12-22,Coffee_box,103.0,79.0,0.0,24.0
2022-12-22,milk_chocolate,262.0,252.0,0.0,10.0
2022-12-22,milk,740.0,711.0,0.0,29.0
2022-12-22,icecream,554.0,516.0,0.0,38.0
2022-12-22,vanilla_flavor,280.0,277.0,0.0,3.0
2022-12-22,cream_flavor,162.0,158.0,0.0,4.0
2022-12-22,chunk_cookie,736.0,717.0,0.0,19.0
2022-12-22,chocolate_flavor,696.0,690.0,0.0,6.0
2022-12-22,strawberry_flavor,176.0,173.0,0.0,3.0
2022-12-22,frosted_extract,656.0,656.0,0.0,0.0
2022-12-22,icecream_cone,644.0,643.0,0.0,1.0
2022-12-22,icecream_come,432.0,427.0,0.0,5.0
2022-12-22,icecream_topping,416.0,413.0,0.0,3.0
2022-12-22,to_go_bag,10050.0,9940.0,0.0,110.0
2022-12-22,napkins,8250.0,7700.0,0.0,550.0
2022-12-22,ketchup,6186.0,6177.0,0.0,9.0
2022-12-22,ranch,6232.0,6225.0,0.0,7.0
2022-12-22,buffalo_sauce,6662.0,6644.0,0.0,18.0
2022-12-22,bbq_sauce,6428.0,6422.0,0.0,6.0
2022-12-22,polyneasian,6378.0,6372.0,0.0,6.0
2022-12-22,chickfala,6134.0,6117.0,0.0,17.0
2022-12-22,silverware,6328.0,6316.0,0.0,12.0
2022-12-23,fried_batter,1031.400000000001,888.400000000001,0.0,143.0
2022-12-23,bun,715.0,649.0,0.0,66.0
2022-12-23,chicken_patty,196.0,801.0,700.0,95.0
2022-12-23,pickle_chips,3720.0,3522.0,0.0,198.0
2022-12-23,lettuce,258.0,180.0,0.0,78.0
2022-12-23,tomato,258.0,180.0,0.0,78.0
2022-12-23,cheese,94.5,299.0,262.5,58.0
2022-12-23,spice,1684.0,1648.0,0.0,36.0
2022-12-23,chicken_nuggets,6522.0,5997.0,0.0,525.0
2022-12-23,chicken_strips,6954.0,6905.0,0.0,49.0
2022-12-23,flat_bread,434.5,428.5,0.0,6.0
2022-12-23,mixed_greens,906.0,835.0,0.0,71.0
2022-12-23,shredded_monterey_jack,1440.0,1421.0,0.0,19.0
2022-12-23,waffle_fries,13802.71999999999,13624.23999999999,0.0,178.48000000000002
2022-12-23,roasted_corn_kernels,492.0,482.0,0.0,10.0
2022-12-23,crumbled_bacon,492.0,482.0,0.0,10.0
2022-12-23,avacado_lime_dressing,842.0,832.0,0.0,10.0
2022-12-23,red_bell_pepers,667.0,657.0,0.0,10.0
2022-12-23,grape tomatoes,1585.0,1535.0,0.0,50.0
2022-12-23,hard_boiled_egg,404.5,394.5,0.0,10.0
2022-12-23,blue_cheese,328.0,270.0,0.0,58.0
2022-12-23,apples,328.0,270.0,0.0,58.0
2022-12-23,strawberries,328.0,270.0,0.0,58.0
2022-12-23,blueberries,328.0,270.0,0.0,58.0
2022-12-23,harvest_nut_granola,328.0,270.0,0.0,58.0
2022-12-23,zesty_apple_vinagrette,328.0,270.0,0.0,58.0
2022-12-23,chicken_tenders,12460.0,12450.0,0.0,10.0
2022-12-23,biscuit,295.0,263.0,0.0,32.0
2022-12-23,chicken_mini_bread,3536.0,3461.0,0.0,75.0
2022-12-23,butter,578.5,577.75,0.0,0.75
2022-12-23,bacon,415.0,407.0,0.0,8.0
2022-12-23,tortilla,426.0,423.0,0.0,3.0
2022-12-23,eggs,304.0,282.0,0.0,22.0
2022-12-23,sausage,93.0,86.0,0.0,7.0
2022-12-23,bagel,141.0,108.0,0.0,33.0
2022-12-23,oatmeal,43.0,206.0,175.0,12.0
2022-12-23,fruit,697.0,677.5,0.0,19.5
2022-12-23,cream_cheese,85.0,76.0,0.0,9.0
2022-12-23,hash_brown,636.0,613.0,0.0,23.0
2022-12-23,yogurt_parfait,61.0,224.0,175.0,12.0
2022-12-23,cinamon_cluster,289.0,282.0,0.0,7.0
2022-12-23,lemonade,6515.799999999997,6452.699999999997,0.0,63.10000000000001
2022-12-23,straw,5054.0,4801.0,0.0,253.0
2022-12-23,small_drink_cup,3654.0,3633.0,0.0,21.0
2022-12-23,medium_drink_cup,5430.0,5249.0,0.0,181.0
2022-12-23,large_drink_cup,2970.0,2919.0,0.0,51.0
2022-12-23,lemonade_diet,1859.599999999999,1831.499999999999,0.0,28.1
2022-12-23,ice_tea_unsweet,3234.7999999999884,3210.7999999999884,0.0,24.0
2022-12-23,ice_tea_sweet,3209.9999999999927,3163.4999999999927,0.0,46.5
2022-12-23,soft_drink,13002.400000000005,12844.000000000005,0.0,158.4
2022-12-23,dasani_water_bottle,711.0,703.0,0.0,8.0
2022-12-23,orange_juice_bottle,459.0,456.0,0.0,3.0
2022-12-23,apple_juice,563.0,553.0,0.0,10.0
2022-12-23,ice_coffee,708.0,692.75,0.0,15.25
2022-12-23,coffee,921.5,906.5,0.0,15.0
2022-12-23,Coffee_box,55.0,55.0,0.0,0.0
2022-12-23,milk_chocolate,242.0,242.0,0.0,0.0
2022-12-23,milk,682.0,646.0,0.0,36.0
2022-12-23,icecream,478.0,416.0,0.0,62.0
2022-12-23,vanilla_flavor,274.0,266.0,0.0,8.0
2022-12-23,cream_flavor,154.0,146.0,0.0,8.0
2022-12-23,chunk_cookie,698.0,635.0,0.0,63.0
2022-12-23,chocolate_flavor,684.0,681.0,0.0,3.0
2022-12-23,strawberry_flavor,170.0,162.0,0.0,8.0
2022-12-23,frosted_extract,656.0,642.0,0.0,14.0
2022-12-23,icecream_cone,642.0,635.0,0.0,7.0
2022-12-23,icecream_come,422.0,421.0,0.0,1.0
2022-12-23,icecream_topping,410.0,406.0,0.0,4.0
2022-12-23,to_go_bag,9830.0,9715.0,0.0,115.0
2022-12-23,napkins,7150.0,6575.0,0.0,575.0
2022-12-23,ketchup,6168.0,6164.0,0.0,4.0
2022-12-23,ranch,6218.0,6202.0,0.0,16.0
2022-12-23,buffalo_sauce,6626.0,6623.0,0.0,3.0
2022-12-23,bbq_sauce,6416.0,6412.0,0.0,4.0
2022-12-23,polyneasian,6366.0,6363.0,0.0,3.0
2022-12-23,chickfala,6100.0,6091.0,0.0,9.0
2022-12-23,silverware,6304.0,6300.0,0.0,4.0
2022-12-24,fried_batter,745.400000000001,591.000000000001,0.0,154.39999999999998
2022-12-24,bun,583.0,539.0,0.0,44.0
2022-12-24,chicken_patty,1406.0,1331.0,0.0,75.0
2022-12-24,pickle_chips,3324.0,3192.0,0.0,132.0
2022-12-24,lettuce,102.0,398.0,350.0,54.0
2022-12-24,tomato,102.0,398.0,350.0,54.0
2022-12-24,cheese,503.5,444.5,0.0,59.0
2022-12-24,spice,1612.0,1573.0,0.0,39.0
2022-12-24,chicken_nuggets,5472.0,5074.5,0.0,397.5
2022-12-24,chicken_strips,6856.0,6753.0,0.0,103.0
2022-12-24,flat_bread,422.5,421.5,0.0,1.0
2022-12-24,mixed_greens,764.0,711.5,0.0,52.5
2022-12-24,shredded_monterey_jack,1402.0,1373.0,0.0,29.0
2022-12-24,waffle_fries,13445.759999999991,13272.799999999992,0.0,172.96
2022-12-24,roasted_corn_kernels,472.0,455.0,0.0,17.0
2022-12-24,crumbled_bacon,472.0,455.0,0.0,17.0
2022-12-24,avacado_lime_dressing,822.0,805.0,0.0,17.0
2022-12-24,red_bell_pepers,647.0,630.0,0.0,17.0
2022-12-24,grape tomatoes,1485.0,1400.0,0.0,85.0
2022-12-24,hard_boiled_egg,384.5,367.5,0.0,17.0
2022-12-24,blue_cheese,212.0,177.0,0.0,35.0
2022-12-24,apples,212.0,177.0,0.0,35.0
2022-12-24,strawberries,212.0,177.0,0.0,35.0
2022-12-24,blueberries,212.0,177.0,0.0,35.0
2022-12-24,harvest_nut_granola,212.0,177.0,0.0,35.0
2022-12-24,zesty_apple_vinagrette,212.0,177.0,0.0,35.0
2022-12-24,chicken_tenders,12440.0,12420.0,0.0,20.0
2022-12-24,biscuit,231.0,175.0,0.0,56.0
2022-12-24,chicken_mini_bread,3386.0,3359.0,0.0,27.0
2022-12-24,butter,577.0,574.5,0.0,2.5
2022-12-24,bacon,399.0,385.0,0.0,14.0
2022-12-24,tortilla,420.0,409.0,0.0,11.0
2022-12-24,eggs,260.0,217.0,0.0,43.0
2022-12-24,sausage,79.0,69.0,0.0,10.0
2022-12-24,bagel,75.0,52.0,0.0,23.0
2022-12-24,oatmeal,369.0,356.0,0.0,13.0
2022-12-24,fruit,658.0,637.0,0.0,21.0
2022-12-24,cream_cheese,67.0,64.0,0.0,3.0
2022-12-24,hash_brown,590.0,587.0,0.0,3.0
2022-12-24,yogurt_parfait,387.0,387.0,0.0,0.0
2022-12-24,cinamon_cluster,275.0,269.0,0.0,6.0
2022-12-24,lemonade,6389.599999999997,6346.099999999997,0.0,43.5
2022-12-24,straw,4548.0,4291.0,0.0,257.0
2022-12-24,small_drink_cup,3612.0,3573.0,0.0,39.0
2022-12-24,medium_drink_cup,5068.0,4893.0,0.0,175.0
2022-12-24,large_drink_cup,2868.0,2825.0,0.0,43.0
2022-12-24,lemonade_diet,1803.3999999999992,1765.3999999999992,0.0,38.0
2022-12-24,ice_tea_unsweet,3186.7999999999884,3167.0999999999885,0.0,19.7
2022-12-24,ice_tea_sweet,3116.9999999999927,3079.6999999999925,0.0,37.300000000000004
2022-12-24,soft_drink,12685.600000000006,12508.600000000006,0.0,177.0
2022-12-24,dasani_water_bottle,695.0,693.0,0.0,2.0
2022-12-24,orange_juice_bottle,453.0,452.0,0.0,1.0
2022-12-24,apple_juice,543.0,534.0,0.0,9.0
2022-12-24,ice_coffee,677.5,660.75,0.0,16.75
2022-12-24,coffee,891.5,860.0,0.0,31.5
2022-12-24,Coffee_box,55.0,222.0,175.0,8.0
2022-12-24,milk_chocolate,242.0,238.0,0.0,4.0
2022-12-24,milk,610.0,574.0,0.0,36.0
2022-12-24,icecream,354.0,287.0,0.0,67.0
2022-12-24,vanilla_flavor,258.0,252.0,0.0,6.0
2022-12-24,cream_flavor,138.0,127.0,0.0,11.0
2022-12-24,chunk_cookie,572.0,557.5,0.0,14.5
2022-12-24,chocolate_flavor,678.0,676.0,0.0,2.0
2022-12-24,strawberry_flavor,154.0,143.0,0.0,11.0
2022-12-24,frosted_extract,628.0,622.0,0.0,6.0
2022-12-24,icecream_cone,628.0,621.0,0.0,7.0
2022-12-24,icecream_come,420.0,420.0,0.0,0.0
2022-12-24,icecream_topping,402.0,395.0,0.0,7.0
2022-12-24,to_go_bag,9600.0,9488.0,0.0,112.0
2022-12-24,napkins,6000.0,5440.0,0.0,560.0
2022-12-24,ketchup,6160.0,6154.0,0.0,6.0
2022-12-24,ranch,6186.0,6180.0,0.0,6.0
2022-12-24,buffalo_sauce,6620.0,6614.0,0.0,6.0
2022-12-24,bbq_sauce,6408.0,6395.0,0.0,13.0
2022-12-24,polyneasian,6360.0,6350.0,0.0,10.0
2022-12-24,chickfala,6082.0,6069.0,0.0,13.0
2022-12-24,silverware,6296.0,6284.0,0.0,12.0
2022-12-26,fried_batter,436.60000000000105,315.80000000000103,0.0,120.8
2022-12-26,bun,495.0,437.0,0.0,58.0
2022-12-26,chicken_patty,1256.0,1155.5,0.0,100.5
2022-12-26,pickle_chips,3060.0,2886.0,0.0,174.0
2022-12-26,lettuce,694.0,632.0,0.0,62.0
2022-12-26,tomato,694.0,632.0,0.0,62.0
2022-12-26,cheese,385.5,331.5,0.0,54.0
2022-12-26,spice,1534.0,1506.0,0.0,28.0
2022-12-26,chicken_nuggets,4677.0,4341.5,0.0,335.5
2022-12-26,chicken_strips,6650.0,6610.0,0.0,40.0
2022-12-26,flat_bread,420.5,415.5,0.0,5.0
2022-12-26,mixed_greens,659.0,597.5,0.0,61.5
2022-12-26,shredded_monterey_jack,1344.0,1317.0,0.0,27.0
2022-12-26,waffle_fries,13099.839999999993,12928.039999999994,0.0,171.8
2022-12-26,roasted_corn_kernels,438.0,429.0,0.0,9.0
2022-12-26,crumbled_bacon,438.0,429.0,0.0,9.0
2022-12-26,avacado_lime_dressing,788.0,779.0,0.0,9.0
2022-12-26,red_bell_pepers,613.0,604.0,0.0,9.0
2022-12-26,grape tomatoes,1315.0,1270.0,0.0,45.0
2022-12-26,hard_boiled_egg,350.5,341.5,0.0,9.0
2022-12-26,blue_cheese,142.0,442.0,350.0,50.0
2022-12-26,apples,142.0,442.0,350.0,50.0
2022-12-26,strawberries,142.0,442.0,350.0,50.0
2022-12-26,blueberries,142.0,442.0,350.0,50.0
2022-12-26,harvest_nut_granola,142.0,442.0,350.0,50.0
2022-12-26,zesty_apple_vinagrette,142.0,442.0,350.0,50.0
2022-12-26,chicken_tenders,12400.0,12398.0,0.0,2.0
2022-12-26,biscuit,119.0,609.0,525.0,35.0
2022-12-26,chicken_mini_bread,3332.0,3266.0,0.0,66.0
2022-12-26,butter,572.0,571.0,0.0,1.0
2022-12-26,bacon,371.0,367.0,0.0,4.0
2022-12-26,tortilla,398.0,385.0,0.0,13.0
2022-12-26,eggs,174.0,138.0,0.0,36.0
2022-12-26,sausage,59.0,222.0,175.0,12.0
2022-12-26,bagel,29.0,181.0,175.0,23.0
2022-12-26,oatmeal,343.0,338.0,0.0,5.0
2022-12-26,fruit,616.0,598.5,0.0,17.5
2022-12-26,cream_cheese,61.0,57.0,0.0,4.0
2022-12-26,hash_brown,584.0,584.0,0.0,0.0
2022-12-26,yogurt_parfait,387.0,382.0,0.0,5.0
2022-12-26,cinamon_cluster,263.0,252.0,0.0,11.0
2022-12-26,lemonade,6302.599999999997,6249.499999999996,0.0,53.099999999999994
2022-12-26,straw,4034.0,3742.0,0.0,292.0
2022-12-26,small_drink_cup,3534.0,3498.0,0.0,36.0
2022-12-26,medium_drink_cup,4718.0,4511.0,0.0,207.0
2022-12-26,large_drink_cup,2782.0,2733.0,0.0,49.0
2022-12-26,lemonade_diet,1727.3999999999992,1663.499999999999,0.0,63.900000000000006
2022-12-26,ice_tea_unsweet,3147.3999999999887,3120.0999999999885,0.0,27.3
2022-12-26,ice_tea_sweet,3042.3999999999924,2971.6999999999925,0.0,70.70000000000002
2022-12-26,soft_drink,12331.600000000006,12159.400000000005,0.0,172.2
2022-12-26,dasani_water_bottle,691.0,688.0,0.0,3.0
2022-12-26,orange_juice_bottle,451.0,442.0,0.0,9.0
2022-12-26,apple_juice,525.0,518.0,0.0,7.0
2022-12-26,ice_coffee,644.0,619.0,0.0,25.0
2022-12-26,coffee,828.5,810.0,0.0,18.5
2022-12-26,Coffee_box,389.0,380.0,0.0,9.0
2022-12-26,milk_chocolate,234.0,224.0,0.0,10.0
2022-12-26,milk,538.0,509.0,0.0,29.0
2022-12-26,icecream,220.0,162.0,0.0,58.0
2022-12-26,vanilla_flavor,246.0,243.0,0.0,3.0
2022-12-26,cream_flavor,116.0,102.0,0.0,14.0
2022-12-26,chunk_cookie,543.0,496.0,0.0,47.0
2022-12-26,chocolate_flavor,674.0,673.0,0.0,1.0
2022-12-26,strawberry_flavor,132.0,128.0,0.0,4.0
2022-12-26,frosted_extract,616.0,613.0,0.0,3.0
2022-12-26,icecream_cone,614.0,604.0,0.0,10.0
2022-12-26,icecream_come,420.0,416.0,0.0,4.0
2022-12-26,icecream_topping,388.0,381.0,0.0,7.0
2022-12-26,to_go_bag,9376.0,9265.0,0.0,111.0
2022-12-26,napkins,4880.0,4325.0,0.0,555.0
2022-12-26,ketchup,6148.0,6148.0,0.0,0.0
2022-12-26,ranch,6174.0,6169.0,0.0,5.0
2022-12-26,buffalo_sauce,6608.0,6607.0,0.0,1.0
2022-12-26,bbq_sauce,6382.0,6374.0,0.0,8.0
2022-12-26,polyneasian,6340.0,6333.0,0.0,7.0
2022-12-26,chickfala,6056.0,6050.0,0.0,6.0
2022-12-26,silverware,6272.0,6259.0,0.0,13.0
2022-12-27,fried_batter,195.00000000000102,593.000000000001,525.0,127.0
2022-12-27,bun,379.0,333.0,0.0,46.0
2022-12-27,chicken_patty,1055.0,958.5,0.0,96.5
2022-12-27,pickle_chips,2712.0,2574.0,0.0,138.0
2022-12-27,lettuce,570.0,522.0,0.0,48.0
2022-12-27,tomato,570.0,522.0,0.0,48.0
2022-12-27,cheese,277.5,239.5,0.0,38.0
2022-12-27,spice,1478.0,1448.0,0.0,30.0
2022-12-27,chicken_nuggets,4006.0,3582.5,0.0,423.5
2022-12-27,chicken_strips,6570.0,6562.0,0.0,8.0
2022-12-27,flat_bread,410.5,405.5,0.0,5.0
2022-12-27,mixed_greens,536.0,473.5,0.0,62.5
2022-12-27,shredded_monterey_jack,1290.0,1273.0,0.0,17.0
2022-12-27,waffle_fries,12756.239999999994,12614.519999999995,0.0,141.72000000000003
2022-12-27,roasted_corn_kernels,420.0,418.0,0.0,2.0
2022-12-27,crumbled_bacon,420.0,418.0,0.0,2.0
2022-12-27,avacado_lime_dressing,770.0,768.0,0.0,2.0
2022-12-27,red_bell_pepers,595.0,593.0,0.0,2.0
2022-12-27,grape tomatoes,1225.0,1215.0,0.0,10.0
2022-12-27,hard_boiled_egg,332.5,330.5,0.0,2.0
2022-12-27,blue_cheese,742.0,684.0,0.0,58.0
2022-12-27,apples,742.0,684.0,0.0,58.0
2022-12-27,strawberries,742.0,684.0,0.0,58.0
2022-12-27,blueberries,742.0,684.0,0.0,58.0
2022-12-27,harvest_nut_granola,742.0,684.0,0.0,58.0
2022-12-27,zesty_apple_vinagrette,742.0,684.0,0.0,58.0
2022-12-27,chicken_tenders,12396.0,12380.0,0.0,16.0
2022-12-27,biscuit,1099.0,1077.0,0.0,22.0
2022-12-27,chicken_mini_bread,3200.0,3137.0,0.0,63.0
2022-12-27,butter,570.0,569.0,0.0,1.0
2022-12-27,bacon,363.0,361.0,0.0,2.0
2022-12-27,tortilla,372.0,362.0,0.0,10.0
2022-12-27,eggs,102.0,428.0,350.0,24.0
2022-12-27,sausage,385.0,380.0,0.0,5.0
2022-12-27,bagel,333.0,308.0,0.0,25.0
2022-12-27,oatmeal,333.0,324.0,0.0,9.0
2022-12-27,fruit,581.0,551.0,0.0,30.0
2022-12-27,cream_cheese,53.0,214.0,175.0,14.0
2022-12-27,hash_brown,584.0,574.0,0.0,10.0
2022-12-27,yogurt_parfait,377.0,371.0,0.0,6.0
2022-12-27,cinamon_cluster,241.0,233.0,0.0,8.0
2022-12-27,lemonade,6196.399999999996,6147.299999999996,0.0,49.099999999999994
2022-12-27,straw,3450.0,3230.0,0.0,220.0
2022-12-27,small_drink_cup,3462.0,3412.0,0.0,50.0
2022-12-27,medium_drink_cup,4304.0,4161.0,0.0,143.0
2022-12-27,large_drink_cup,2684.0,2657.0,0.0,27.0
2022-12-27,lemonade_diet,1599.599999999999,1586.299999999999,0.0,13.3
2022-12-27,ice_tea_unsweet,3092.7999999999884,3079.3999999999883,0.0,13.4
2022-12-27,ice_tea_sweet,2900.9999999999927,2861.0999999999926,0.0,39.900000000000006
2022-12-27,soft_drink,11987.200000000004,11843.700000000004,0.0,143.5
2022-12-27,dasani_water_bottle,685.0,670.0,0.0,15.0
2022-12-27,orange_juice_bottle,433.0,425.0,0.0,8.0
2022-12-27,apple_juice,511.0,500.0,0.0,11.0
2022-12-27,ice_coffee,594.0,557.5,0.0,36.5
2022-12-27,coffee,791.5,777.0,0.0,14.5
2022-12-27,Coffee_box,371.0,363.0,0.0,8.0
2022-12-27,milk_chocolate,214.0,211.0,0.0,3.0
2022-12-27,milk,480.0,452.0,0.0,28.0
2022-12-27,icecream,104.0,400.0,350.0,54.0
2022-12-27,vanilla_flavor,240.0,236.0,0.0,4.0
2022-12-27,cream_flavor,88.0,432.0,350.0,6.0
2022-12-27,chunk_cookie,449.0,375.0,0.0,74.0
2022-12-27,chocolate_flavor,672.0,666.0,0.0,6.0
2022-12-27,strawberry_flavor,124.0,120.0,0.0,4.0
2022-12-27,frosted_extract,610.0,604.0,0.0,6.0
2022-12-27,icecream_cone,594.0,586.0,0.0,8.0
2022-12-27,icecream_come,412.0,406.0,0.0,6.0
2022-12-27,icecream_topping,374.0,374.0,0.0,0.0
2022-12-27,to_go_bag,9154.0,9060.0,0.0,94.0
2022-12-27,napkins,3770.0,3300.0,0.0,470.0
2022-12-27,ketchup,6148.0,6144.0,0.0,4.0
2022-12-27,ranch,6164.0,6155.0,0.0,9.0
2022-12-27,buffalo_sauce,6606.0,6606.0,0.0,0.0
2022-12-27,bbq_sauce,6366.0,6356.0,0.0,10.0
2022-12-27,polyneasian,6326.0,6326.0,0.0,0.0
2022-12-27,chickfala,6044.0,6041.0,0.0,3.0
2022-12-27,silverware,6246.0,6242.0,0.0,4.0
2022-12-28,fried_batter,991.0000000000009,832.0000000000009,0.0,159.0
2022-12-28,bun,287.0,245.0,0.0,42.0
2022-12-28,chicken_patty,862.0,764.5,0.0,97.5
2022-12-28,pickle_chips,2436.0,2310.0,0.0,126.0
2022-12-28,lettuce,474.0,418.0,0.0,56.0
2022-12-28,tomato,474.0,418.0,0.0,56.0
2022-12-28,cheese,201.5,156.5,0.0,45.0
2022-12-28,spice,1418.0,1378.0,0.0,40.0
2022-12-28,chicken_nuggets,3159.0,2593.5,0.0,565.5
2022-12-28,chicken_strips,6554.0,6500.0,0.0,54.0
2022-12-28,flat_bread,400.5,397.5,0.0,3.0
2022-12-28,mixed_greens,411.0,318.5,0.0,92.5
2022-12-28,shredded_monterey_jack,1256.0,1230.0,0.0,26.0
2022-12-28,waffle_fries,12472.799999999996,12331.279999999995,0.0,141.52
2022-12-28,roasted_corn_kernels,416.0,401.0,0.0,15.0
2022-12-28,crumbled_bacon,416.0,401.0,0.0,15.0
2022-12-28,avacado_lime_dressing,766.0,751.0,0.0,15.0
2022-12-28,red_bell_pepers,591.0,576.0,0.0,15.0
2022-12-28,grape tomatoes,1205.0,1130.0,0.0,75.0
2022-12-28,hard_boiled_egg,328.5,313.5,0.0,15.0
2022-12-28,blue_cheese,626.0,550.0,0.0,76.0
2022-12-28,apples,626.0,550.0,0.0,76.0
2022-12-28,strawberries,626.0,550.0,0.0,76.0
2022-12-28,blueberries,626.0,550.0,0.0,76.0
2022-12-28,harvest_nut_granola,626.0,550.0,0.0,76.0
2022-12-28,zesty_apple_vinagrette,626.0,550.0,0.0,76.0
2022-12-28,chicken_tenders,12364.0,12338.0,0.0,26.0
2022-12-28,biscuit,1055.0,1014.0,0.0,41.0
2022-12-28,chicken_mini_bread,3074.0,3059.0,0.0,15.0
2022-12-28,butter,568.0,566.25,0.0,1.75
2022-12-28,bacon,359.0,357.0,0.0,2.0
2022-12-28,tortilla,352.0,344.0,0.0,8.0
2022-12-28,eggs,754.0,729.0,0.0,25.0
2022-12-28,sausage,375.0,362.0,0.0,13.0
2022-12-28,bagel,283.0,274.0,0.0,9.0
2022-12-28,oatmeal,315.0,309.0,0.0,6.0
2022-12-28,fruit,521.0,506.0,0.0,15.0
2022-12-28,cream_cheese,375.0,371.0,0.0,4.0
2022-12-28,hash_brown,564.0,558.0,0.0,6.0
2022-12-28,yogurt_parfait,365.0,365.0,0.0,0.0
2022-12-28,cinamon_cluster,225.0,210.0,0.0,15.0
2022-12-28,lemonade,6098.199999999995,6043.999999999995,0.0,54.2
2022-12-28,straw,3010.0,13276.0,10500.0,234.0
2022-12-28,small_drink_cup,3362.0,3315.0,0.0,47.0
2022-12-28,medium_drink_cup,4018.0,3864.0,0.0,154.0
2022-12-28,large_drink_cup,2630.0,2597.0,0.0,33.0
2022-12-28,lemonade_diet,1572.999999999999,1535.6999999999991,0.0,37.300000000000004
2022-12-28,ice_tea_unsweet,3065.999999999988,3061.499999999988,0.0,4.5
2022-12-28,ice_tea_sweet,2821.1999999999925,2761.1999999999925,0.0,59.99999999999999
2022-12-28,soft_drink,11700.200000000004,11552.500000000004,0.0,147.7
2022-12-28,dasani_water_bottle,655.0,651.0,0.0,4.0
2022-12-28,orange_juice_bottle,417.0,400.0,0.0,17.0
2022-12-28,apple_juice,489.0,484.0,0.0,5.0
2022-12-28,ice_coffee,521.0,507.25,0.0,13.75
2022-12-28,coffee,762.5,738.5,0.0,24.0
2022-12-28,Coffee_box,355.0,353.0,0.0,2.0
2022-12-28,milk_chocolate,208.0,191.0,0.0,17.0
2022-12-28,milk,424.0,382.0,0.0,42.0
2022-12-28,icecream,696.0,610.0,0.0,86.0
2022-12-28,vanilla_flavor,232.0,221.0,0.0,11.0
2022-12-28,cream_flavor,776.0,775.0,0.0,1.0
2022-12-28,chunk_cookie,301.0,252.5,0.0,48.5
2022-12-28,chocolate_flavor,660.0,646.0,0.0,14.0
2022-12-28,strawberry_flavor,116.0,108.0,0.0,8.0
2022-12-28,frosted_extract,598.0,598.0,0.0,0.0
2022-12-28,icecream_cone,578.0,571.0,0.0,7.0
2022-12-28,icecream_come,400.0,389.0,0.0,11.0
2022-12-28,icecream_topping,374.0,369.0,0.0,5.0
2022-12-28,to_go_bag,8966.0,8837.0,0.0,129.0
2022-12-28,napkins,2830.0,12685.0,10500.0,645.0
2022-12-28,ketchup,6140.0,6124.0,0.0,16.0
2022-12-28,ranch,6146.0,6140.0,0.0,6.0
2022-12-28,buffalo_sauce,6606.0,6600.0,0.0,6.0
2022-12-28,bbq_sauce,6346.0,6345.0,0.0,1.0
2022-12-28,polyneasian,6326.0,6326.0,0.0,0.0
2022-12-28,chickfala,6038.0,6026.0,0.0,12.0
2022-12-28,silverware,6238.0,6233.0,0.0,5.0
2022-12-29,fried_batter,673.0000000000009,531.0000000000009,0.0,142.0
2022-12-29,bun,203.0,165.0,0.0,38.0
2022-12-29,chicken_patty,667.0,568.5,0.0,98.5
2022-12-29,pickle_chips,2184.0,2070.0,0.0,114.0
2022-12-29,lettuce,362.0,338.0,0.0,24.0
2022-12-29,tomato,362.0,338.0,0.0,24.0
2022-12-29,cheese,111.5,77.5,0.0,34.0
2022-12-29,spice,1338.0,1284.0,0.0,54.0
2022-12-29,chicken_nuggets,2028.0,8693.5,7000.0,334.5
2022-12-29,chicken_strips,6446.0,6442.0,0.0,4.0
2022-12-29,flat_bread,394.5,389.5,0.0,5.0
2022-12-29,mixed_greens,226.0,865.5,700.0,60.5
2022-12-29,shredded_monterey_jack,1204.0,1185.0,0.0,19.0
2022-12-29,waffle_fries,12189.759999999995,12031.719999999994,0.0,158.04
2022-12-29,roasted_corn_kernels,386.0,381.0,0.0,5.0
2022-12-29,crumbled_bacon,386.0,381.0,0.0,5.0
2022-12-29,avacado_lime_dressing,736.0,731.0,0.0,5.0
2022-12-29,red_bell_pepers,561.0,556.0,0.0,5.0
2022-12-29,grape tomatoes,1055.0,1030.0,0.0,25.0
2022-12-29,hard_boiled_egg,298.5,293.5,0.0,5.0
2022-12-29,blue_cheese,474.0,421.0,0.0,53.0
2022-12-29,apples,474.0,421.0,0.0,53.0
2022-12-29,strawberries,474.0,421.0,0.0,53.0
2022-12-29,blueberries,474.0,421.0,0.0,53.0
2022-12-29,harvest_nut_granola,474.0,421.0,0.0,53.0
2022-12-29,zesty_apple_vinagrette,474.0,421.0,0.0,53.0
2022-12-29,chicken_tenders,12312.0,12312.0,0.0,0.0
2022-12-29,biscuit,973.0,934.0,0.0,39.0
2022-12-29,chicken_mini_bread,3044.0,2990.0,0.0,54.0
2022-12-29,butter,564.5,563.5,0.0,1.0
2022-12-29,bacon,355.0,351.0,0.0,4.0
2022-12-29,tortilla,336.0,327.0,0.0,9.0
2022-12-29,eggs,704.0,673.0,0.0,31.0
2022-12-29,sausage,349.0,339.0,0.0,10.0
2022-12-29,bagel,265.0,251.0,0.0,14.0
2022-12-29,oatmeal,303.0,285.0,0.0,18.0
2022-12-29,fruit,491.0,455.5,0.0,35.5
2022-12-29,cream_cheese,367.0,362.0,0.0,5.0
2022-12-29,hash_brown,552.0,539.0,0.0,13.0
2022-12-29,yogurt_parfait,365.0,359.0,0.0,6.0
2022-12-29,cinamon_cluster,195.0,187.0,0.0,8.0
2022-12-29,lemonade,5989.799999999996,5951.999999999995,0.0,37.8
2022-12-29,straw,23542.0,23319.0,0.0,223.0
2022-12-29,small_drink_cup,3268.0,3240.0,0.0,28.0
2022-12-29,medium_drink_cup,3710.0,3539.0,0.0,171.0
2022-12-29,large_drink_cup,2564.0,2540.0,0.0,24.0
2022-12-29,lemonade_diet,1498.3999999999992,1484.5999999999992,0.0,13.8
2022-12-29,ice_tea_unsweet,3056.999999999988,3028.7999999999884,0.0,28.2
2022-12-29,ice_tea_sweet,2701.1999999999925,2645.5999999999926,0.0,55.6
2022-12-29,soft_drink,11404.800000000003,11260.600000000002,0.0,144.2
2022-12-29,dasani_water_bottle,647.0,643.0,0.0,4.0
2022-12-29,orange_juice_bottle,383.0,379.0,0.0,4.0
2022-12-29,apple_juice,479.0,468.0,0.0,11.0
2022-12-29,ice_coffee,493.5,483.25,0.0,10.25
2022-12-29,coffee,714.5,681.5,0.0,33.0
2022-12-29,Coffee_box,351.0,349.0,0.0,2.0
2022-12-29,milk_chocolate,174.0,170.0,0.0,4.0
2022-12-29,milk,340.0,309.0,0.0,31.0
2022-12-29,icecream,524.0,453.0,0.0,71.0
2022-12-29,vanilla_flavor,210.0,196.0,0.0,14.0
2022-12-29,cream_flavor,774.0,773.0,0.0,1.0
2022-12-29,chunk_cookie,204.0,121.5,0.0,82.5
2022-12-29,chocolate_flavor,632.0,627.0,0.0,5.0
2022-12-29,strawberry_flavor,100.0,446.0,350.0,4.0
2022-12-29,frosted_extract,598.0,589.0,0.0,9.0
2022-12-29,icecream_cone,564.0,556.0,0.0,8.0
2022-12-29,icecream_come,378.0,363.0,0.0,15.0
2022-12-29,icecream_topping,364.0,360.0,0.0,4.0
2022-12-29,to_go_bag,8708.0,8603.0,0.0,105.0
2022-12-29,napkins,22540.0,22015.0,0.0,525.0
2022-12-29,ketchup,6108.0,6099.0,0.0,9.0
2022-12-29,ranch,6134.0,6133.0,0.0,1.0
2022-12-29,buffalo_sauce,6594.0,6592.0,0.0,2.0
2022-12-29,bbq_sauce,6344.0,6335.0,0.0,9.0
2022-12-29,polyneasian,6326.0,6317.0,0.0,9.0
2022-12-29,chickfala,6014.0,6014.0,0.0,0.0
2022-12-29,silverware,6228.0,6223.0,0.0,5.0
2022-12-30,fried_batter,389.0000000000009,240.80000000000092,0.0,148.2
2022-12-30,bun,127.0,606.0,525.0,46.0
2022-12-30,chicken_patty,470.0,405.5,0.0,64.5
2022-12-30,pickle_chips,1956.0,1818.0,0.0,138.0
2022-12-30,lettuce,314.0,248.0,0.0,66.0
2022-12-30,tomato,314.0,248.0,0.0,66.0
2022-12-30,cheese,43.5,262.0,262.5,44.0
2022-12-30,spice,1230.0,1196.0,0.0,34.0
2022-12-30,chicken_nuggets,15359.0,14813.0,0.0,546.0
2022-12-30,chicken_strips,6438.0,6345.0,0.0,93.0
2022-12-30,flat_bread,384.5,374.5,0.0,10.0
2022-12-30,mixed_greens,1505.0,1432.0,0.0,73.0
2022-12-30,shredded_monterey_jack,1166.0,1145.0,0.0,21.0
2022-12-30,waffle_fries,11873.679999999993,11714.539999999994,0.0,159.14
2022-12-30,roasted_corn_kernels,376.0,371.0,0.0,5.0
2022-12-30,crumbled_bacon,376.0,371.0,0.0,5.0
2022-12-30,avacado_lime_dressing,726.0,721.0,0.0,5.0
2022-12-30,red_bell_pepers,551.0,546.0,0.0,5.0
2022-12-30,grape tomatoes,1005.0,980.0,0.0,25.0
2022-12-30,hard_boiled_egg,288.5,283.5,0.0,5.0
2022-12-30,blue_cheese,368.0,305.0,0.0,63.0
2022-12-30,apples,368.0,305.0,0.0,63.0
2022-12-30,strawberries,368.0,305.0,0.0,63.0
2022-12-30,blueberries,368.0,305.0,0.0,63.0
2022-12-30,harvest_nut_granola,368.0,305.0,0.0,63.0
2022-12-30,zesty_apple_vinagrette,368.0,305.0,0.0,63.0
2022-12-30,chicken_tenders,12312.0,12296.0,0.0,16.0
2022-12-30,biscuit,895.0,862.0,0.0,33.0
2022-12-30,chicken_mini_bread,2936.0,2864.0,0.0,72.0
2022-12-30,butter,562.5,558.75,0.0,3.75
2022-12-30,bacon,347.0,341.0,0.0,6.0
2022-12-30,tortilla,318.0,312.0,0.0,6.0
2022-12-30,eggs,642.0,625.0,0.0,17.0
2022-12-30,sausage,329.0,324.0,0.0,5.0
2022-12-30,bagel,237.0,224.0,0.0,13.0
2022-12-30,oatmeal,267.0,243.0,0.0,24.0
2022-12-30,fruit,420.0,394.5,0.0,25.5
2022-12-30,cream_cheese,357.0,350.0,0.0,7.0
2022-12-30,hash_brown,526.0,519.0,0.0,7.0
2022-12-30,yogurt_parfait,353.0,343.0,0.0,10.0
2022-12-30,cinamon_cluster,179.0,178.0,0.0,1.0
2022-12-30,lemonade,5914.199999999995,5856.399999999995,0.0,57.800000000000004
2022-12-30,straw,23096.0,22853.0,0.0,243.0
2022-12-30,small_drink_cup,3212.0,3164.0,0.0,48.0
2022-12-30,medium_drink_cup,3368.0,3200.0,0.0,168.0
2022-12-30,large_drink_cup,2516.0,2489.0,0.0,27.0
2022-12-30,lemonade_diet,1470.7999999999993,1452.1999999999994,0.0,18.6
2022-12-30,ice_tea_unsweet,3000.5999999999885,2967.6999999999884,0.0,32.89999999999999
2022-12-30,ice_tea_sweet,2589.9999999999927,2557.399999999993,0.0,32.6
2022-12-30,soft_drink,11116.400000000001,10965.100000000002,0.0,151.3
2022-12-30,dasani_water_bottle,639.0,638.0,0.0,1.0
2022-12-30,orange_juice_bottle,375.0,362.0,0.0,13.0
2022-12-30,apple_juice,457.0,446.0,0.0,11.0
2022-12-30,ice_coffee,473.0,442.75,0.0,30.25
2022-12-30,coffee,648.5,619.0,0.0,29.5
2022-12-30,Coffee_box,347.0,336.0,0.0,11.0
2022-12-30,milk_chocolate,166.0,166.0,0.0,0.0
2022-12-30,milk,278.0,238.0,0.0,40.0
2022-12-30,icecream,382.0,281.0,0.0,101.0
2022-12-30,vanilla_flavor,182.0,175.0,0.0,7.0
2022-12-30,cream_flavor,772.0,764.0,0.0,8.0
2022-12-30,chunk_cookie,39.0,339.0,350.0,50.0
2022-12-30,chocolate_flavor,622.0,615.0,0.0,7.0
2022-12-30,strawberry_flavor,792.0,774.0,0.0,18.0
2022-12-30,frosted_extract,580.0,570.0,0.0,10.0
2022-12-30,icecream_cone,548.0,535.0,0.0,13.0
2022-12-30,icecream_come,348.0,340.0,0.0,8.0
2022-12-30,icecream_topping,356.0,352.0,0.0,4.0
2022-12-30,to_go_bag,8498.0,8379.0,0.0,119.0
2022-12-30,napkins,21490.0,20895.0,0.0,595.0
2022-12-30,ketchup,6090.0,6086.0,0.0,4.0
2022-12-30,ranch,6132.0,6123.0,0.0,9.0
2022-12-30,buffalo_sauce,6590.0,6577.0,0.0,13.0
2022-12-30,bbq_sauce,6326.0,6324.0,0.0,2.0
2022-12-30,polyneasian,6308.0,6296.0,0.0,12.0
2022-12-30,chickfala,6014.0,5995.0,0.0,19.0
2022-12-30,silverware,6218.0,6208.0,0.0,10.0
2022-12-31,fried_batter,92.60000000000093,503.60000000000093,525.0,114.0
2022-12-31,bun,1085.0,1052.0,0.0,33.0
2022-12-31,chicken_patty,341.0,276.5,0.0,64.5
2022-12-31,pickle_chips,1680.0,1581.0,0.0,99.0
2022-12-31,lettuce,182.0,152.0,0.0,30.0
2022-12-31,tomato,182.0,152.0,0.0,30.0
2022-12-31,cheese,480.5,449.5,0.0,31.0
2022-12-31,spice,1162.0,1146.0,0.0,16.0
2022-12-31,chicken_nuggets,14267.0,13718.0,0.0,549.0
2022-12-31,chicken_strips,6252.0,6209.0,0.0,43.0
2022-12-31,flat_bread,364.5,352.5,0.0,12.0
2022-12-31,mixed_greens,1359.0,1291.0,0.0,68.0
2022-12-31,shredded_monterey_jack,1124.0,1101.0,0.0,23.0
2022-12-31,waffle_fries,11555.399999999994,11400.979999999994,0.0,154.42000000000002
2022-12-31,roasted_corn_kernels,366.0,363.0,0.0,3.0
2022-12-31,crumbled_bacon,366.0,363.0,0.0,3.0
2022-12-31,avacado_lime_dressing,716.0,713.0,0.0,3.0
2022-12-31,red_bell_pepers,541.0,538.0,0.0,3.0
2022-12-31,grape tomatoes,955.0,940.0,0.0,15.0
2022-12-31,hard_boiled_egg,278.5,275.5,0.0,3.0
2022-12-31,blue_cheese,242.0,183.0,0.0,59.0
2022-12-31,apples,242.0,183.0,0.0,59.0
2022-12-31,strawberries,242.0,183.0,0.0,59.0
2022-12-31,blueberries,242.0,183.0,0.0,59.0
2022-12-31,harvest_nut_granola,242.0,183.0,0.0,59.0
2022-12-31,zesty_apple_vinagrette,242.0,183.0,0.0,59.0
2022-12-31,chicken_tenders,12280.0,12280.0,0.0,0.0
2022-12-31,biscuit,829.0,801.0,0.0,28.0
2022-12-31,chicken_mini_bread,2792.0,2741.0,0.0,51.0
2022-12-31,butter,555.0,554.25,0.0,0.75
2022-12-31,bacon,335.0,333.0,0.0,2.0
2022-12-31,tortilla,306.0,298.0,0.0,8.0
2022-12-31,eggs,608.0,584.0,0.0,24.0
2022-12-31,sausage,319.0,311.0,0.0,8.0
2022-12-31,bagel,211.0,203.0,0.0,8.0
2022-12-31,oatmeal,219.0,205.0,0.0,14.0
2022-12-31,fruit,369.0,356.5,0.0,12.5
2022-12-31,cream_cheese,343.0,341.0,0.0,2.0
2022-12-31,hash_brown,512.0,496.0,0.0,16.0
2022-12-31,yogurt_parfait,333.0,329.0,0.0,4.0
2022-12-31,cinamon_cluster,177.0,163.0,0.0,14.0
2022-12-31,lemonade,5798.599999999995,5723.699999999995,0.0,74.9
2022-12-31,straw,22610.0,22377.0,0.0,233.0
2022-12-31,small_drink_cup,3116.0,3077.0,0.0,39.0
2022-12-31,medium_drink_cup,3032.0,2876.0,0.0,156.0
2022-12-31,large_drink_cup,2462.0,2424.0,0.0,38.0
2022-12-31,lemonade_diet,1433.5999999999995,1420.6999999999994,0.0,12.899999999999999
2022-12-31,ice_tea_unsweet,2934.7999999999884,2914.499999999988,0.0,20.3
2022-12-31,ice_tea_sweet,2524.799999999993,2466.699999999993,0.0,58.10000000000001
2022-12-31,soft_drink,10813.800000000003,10650.100000000002,0.0,163.7
2022-12-31,dasani_water_bottle,637.0,636.0,0.0,1.0
2022-12-31,orange_juice_bottle,349.0,338.0,0.0,11.0
2022-12-31,apple_juice,435.0,424.0,0.0,11.0
2022-12-31,ice_coffee,412.5,398.25,0.0,14.25
2022-12-31,coffee,589.5,572.25,0.0,17.25
2022-12-31,Coffee_box,325.0,316.0,0.0,9.0
2022-12-31,milk_chocolate,166.0,159.0,0.0,7.0
2022-12-31,milk,198.0,154.0,0.0,44.0
2022-12-31,icecream,180.0,438.0,350.0,92.0
2022-12-31,vanilla_flavor,168.0,151.0,0.0,17.0
2022-12-31,cream_flavor,756.0,748.0,0.0,8.0
2022-12-31,chunk_cookie,639.0,579.0,0.0,60.0
2022-12-31,chocolate_flavor,608.0,604.0,0.0,4.0
2022-12-31,strawberry_flavor,756.0,749.0,0.0,7.0
2022-12-31,frosted_extract,560.0,551.0,0.0,9.0
2022-12-31,icecream_cone,522.0,506.0,0.0,16.0
2022-12-31,icecream_come,332.0,328.0,0.0,4.0
2022-12-31,icecream_topping,348.0,344.0,0.0,4.0
2022-12-31,to_go_bag,8260.0,8150.0,0.0,110.0
2022-12-31,napkins,20300.0,19750.0,0.0,550.0
2022-12-31,ketchup,6082.0,6076.0,0.0,6.0
2022-12-31,ranch,6114.0,6112.0,0.0,2.0
2022-12-31,buffalo_sauce,6564.0,6562.0,0.0,2.0
2022-12-31,bbq_sauce,6322.0,6311.0,0.0,11.0
2022-12-31,polyneasian,6284.0,6280.0,0.0,4.0
2022-12-31,chickfala,5976.0,5975.0,0.0,1.0
2022-12-31,silverware,6198.0,6192.0,0.0,6.0
2023-01-02,fried_batter,914.6000000000008,781.8000000000009,0.0,132.8
2023-01-02,bun,1019.0,973.0,0.0,46.0
2023-01-02,chicken_patty,212.0,830.0,700.0,82.0
2023-01-02,pickle_chips,1482.0,1344.0,0.0,138.0
2023-01-02,lettuce,122.0,438.0,350.0,34.0
2023-01-02,tomato,122.0,438.0,350.0,34.0
2023-01-02,cheese,418.5,371.5,0.0,47.0
2023-01-02,spice,1130.0,1105.0,0.0,25.0
2023-01-02,chicken_nuggets,13169.0,12666.0,0.0,503.0
2023-01-02,chicken_strips,6166.0,6103.0,0.0,63.0
2023-01-02,flat_bread,340.5,334.5,0.0,6.0
2023-01-02,mixed_greens,1223.0,1152.0,0.0,71.0
2023-01-02,shredded_monterey_jack,1078.0,1060.0,0.0,18.0
2023-01-02,waffle_fries,11246.559999999994,11128.639999999994,0.0,117.92000000000002
2023-01-02,roasted_corn_kernels,360.0,356.0,0.0,4.0
2023-01-02,crumbled_bacon,360.0,356.0,0.0,4.0
2023-01-02,avacado_lime_dressing,710.0,706.0,0.0,4.0
2023-01-02,red_bell_pepers,535.0,531.0,0.0,4.0
2023-01-02,grape tomatoes,925.0,905.0,0.0,20.0
2023-01-02,hard_boiled_egg,272.5,268.5,0.0,4.0
2023-01-02,blue_cheese,124.0,410.0,350.0,64.0
2023-01-02,apples,124.0,410.0,350.0,64.0
2023-01-02,strawberries,124.0,410.0,350.0,64.0
2023-01-02,blueberries,124.0,410.0,350.0,64.0
2023-01-02,harvest_nut_granola,124.0,410.0,350.0,64.0
2023-01-02,zesty_apple_vinagrette,124.0,410.0,350.0,64.0
2023-01-02,chicken_tenders,12280.0,12262.0,0.0,18.0
2023-01-02,biscuit,773.0,745.0,0.0,28.0
2023-01-02,chicken_mini_bread,2690.0,2627.0,0.0,63.0
2023-01-02,butter,553.5,551.75,0.0,1.75
2023-01-02,bacon,331.0,323.0,0.0,8.0
2023-01-02,tortilla,290.0,282.0,0.0,8.0
2023-01-02,eggs,560.0,522.0,0.0,38.0
2023-01-02,sausage,303.0,292.0,0.0,11.0
2023-01-02,bagel,195.0,169.0,0.0,26.0
2023-01-02,oatmeal,191.0,177.0,0.0,14.0
2023-01-02,fruit,344.0,305.5,0.0,38.5
2023-01-02,cream_cheese,339.0,332.0,0.0,7.0
2023-01-02,hash_brown,480.0,469.0,0.0,11.0
2023-01-02,yogurt_parfait,325.0,314.0,0.0,11.0
2023-01-02,cinamon_cluster,149.0,149.0,0.0,0.0
2023-01-02,lemonade,5648.799999999996,5599.699999999995,0.0,49.10000000000001
2023-01-02,straw,22144.0,21928.0,0.0,216.0
2023-01-02,small_drink_cup,3038.0,3002.0,0.0,36.0
2023-01-02,medium_drink_cup,2720.0,2592.0,0.0,128.0
2023-01-02,large_drink_cup,2386.0,2334.0,0.0,52.0
2023-01-02,lemonade_diet,1407.7999999999993,1375.1999999999994,0.0,32.6
2023-01-02,ice_tea_unsweet,2894.199999999988,2866.899999999988,0.0,27.3
2023-01-02,ice_tea_sweet,2408.599999999993,2376.299999999993,0.0,32.300000000000004
2023-01-02,soft_drink,10486.400000000001,10349.900000000001,0.0,136.5
2023-01-02,dasani_water_bottle,635.0,626.0,0.0,9.0
2023-01-02,orange_juice_bottle,327.0,315.0,0.0,12.0
2023-01-02,apple_juice,413.0,406.0,0.0,7.0
2023-01-02,ice_coffee,384.0,361.75,0.0,22.25
2023-01-02,coffee,555.0,531.5,0.0,23.5
2023-01-02,Coffee_box,307.0,303.0,0.0,4.0
2023-01-02,milk_chocolate,152.0,145.0,0.0,7.0
2023-01-02,milk,110.0,432.0,350.0,28.0
2023-01-02,icecream,696.0,622.0,0.0,74.0
2023-01-02,vanilla_flavor,134.0,126.0,0.0,8.0
2023-01-02,cream_flavor,740.0,732.0,0.0,8.0
2023-01-02,chunk_cookie,519.0,409.0,0.0,110.0
2023-01-02,chocolate_flavor,600.0,597.0,0.0,3.0
2023-01-02,strawberry_flavor,742.0,739.0,0.0,3.0
2023-01-02,frosted_extract,542.0,539.0,0.0,3.0
2023-01-02,icecream_cone,490.0,480.0,0.0,10.0
2023-01-02,icecream_come,324.0,304.0,0.0,20.0
2023-01-02,icecream_topping,340.0,328.0,0.0,12.0
2023-01-02,to_go_bag,8040.0,7916.0,0.0,124.0
2023-01-02,napkins,19200.0,18580.0,0.0,620.0
2023-01-02,ketchup,6070.0,6056.0,0.0,14.0
2023-01-02,ranch,6110.0,6100.0,0.0,10.0
2023-01-02,buffalo_sauce,6560.0,6546.0,0.0,14.0
2023-01-02,bbq_sauce,6300.0,6289.0,0.0,11.0
2023-01-02,polyneasian,6276.0,6270.0,0.0,6.0
2023-01-02,chickfala,5974.0,5971.0,0.0,3.0
2023-01-02,silverware,6186.0,6176.0,0.0,10.0
2023-01-03,fried_batter,649.0000000000009,512.0000000000009,0.0,137.0
2023-01-03,bun,927.0,885.0,0.0,42.0
2023-01-03,chicken_patty,1448.0,1366.0,0.0,82.0
2023-01-03,pickle_chips,1206.0,1080.0,0.0,126.0
2023-01-03,lettuce,754.0,726.0,0.0,28.0
2023-01-03,tomato,754.0,726.0,0.0,28.0
2023-01-03,cheese,324.5,262.5,0.0,62.0
2023-01-03,spice,1080.0,1057.0,0.0,23.0
2023-01-03,chicken_nuggets,12163.0,11589.0,0.0,574.0
2023-01-03,chicken_strips,6040.0,6025.0,0.0,15.0
2023-01-03,flat_bread,328.5,324.5,0.0,4.0
2023-01-03,mixed_greens,1081.0,1016.0,0.0,65.0
2023-01-03,shredded_monterey_jack,1042.0,1020.0,0.0,22.0
2023-01-03,waffle_fries,11010.719999999994,10852.619999999994,0.0,158.1
2023-01-03,roasted_corn_kernels,352.0,346.0,0.0,6.0
2023-01-03,crumbled_bacon,352.0,346.0,0.0,6.0
2023-01-03,avacado_lime_dressing,702.0,696.0,0.0,6.0
2023-01-03,red_bell_pepers,527.0,521.0,0.0,6.0
2023-01-03,grape tomatoes,885.0,855.0,0.0,30.0
2023-01-03,hard_boiled_egg,264.5,258.5,0.0,6.0
2023-01-03,blue_cheese,696.0,639.0,0.0,57.0
2023-01-03,apples,696.0,639.0,0.0,57.0
2023-01-03,strawberries,696.0,639.0,0.0,57.0
2023-01-03,blueberries,696.0,639.0,0.0,57.0
2023-01-03,harvest_nut_granola,696.0,639.0,0.0,57.0
2023-01-03,zesty_apple_vinagrette,696.0,639.0,0.0,57.0
2023-01-03,chicken_tenders,12244.0,12224.0,0.0,20.0
2023-01-03,biscuit,717.0,659.0,0.0,58.0
2023-01-03,chicken_mini_bread,2564.0,2531.0,0.0,33.0
2023-01-03,butter,550.0,547.5,0.0,2.5
2023-01-03,bacon,315.0,294.0,0.0,21.0
2023-01-03,tortilla,274.0,262.0,0.0,12.0
2023-01-03,eggs,484.0,424.0,0.0,60.0
2023-01-03,sausage,281.0,268.0,0.0,13.0
2023-01-03,bagel,143.0,113.0,0.0,30.0
2023-01-03,oatmeal,163.0,154.0,0.0,9.0
2023-01-03,fruit,267.0,248.0,0.0,19.0
2023-01-03,cream_cheese,325.0,320.0,0.0,5.0
2023-01-03,hash_brown,458.0,455.0,0.0,3.0
2023-01-03,yogurt_parfait,303.0,303.0,0.0,0.0
2023-01-03,cinamon_cluster,149.0,132.0,0.0,17.0
2023-01-03,lemonade,5550.599999999995,5483.9999999999945,0.0,66.60000000000001
2023-01-03,straw,21712.0,21467.0,0.0,245.0
2023-01-03,small_drink_cup,2966.0,2926.0,0.0,40.0
2023-01-03,medium_drink_cup,2464.0,2309.0,0.0,155.0
2023-01-03,large_drink_cup,2282.0,2232.0,0.0,50.0
2023-01-03,lemonade_diet,1342.5999999999995,1321.8999999999994,0.0,20.700000000000003
2023-01-03,ice_tea_unsweet,2839.5999999999876,2829.899999999988,0.0,9.700000000000001
2023-01-03,ice_tea_sweet,2343.9999999999927,2277.4999999999927,0.0,66.50000000000001
2023-01-03,soft_drink,10213.400000000001,10038.500000000002,0.0,174.89999999999998
2023-01-03,dasani_water_bottle,617.0,615.0,0.0,2.0
2023-01-03,orange_juice_bottle,303.0,300.0,0.0,3.0
2023-01-03,apple_juice,399.0,399.0,0.0,0.0
2023-01-03,ice_coffee,339.5,316.25,0.0,23.25
2023-01-03,coffee,508.0,478.5,0.0,29.5
2023-01-03,Coffee_box,299.0,298.0,0.0,1.0
2023-01-03,milk_chocolate,138.0,133.0,0.0,5.0
2023-01-03,milk,754.0,732.0,0.0,22.0
2023-01-03,icecream,548.0,506.0,0.0,42.0
2023-01-03,vanilla_flavor,118.0,118.0,0.0,0.0
2023-01-03,cream_flavor,724.0,719.0,0.0,5.0
2023-01-03,chunk_cookie,299.0,253.5,0.0,45.5
2023-01-03,chocolate_flavor,594.0,590.0,0.0,4.0
2023-01-03,strawberry_flavor,736.0,730.0,0.0,6.0
2023-01-03,frosted_extract,536.0,531.0,0.0,5.0
2023-01-03,icecream_cone,470.0,463.0,0.0,7.0
2023-01-03,icecream_come,284.0,279.0,0.0,5.0
2023-01-03,icecream_topping,316.0,309.0,0.0,7.0
2023-01-03,to_go_bag,7792.0,7680.0,0.0,112.0
2023-01-03,napkins,17960.0,17400.0,0.0,560.0
2023-01-03,ketchup,6042.0,6039.0,0.0,3.0
2023-01-03,ranch,6090.0,6084.0,0.0,6.0
2023-01-03,buffalo_sauce,6532.0,6528.0,0.0,4.0
2023-01-03,bbq_sauce,6278.0,6272.0,0.0,6.0
2023-01-03,polyneasian,6264.0,6257.0,0.0,7.0
2023-01-03,chickfala,5968.0,5958.0,0.0,10.0
2023-01-03,silverware,6166.0,6164.0,0.0,2.0
2023-01-04,fried_batter,375.0000000000009,267.4000000000009,0.0,107.6
2023-01-04,bun,843.0,812.0,0.0,31.0
2023-01-04,chicken_patty,1284.0,1215.0,0.0,69.0
2023-01-04,pickle_chips,954.0,861.0,0.0,93.0
2023-01-04,lettuce,698.0,672.0,0.0,26.0
2023-01-04,tomato,698.0,672.0,0.0,26.0
2023-01-04,cheese,200.5,170.5,0.0,30.0
2023-01-04,spice,1034.0,1008.0,0.0,26.0
2023-01-04,chicken_nuggets,11015.0,10589.5,0.0,425.5
2023-01-04,chicken_strips,6010.0,5964.0,0.0,46.0
2023-01-04,flat_bread,320.5,319.5,0.0,1.0
2023-01-04,mixed_greens,951.0,872.5,0.0,78.5
2023-01-04,shredded_monterey_jack,998.0,980.0,0.0,18.0
2023-01-04,waffle_fries,10694.519999999993,10551.419999999993,0.0,143.1
2023-01-04,roasted_corn_kernels,340.0,328.0,0.0,12.0
2023-01-04,crumbled_bacon,340.0,328.0,0.0,12.0
2023-01-04,avacado_lime_dressing,690.0,678.0,0.0,12.0
2023-01-04,red_bell_pepers,515.0,503.0,0.0,12.0
2023-01-04,grape tomatoes,825.0,765.0,0.0,60.0
2023-01-04,hard_boiled_egg,252.5,240.5,0.0,12.0
2023-01-04,blue_cheese,582.0,516.0,0.0,66.0
2023-01-04,apples,582.0,516.0,0.0,66.0
2023-01-04,strawberries,582.0,516.0,0.0,66.0
2023-01-04,blueberries,582.0,516.0,0.0,66.0
2023-01-04,harvest_nut_granola,582.0,516.0,0.0,66.0
2023-01-04,zesty_apple_vinagrette,582.0,516.0,0.0,66.0
2023-01-04,chicken_tenders,12204.0,12186.0,0.0,18.0
2023-01-04,biscuit,601.0,581.0,0.0,20.0
2023-01-04,chicken_mini_bread,2498.0,2465.0,0.0,33.0
2023-01-04,butter,545.0,544.25,0.0,0.75
2023-01-04,bacon,273.0,267.0,0.0,6.0
2023-01-04,tortilla,250.0,245.0,0.0,5.0
2023-01-04,eggs,364.0,342.0,0.0,22.0
2023-01-04,sausage,255.0,252.0,0.0,3.0
2023-01-04,bagel,83.0,67.0,0.0,16.0
2023-01-04,oatmeal,145.0,133.0,0.0,12.0
2023-01-04,fruit,229.0,203.0,0.0,26.0
2023-01-04,cream_cheese,315.0,307.0,0.0,8.0
2023-01-04,hash_brown,452.0,440.0,0.0,12.0
2023-01-04,yogurt_parfait,303.0,294.0,0.0,9.0
2023-01-04,cinamon_cluster,115.0,115.0,0.0,0.0
2023-01-04,lemonade,5417.399999999994,5380.599999999994,0.0,36.800000000000004
2023-01-04,straw,21222.0,20977.0,0.0,245.0
2023-01-04,small_drink_cup,2886.0,2848.0,0.0,38.0
2023-01-04,medium_drink_cup,2154.0,1995.0,0.0,159.0
2023-01-04,large_drink_cup,2182.0,2134.0,0.0,48.0
2023-01-04,lemonade_diet,1301.1999999999994,1260.0999999999995,0.0,41.099999999999994
2023-01-04,ice_tea_unsweet,2820.199999999988,2802.599999999988,0.0,17.6
2023-01-04,ice_tea_sweet,2210.9999999999927,2128.299999999993,0.0,82.70000000000002
2023-01-04,soft_drink,9863.600000000002,9724.600000000002,0.0,139.0
2023-01-04,dasani_water_bottle,613.0,608.0,0.0,5.0
2023-01-04,orange_juice_bottle,297.0,292.0,0.0,5.0
2023-01-04,apple_juice,399.0,397.0,0.0,2.0
2023-01-04,ice_coffee,293.0,279.25,0.0,13.75
2023-01-04,coffee,449.0,410.75,0.0,38.25
2023-01-04,Coffee_box,297.0,286.0,0.0,11.0
2023-01-04,milk_chocolate,128.0,122.0,0.0,6.0
2023-01-04,milk,710.0,661.0,0.0,49.0
2023-01-04,icecream,464.0,378.0,0.0,86.0
2023-01-04,vanilla_flavor,118.0,111.0,0.0,7.0
2023-01-04,cream_flavor,714.0,704.0,0.0,10.0
2023-01-04,chunk_cookie,208.0,133.0,0.0,75.0
2023-01-04,chocolate_flavor,586.0,574.0,0.0,12.0
2023-01-04,strawberry_flavor,724.0,717.0,0.0,7.0
2023-01-04,frosted_extract,526.0,516.0,0.0,10.0
2023-01-04,icecream_cone,456.0,451.0,0.0,5.0
2023-01-04,icecream_come,274.0,265.0,0.0,9.0
2023-01-04,icecream_topping,302.0,290.0,0.0,12.0
2023-01-04,to_go_bag,7568.0,7459.0,0.0,109.0
2023-01-04,napkins,16840.0,16295.0,0.0,545.0
2023-01-04,ketchup,6036.0,6022.0,0.0,14.0
2023-01-04,ranch,6078.0,6066.0,0.0,12.0
2023-01-04,buffalo_sauce,6524.0,6504.0,0.0,20.0
2023-01-04,bbq_sauce,6266.0,6250.0,0.0,16.0
2023-01-04,polyneasian,6250.0,6244.0,0.0,6.0
2023-01-04,chickfala,5948.0,5941.0,0.0,7.0
2023-01-04,silverware,6162.0,6151.0,0.0,11.0
2023-01-05,fried_batter,159.8000000000009,551.8000000000009,525.0,133.0
2023-01-05,bun,781.0,737.0,0.0,44.0
2023-01-05,chicken_patty,1146.0,1054.5,0.0,91.5
2023-01-05,pickle_chips,768.0,636.0,0.0,132.0
2023-01-05,lettuce,646.0,604.0,0.0,42.0
2023-01-05,tomato,646.0,604.0,0.0,42.0
2023-01-05,cheese,140.5,110.5,0.0,30.0
2023-01-05,spice,982.0,953.0,0.0,29.0
2023-01-05,chicken_nuggets,10164.0,9643.0,0.0,521.0
2023-01-05,chicken_strips,5918.0,5852.0,0.0,66.0
2023-01-05,flat_bread,318.5,318.5,0.0,0.0
2023-01-05,mixed_greens,794.0,727.0,0.0,67.0
2023-01-05,shredded_monterey_jack,962.0,943.0,0.0,19.0
2023-01-05,waffle_fries,10408.319999999992,10234.839999999993,0.0,173.48000000000002
2023-01-05,roasted_corn_kernels,316.0,306.0,0.0,10.0
2023-01-05,crumbled_bacon,316.0,306.0,0.0,10.0
2023-01-05,avacado_lime_dressing,666.0,656.0,0.0,10.0
2023-01-05,red_bell_pepers,491.0,481.0,0.0,10.0
2023-01-05,grape tomatoes,705.0,655.0,0.0,50.0
2023-01-05,hard_boiled_egg,228.5,218.5,0.0,10.0
2023-01-05,blue_cheese,450.0,393.0,0.0,57.0
2023-01-05,apples,450.0,393.0,0.0,57.0
2023-01-05,strawberries,450.0,393.0,0.0,57.0
2023-01-05,blueberries,450.0,393.0,0.0,57.0
2023-01-05,harvest_nut_granola,450.0,393.0,0.0,57.0
2023-01-05,zesty_apple_vinagrette,450.0,393.0,0.0,57.0
2023-01-05,chicken_tenders,12168.0,12166.0,0.0,2.0
2023-01-05,biscuit,561.0,536.0,0.0,25.0
2023-01-05,chicken_mini_bread,2432.0,2408.0,0.0,24.0
2023-01-05,butter,543.5,543.0,0.0,0.5
2023-01-05,bacon,261.0,261.0,0.0,0.0
2023-01-05,tortilla,240.0,231.0,0.0,9.0
2023-01-05,eggs,320.0,302.0,0.0,18.0
2023-01-05,sausage,249.0,245.0,0.0,4.0
2023-01-05,bagel,51.0,211.0,175.0,15.0
2023-01-05,oatmeal,121.0,113.0,0.0,8.0
2023-01-05,fruit,177.0,153.0,0.0,24.0
2023-01-05,cream_cheese,299.0,289.0,0.0,10.0
2023-01-05,hash_brown,428.0,420.0,0.0,8.0
2023-01-05,yogurt_parfait,285.0,270.0,0.0,15.0
2023-01-05,cinamon_cluster,115.0,107.0,0.0,8.0
2023-01-05,lemonade,5343.799999999994,5314.899999999994,0.0,28.9
2023-01-05,straw,20732.0,20490.0,0.0,242.0
2023-01-05,small_drink_cup,2810.0,2774.0,0.0,36.0
2023-01-05,medium_drink_cup,1836.0,1666.0,0.0,170.0
2023-01-05,large_drink_cup,2086.0,2050.0,0.0,36.0
2023-01-05,lemonade_diet,1218.9999999999995,1203.9999999999995,0.0,15.0
2023-01-05,ice_tea_unsweet,2784.999999999988,2763.199999999988,0.0,21.8
2023-01-05,ice_tea_sweet,2045.5999999999929,2001.799999999993,0.0,43.8
2023-01-05,soft_drink,9585.600000000002,9413.700000000003,0.0,171.89999999999998
2023-01-05,dasani_water_bottle,603.0,587.0,0.0,16.0
2023-01-05,orange_juice_bottle,287.0,276.0,0.0,11.0
2023-01-05,apple_juice,395.0,382.0,0.0,13.0
2023-01-05,ice_coffee,265.5,247.75,0.0,17.75
2023-01-05,coffee,372.5,346.0,0.0,26.5
2023-01-05,Coffee_box,275.0,275.0,0.0,0.0
2023-01-05,milk_chocolate,116.0,100.0,0.0,16.0
2023-01-05,milk,612.0,580.0,0.0,32.0
2023-01-05,icecream,292.0,220.0,0.0,72.0
2023-01-05,vanilla_flavor,104.0,448.0,350.0,6.0
2023-01-05,cream_flavor,694.0,683.0,0.0,11.0
2023-01-05,chunk_cookie,58.0,345.5,350.0,62.5
2023-01-05,chocolate_flavor,562.0,559.0,0.0,3.0
2023-01-05,strawberry_flavor,710.0,708.0,0.0,2.0
2023-01-05,frosted_extract,506.0,503.0,0.0,3.0
2023-01-05,icecream_cone,446.0,444.0,0.0,2.0
2023-01-05,icecream_come,256.0,230.0,0.0,26.0
2023-01-05,icecream_topping,278.0,278.0,0.0,0.0
2023-01-05,to_go_bag,7350.0,7246.0,0.0,104.0
2023-01-05,napkins,15750.0,15230.0,0.0,520.0
2023-01-05,ketchup,6008.0,6006.0,0.0,2.0
2023-01-05,ranch,6054.0,6053.0,0.0,1.0
2023-01-05,buffalo_sauce,6484.0,6484.0,0.0,0.0
2023-01-05,bbq_sauce,6234.0,6231.0,0.0,3.0
2023-01-05,polyneasian,6238.0,6233.0,0.0,5.0
2023-01-05,chickfala,5934.0,5922.0,0.0,12.0
2023-01-05,silverware,6140.0,6136.0,0.0,4.0
2023-01-06,fried_batter,943.8000000000009,813.8000000000009,0.0,130.0
2023-01-06,bun,693.0,633.0,0.0,60.0
2023-01-06,chicken_patty,963.0,865.5,0.0,97.5
2023-01-06,pickle_chips,504.0,2074.0,1750.0,180.0
2023-01-06,lettuce,562.0,510.0,0.0,52.0
2023-01-06,tomato,562.0,510.0,0.0,52.0
2023-01-06,cheese,80.5,292.0,262.5,51.0
2023-01-06,spice,924.0,893.0,0.0,31.0
2023-01-06,chicken_nuggets,9122.0,8680.5,0.0,441.5
2023-01-06,chicken_strips,5786.0,5716.0,0.0,70.0
2023-01-06,flat_bread,318.5,309.5,0.0,9.0
2023-01-06,mixed_greens,660.0,600.5,0.0,59.5
2023-01-06,shredded_monterey_jack,924.0,914.0,0.0,10.0
2023-01-06,waffle_fries,10061.359999999993,9915.719999999994,0.0,145.64000000000001
2023-01-06,roasted_corn_kernels,296.0,295.0,0.0,1.0
2023-01-06,crumbled_bacon,296.0,295.0,0.0,1.0
2023-01-06,avacado_lime_dressing,646.0,645.0,0.0,1.0
2023-01-06,red_bell_pepers,471.0,470.0,0.0,1.0
2023-01-06,grape tomatoes,605.0,600.0,0.0,5.0
2023-01-06,hard_boiled_egg,208.5,207.5,0.0,1.0
2023-01-06,blue_cheese,336.0,282.0,0.0,54.0
2023-01-06,apples,336.0,282.0,0.0,54.0
2023-01-06,strawberries,336.0,282.0,0.0,54.0
2023-01-06,blueberries,336.0,282.0,0.0,54.0
2023-01-06,harvest_nut_granola,336.0,282.0,0.0,54.0
2023-01-06,zesty_apple_vinagrette,336.0,282.0,0.0,54.0
2023-01-06,chicken_tenders,12164.0,12160.0,0.0,4.0
2023-01-06,biscuit,511.0,452.0,0.0,59.0
2023-01-06,chicken_mini_bread,2384.0,2336.0,0.0,48.0
2023-01-06,butter,542.5,538.25,0.0,4.25
2023-01-06,bacon,261.0,246.0,0.0,15.0
2023-01-06,tortilla,222.0,222.0,0.0,0.0
2023-01-06,eggs,284.0,259.0,0.0,25.0
2023-01-06,sausage,241.0,231.0,0.0,10.0
2023-01-06,bagel,371.0,348.0,0.0,23.0
2023-01-06,oatmeal,105.0,83.0,0.0,22.0
2023-01-06,fruit,129.0,444.5,350.0,34.5
2023-01-06,cream_cheese,279.0,261.0,0.0,18.0
2023-01-06,hash_brown,412.0,400.0,0.0,12.0
2023-01-06,yogurt_parfait,255.0,242.0,0.0,13.0
2023-01-06,cinamon_cluster,99.0,95.0,0.0,4.0
2023-01-06,lemonade,5285.9999999999945,5258.799999999995,0.0,27.2
2023-01-06,straw,20248.0,20011.0,0.0,237.0
2023-01-06,small_drink_cup,2738.0,2703.0,0.0,35.0
2023-01-06,medium_drink_cup,1496.0,1322.0,0.0,174.0
2023-01-06,large_drink_cup,2014.0,1986.0,0.0,28.0
2023-01-06,lemonade_diet,1188.9999999999995,1169.2999999999995,0.0,19.7
2023-01-06,ice_tea_unsweet,2741.399999999988,2716.4999999999877,0.0,24.900000000000002
2023-01-06,ice_tea_sweet,1957.999999999993,1889.399999999993,0.0,68.6
2023-01-06,soft_drink,9241.800000000003,9098.700000000003,0.0,143.1
2023-01-06,dasani_water_bottle,571.0,561.0,0.0,10.0
2023-01-06,orange_juice_bottle,265.0,254.0,0.0,11.0
2023-01-06,apple_juice,369.0,365.0,0.0,4.0
2023-01-06,ice_coffee,230.0,208.25,0.0,21.75
2023-01-06,coffee,319.5,302.5,0.0,17.0
2023-01-06,Coffee_box,275.0,264.0,0.0,11.0
2023-01-06,milk_chocolate,84.0,431.0,350.0,3.0
2023-01-06,milk,548.0,521.0,0.0,27.0
2023-01-06,icecream,148.0,439.0,350.0,59.0
2023-01-06,vanilla_flavor,792.0,787.0,0.0,5.0
2023-01-06,cream_flavor,672.0,672.0,0.0,0.0
2023-01-06,chunk_cookie,633.0,606.0,0.0,27.0
2023-01-06,chocolate_flavor,556.0,550.0,0.0,6.0
2023-01-06,strawberry_flavor,706.0,691.0,0.0,15.0
2023-01-06,frosted_extract,500.0,495.0,0.0,5.0
2023-01-06,icecream_cone,442.0,438.0,0.0,4.0
2023-01-06,icecream_come,204.0,201.0,0.0,3.0
2023-01-06,icecream_topping,278.0,269.0,0.0,9.0
2023-01-06,to_go_bag,7142.0,7030.0,0.0,112.0
2023-01-06,napkins,14710.0,14150.0,0.0,560.0
2023-01-06,ketchup,6004.0,6000.0,0.0,4.0
2023-01-06,ranch,6052.0,6041.0,0.0,11.0
2023-01-06,buffalo_sauce,6484.0,6484.0,0.0,0.0
2023-01-06,bbq_sauce,6228.0,6225.0,0.0,3.0
2023-01-06,polyneasian,6228.0,6212.0,0.0,16.0
2023-01-06,chickfala,5910.0,5904.0,0.0,6.0
2023-01-06,silverware,6132.0,6129.0,0.0,3.0
2023-01-07,fried_batter,683.8000000000009,582.0000000000009,0.0,101.80000000000001
2023-01-07,bun,573.0,545.0,0.0,28.0
2023-01-07,chicken_patty,768.0,694.0,0.0,74.0
2023-01-07,pickle_chips,3644.0,3560.0,0.0,84.0
2023-01-07,lettuce,458.0,436.0,0.0,22.0
2023-01-07,tomato,458.0,436.0,0.0,22.0
2023-01-07,cheese,503.5,466.5,0.0,37.0
2023-01-07,spice,862.0,850.0,0.0,12.0
2023-01-07,chicken_nuggets,8239.0,7732.5,0.0,506.5
2023-01-07,chicken_strips,5646.0,5619.0,0.0,27.0
2023-01-07,flat_bread,300.5,285.5,0.0,15.0
2023-01-07,mixed_greens,541.0,476.5,0.0,64.5
2023-01-07,shredded_monterey_jack,904.0,871.0,0.0,33.0
2023-01-07,waffle_fries,9770.079999999994,9595.059999999994,0.0,175.02
2023-01-07,roasted_corn_kernels,294.0,285.0,0.0,9.0
2023-01-07,crumbled_bacon,294.0,285.0,0.0,9.0
2023-01-07,avacado_lime_dressing,644.0,635.0,0.0,9.0
2023-01-07,red_bell_pepers,469.0,460.0,0.0,9.0
2023-01-07,grape tomatoes,595.0,550.0,0.0,45.0
2023-01-07,hard_boiled_egg,206.5,197.5,0.0,9.0
2023-01-07,blue_cheese,228.0,180.0,0.0,48.0
2023-01-07,apples,228.0,180.0,0.0,48.0
2023-01-07,strawberries,228.0,180.0,0.0,48.0
2023-01-07,blueberries,228.0,180.0,0.0,48.0
2023-01-07,harvest_nut_granola,228.0,180.0,0.0,48.0
2023-01-07,zesty_apple_vinagrette,228.0,180.0,0.0,48.0
2023-01-07,chicken_tenders,12156.0,12150.0,0.0,6.0
2023-01-07,biscuit,393.0,371.0,0.0,22.0
2023-01-07,chicken_mini_bread,2288.0,2264.0,0.0,24.0
2023-01-07,butter,534.0,532.75,0.0,1.25
2023-01-07,bacon,231.0,228.0,0.0,3.0
2023-01-07,tortilla,222.0,213.0,0.0,9.0
2023-01-07,eggs,234.0,199.0,0.0,35.0
2023-01-07,sausage,221.0,217.0,0.0,4.0
2023-01-07,bagel,325.0,276.0,0.0,49.0
2023-01-07,oatmeal,61.0,54.0,0.0,7.0
2023-01-07,fruit,760.0,734.0,0.0,26.0
2023-01-07,cream_cheese,243.0,233.0,0.0,10.0
2023-01-07,hash_brown,388.0,372.0,0.0,16.0
2023-01-07,yogurt_parfait,229.0,219.0,0.0,10.0
2023-01-07,cinamon_cluster,91.0,85.0,0.0,6.0
2023-01-07,lemonade,5231.599999999995,5143.9999999999945,0.0,87.60000000000001
2023-01-07,straw,19774.0,19484.0,0.0,290.0
2023-01-07,small_drink_cup,2668.0,2614.0,0.0,54.0
2023-01-07,medium_drink_cup,1148.0,4481.0,3500.0,167.0
2023-01-07,large_drink_cup,1958.0,1889.0,0.0,69.0
2023-01-07,lemonade_diet,1149.5999999999995,1135.8999999999994,0.0,13.699999999999998
2023-01-07,ice_tea_unsweet,2691.5999999999876,2677.899999999988,0.0,13.7
2023-01-07,ice_tea_sweet,1820.7999999999931,1764.599999999993,0.0,56.20000000000001
2023-01-07,soft_drink,8955.600000000002,8761.600000000002,0.0,194.00000000000003
2023-01-07,dasani_water_bottle,551.0,544.0,0.0,7.0
2023-01-07,orange_juice_bottle,243.0,240.0,0.0,3.0
2023-01-07,apple_juice,361.0,348.0,0.0,13.0
2023-01-07,ice_coffee,186.5,171.75,0.0,14.75
2023-01-07,coffee,285.5,1325.0,1050.0,10.5
2023-01-07,Coffee_box,253.0,251.0,0.0,2.0
2023-01-07,milk_chocolate,778.0,776.0,0.0,2.0
2023-01-07,milk,494.0,453.0,0.0,41.0
2023-01-07,icecream,730.0,647.0,0.0,83.0
2023-01-07,vanilla_flavor,782.0,767.0,0.0,15.0
2023-01-07,cream_flavor,672.0,672.0,0.0,0.0
2023-01-07,chunk_cookie,579.0,560.0,0.0,19.0
2023-01-07,chocolate_flavor,544.0,540.0,0.0,4.0
2023-01-07,strawberry_flavor,676.0,666.0,0.0,10.0
2023-01-07,frosted_extract,490.0,488.0,0.0,2.0
2023-01-07,icecream_cone,434.0,421.0,0.0,13.0
2023-01-07,icecream_come,198.0,186.0,0.0,12.0
2023-01-07,icecream_topping,260.0,253.0,0.0,7.0
2023-01-07,to_go_bag,6918.0,6800.0,0.0,118.0
2023-01-07,napkins,13590.0,13000.0,0.0,590.0
2023-01-07,ketchup,5996.0,5987.0,0.0,9.0
2023-01-07,ranch,6030.0,6019.0,0.0,11.0
2023-01-07,buffalo_sauce,6484.0,6482.0,0.0,2.0
2023-01-07,bbq_sauce,6222.0,6217.0,0.0,5.0
2023-01-07,polyneasian,6196.0,6193.0,0.0,3.0
2023-01-07,chickfala,5898.0,5895.0,0.0,3.0
2023-01-07,silverware,6126.0,6125.0,0.0,1.0
2023-01-09,fried_batter,480.2000000000009,352.80000000000086,0.0,127.4
2023-01-09,bun,517.0,468.0,0.0,49.0
2023-01-09,chicken_patty,620.0,538.5,0.0,81.5
2023-01-09,pickle_chips,3476.0,3329.0,0.0,147.0
2023-01-09,lettuce,414.0,372.0,0.0,42.0
2023-01-09,tomato,414.0,372.0,0.0,42.0
2023-01-09,cheese,429.5,386.5,0.0,43.0
2023-01-09,spice,838.0,798.0,0.0,40.0
2023-01-09,chicken_nuggets,7226.0,6887.0,0.0,339.0
2023-01-09,chicken_strips,5592.0,5518.0,0.0,74.0
2023-01-09,flat_bread,270.5,262.5,0.0,8.0
2023-01-09,mixed_greens,412.0,367.0,0.0,45.0
2023-01-09,shredded_monterey_jack,838.0,820.0,0.0,18.0
2023-01-09,waffle_fries,9420.039999999994,9250.399999999994,0.0,169.64
2023-01-09,roasted_corn_kernels,276.0,270.0,0.0,6.0
2023-01-09,crumbled_bacon,276.0,270.0,0.0,6.0
2023-01-09,avacado_lime_dressing,626.0,620.0,0.0,6.0
2023-01-09,red_bell_pepers,451.0,445.0,0.0,6.0
2023-01-09,grape tomatoes,505.0,475.0,0.0,30.0
2023-01-09,hard_boiled_egg,188.5,182.5,0.0,6.0
2023-01-09,blue_cheese,132.0,447.0,350.0,35.0
2023-01-09,apples,132.0,447.0,350.0,35.0
2023-01-09,strawberries,132.0,447.0,350.0,35.0
2023-01-09,blueberries,132.0,447.0,350.0,35.0
2023-01-09,harvest_nut_granola,132.0,447.0,350.0,35.0
2023-01-09,zesty_apple_vinagrette,132.0,447.0,350.0,35.0
2023-01-09,chicken_tenders,12144.0,12138.0,0.0,6.0
2023-01-09,biscuit,349.0,313.0,0.0,36.0
2023-01-09,chicken_mini_bread,2240.0,2192.0,0.0,48.0
2023-01-09,butter,531.5,530.25,0.0,1.25
2023-01-09,bacon,225.0,215.0,0.0,10.0
2023-01-09,tortilla,204.0,200.0,0.0,4.0
2023-01-09,eggs,164.0,138.0,0.0,26.0
2023-01-09,sausage,213.0,209.0,0.0,4.0
2023-01-09,bagel,227.0,203.0,0.0,24.0
2023-01-09,oatmeal,47.0,207.0,175.0,15.0
2023-01-09,fruit,708.0,684.0,0.0,24.0
2023-01-09,cream_cheese,223.0,213.0,0.0,10.0
2023-01-09,hash_brown,356.0,353.0,0.0,3.0
2023-01-09,yogurt_parfait,209.0,199.0,0.0,10.0
2023-01-09,cinamon_cluster,79.0,67.0,0.0,12.0
2023-01-09,lemonade,5056.399999999994,5029.599999999994,0.0,26.8
2023-01-09,straw,19194.0,18963.0,0.0,231.0
2023-01-09,small_drink_cup,2560.0,2537.0,0.0,23.0
2023-01-09,medium_drink_cup,7814.0,7632.0,0.0,182.0
2023-01-09,large_drink_cup,1820.0,1794.0,0.0,26.0
2023-01-09,lemonade_diet,1122.1999999999994,1110.1999999999994,0.0,12.0
2023-01-09,ice_tea_unsweet,2664.199999999988,2647.499999999988,0.0,16.7
2023-01-09,ice_tea_sweet,1708.399999999993,1685.399999999993,0.0,23.0
2023-01-09,soft_drink,8567.600000000002,8395.000000000002,0.0,172.6
2023-01-09,dasani_water_bottle,537.0,530.0,0.0,7.0
2023-01-09,orange_juice_bottle,237.0,226.0,0.0,11.0
2023-01-09,apple_juice,335.0,333.0,0.0,2.0
2023-01-09,ice_coffee,157.0,141.25,0.0,15.75
2023-01-09,coffee,2364.5,2349.25,0.0,15.25
2023-01-09,Coffee_box,249.0,233.0,0.0,16.0
2023-01-09,milk_chocolate,774.0,770.0,0.0,4.0
2023-01-09,milk,412.0,354.0,0.0,58.0
2023-01-09,icecream,564.0,470.0,0.0,94.0
2023-01-09,vanilla_flavor,752.0,740.0,0.0,12.0
2023-01-09,cream_flavor,672.0,658.0,0.0,14.0
2023-01-09,chunk_cookie,541.0,510.0,0.0,31.0
2023-01-09,chocolate_flavor,536.0,534.0,0.0,2.0
2023-01-09,strawberry_flavor,656.0,645.0,0.0,11.0
2023-01-09,frosted_extract,486.0,481.0,0.0,5.0
2023-01-09,icecream_cone,408.0,394.0,0.0,14.0
2023-01-09,icecream_come,174.0,172.0,0.0,2.0
2023-01-09,icecream_topping,246.0,238.0,0.0,8.0
2023-01-09,to_go_bag,6682.0,6571.0,0.0,111.0
2023-01-09,napkins,12410.0,11855.0,0.0,555.0
2023-01-09,ketchup,5978.0,5968.0,0.0,10.0
2023-01-09,ranch,6008.0,5993.0,0.0,15.0
2023-01-09,buffalo_sauce,6480.0,6473.0,0.0,7.0
2023-01-09,bbq_sauce,6212.0,6203.0,0.0,9.0
2023-01-09,polyneasian,6190.0,6184.0,0.0,6.0
2023-01-09,chickfala,5892.0,5879.0,0.0,13.0
2023-01-09,silverware,6124.0,6121.0,0.0,3.0
2023-01-10,fried_batter,225.40000000000086,601.6000000000008,525.0,148.8
2023-01-10,bun,419.0,375.0,0.0,44.0
2023-01-10,chicken_patty,457.0,378.5,0.0,78.5
2023-01-10,pickle_chips,3182.0,3050.0,0.0,132.0
2023-01-10,lettuce,330.0,258.0,0.0,72.0
2023-01-10,tomato,330.0,258.0,0.0,72.0
2023-01-10,cheese,343.5,279.5,0.0,64.0
2023-01-10,spice,758.0,732.0,0.0,26.0
2023-01-10,chicken_nuggets,6548.0,6230.0,0.0,318.0
2023-01-10,chicken_strips,5444.0,5367.0,0.0,77.0
2023-01-10,flat_bread,254.5,248.5,0.0,6.0
2023-01-10,mixed_greens,322.0,287.0,0.0,35.0
2023-01-10,shredded_monterey_jack,802.0,772.0,0.0,30.0
2023-01-10,waffle_fries,9080.759999999995,8932.659999999994,0.0,148.1
2023-01-10,roasted_corn_kernels,264.0,261.0,0.0,3.0
2023-01-10,crumbled_bacon,264.0,261.0,0.0,3.0
2023-01-10,avacado_lime_dressing,614.0,611.0,0.0,3.0
2023-01-10,red_bell_pepers,439.0,436.0,0.0,3.0
2023-01-10,grape tomatoes,445.0,430.0,0.0,15.0
2023-01-10,hard_boiled_egg,176.5,173.5,0.0,3.0
2023-01-10,blue_cheese,762.0,733.0,0.0,29.0
2023-01-10,apples,762.0,733.0,0.0,29.0
2023-01-10,strawberries,762.0,733.0,0.0,29.0
2023-01-10,blueberries,762.0,733.0,0.0,29.0
2023-01-10,harvest_nut_granola,762.0,733.0,0.0,29.0
2023-01-10,zesty_apple_vinagrette,762.0,733.0,0.0,29.0
2023-01-10,chicken_tenders,12132.0,12118.0,0.0,14.0
2023-01-10,biscuit,277.0,234.0,0.0,43.0
2023-01-10,chicken_mini_bread,2144.0,2108.0,0.0,36.0
2023-01-10,butter,529.0,527.75,0.0,1.25
2023-01-10,bacon,205.0,199.0,0.0,6.0
2023-01-10,tortilla,196.0,175.0,0.0,21.0
2023-01-10,eggs,112.0,413.0,350.0,49.0
2023-01-10,sausage,205.0,194.0,0.0,11.0
2023-01-10,bagel,179.0,154.0,0.0,25.0
2023-01-10,oatmeal,367.0,354.0,0.0,13.0
2023-01-10,fruit,660.0,633.5,0.0,26.5
2023-01-10,cream_cheese,203.0,192.0,0.0,11.0
2023-01-10,hash_brown,350.0,340.0,0.0,10.0
2023-01-10,yogurt_parfait,189.0,186.0,0.0,3.0
2023-01-10,cinamon_cluster,55.0,219.0,175.0,11.0
2023-01-10,lemonade,5002.799999999994,4922.599999999994,0.0,80.19999999999999
2023-01-10,straw,18732.0,18525.0,0.0,207.0
2023-01-10,small_drink_cup,2514.0,2485.0,0.0,29.0
2023-01-10,medium_drink_cup,7450.0,7298.0,0.0,152.0
2023-01-10,large_drink_cup,1768.0,1742.0,0.0,26.0
2023-01-10,lemonade_diet,1098.1999999999994,1085.7999999999993,0.0,12.400000000000002
2023-01-10,ice_tea_unsweet,2630.7999999999884,2604.7999999999884,0.0,26.000000000000004
2023-01-10,ice_tea_sweet,1662.399999999993,1642.899999999993,0.0,19.5
2023-01-10,soft_drink,8222.400000000001,8084.600000000001,0.0,137.8
2023-01-10,dasani_water_bottle,523.0,523.0,0.0,0.0
2023-01-10,orange_juice_bottle,215.0,200.0,0.0,15.0
2023-01-10,apple_juice,331.0,321.0,0.0,10.0
2023-01-10,ice_coffee,125.5,117.5,0.0,8.0
2023-01-10,coffee,2334.0,2321.75,0.0,12.25
2023-01-10,Coffee_box,217.0,205.0,0.0,12.0
2023-01-10,milk_chocolate,766.0,754.0,0.0,12.0
2023-01-10,milk,296.0,251.0,0.0,45.0
2023-01-10,icecream,376.0,316.0,0.0,60.0
2023-01-10,vanilla_flavor,728.0,720.0,0.0,8.0
2023-01-10,cream_flavor,644.0,644.0,0.0,0.0
2023-01-10,chunk_cookie,479.0,364.0,0.0,115.0
2023-01-10,chocolate_flavor,532.0,520.0,0.0,12.0
2023-01-10,strawberry_flavor,634.0,624.0,0.0,10.0
2023-01-10,frosted_extract,476.0,462.0,0.0,14.0
2023-01-10,icecream_cone,380.0,380.0,0.0,0.0
2023-01-10,icecream_come,170.0,170.0,0.0,0.0
2023-01-10,icecream_topping,230.0,226.0,0.0,4.0
2023-01-10,to_go_bag,6460.0,6353.0,0.0,107.0
2023-01-10,napkins,11300.0,10765.0,0.0,535.0
2023-01-10,ketchup,5958.0,5950.0,0.0,8.0
2023-01-10,ranch,5978.0,5975.0,0.0,3.0
2023-01-10,buffalo_sauce,6466.0,6458.0,0.0,8.0
2023-01-10,bbq_sauce,6194.0,6187.0,0.0,7.0
2023-01-10,polyneasian,6178.0,6167.0,0.0,11.0
2023-01-10,chickfala,5866.0,5861.0,0.0,5.0
2023-01-10,silverware,6118.0,6106.0,0.0,12.0
2023-01-11,fried_batter,977.8000000000009,853.6000000000008,0.0,124.19999999999999
2023-01-11,bun,331.0,283.0,0.0,48.0
2023-01-11,chicken_patty,300.0,216.0,0.0,84.0
2023-01-11,pickle_chips,2918.0,2774.0,0.0,144.0
2023-01-11,lettuce,186.0,140.0,0.0,46.0
2023-01-11,tomato,186.0,140.0,0.0,46.0
2023-01-11,cheese,215.5,171.5,0.0,44.0
2023-01-11,spice,706.0,683.0,0.0,23.0
2023-01-11,chicken_nuggets,5912.0,5582.5,0.0,329.5
2023-01-11,chicken_strips,5290.0,5211.0,0.0,79.0
2023-01-11,flat_bread,242.5,237.5,0.0,5.0
2023-01-11,mixed_greens,252.0,899.5,700.0,52.5
2023-01-11,shredded_monterey_jack,742.0,735.0,0.0,7.0
2023-01-11,waffle_fries,8784.559999999994,8631.099999999995,0.0,153.46
2023-01-11,roasted_corn_kernels,258.0,258.0,0.0,0.0
2023-01-11,crumbled_bacon,258.0,258.0,0.0,0.0
2023-01-11,avacado_lime_dressing,608.0,608.0,0.0,0.0
2023-01-11,red_bell_pepers,433.0,433.0,0.0,0.0
2023-01-11,grape tomatoes,415.0,415.0,0.0,0.0
2023-01-11,hard_boiled_egg,170.5,170.5,0.0,0.0
2023-01-11,blue_cheese,704.0,654.0,0.0,50.0
2023-01-11,apples,704.0,654.0,0.0,50.0
2023-01-11,strawberries,704.0,654.0,0.0,50.0
2023-01-11,blueberries,704.0,654.0,0.0,50.0
2023-01-11,harvest_nut_granola,704.0,654.0,0.0,50.0
2023-01-11,zesty_apple_vinagrette,704.0,654.0,0.0,50.0
2023-01-11,chicken_tenders,12104.0,12086.0,0.0,18.0
2023-01-11,biscuit,191.0,174.0,0.0,17.0
2023-01-11,chicken_mini_bread,2072.0,2030.0,0.0,42.0
2023-01-11,butter,526.5,525.5,0.0,1.0
2023-01-11,bacon,193.0,189.0,0.0,4.0
2023-01-11,tortilla,154.0,152.0,0.0,2.0
2023-01-11,eggs,714.0,691.0,0.0,23.0
2023-01-11,sausage,183.0,180.0,0.0,3.0
2023-01-11,bagel,129.0,104.0,0.0,25.0
2023-01-11,oatmeal,341.0,325.0,0.0,16.0
2023-01-11,fruit,607.0,574.5,0.0,32.5
2023-01-11,cream_cheese,181.0,176.0,0.0,5.0
2023-01-11,hash_brown,330.0,329.0,0.0,1.0
2023-01-11,yogurt_parfait,183.0,178.0,0.0,5.0
2023-01-11,cinamon_cluster,383.0,380.0,0.0,3.0
2023-01-11,lemonade,4842.399999999994,4798.799999999994,0.0,43.599999999999994
2023-01-11,straw,18318.0,18083.0,0.0,235.0
2023-01-11,small_drink_cup,2456.0,2414.0,0.0,42.0
2023-01-11,medium_drink_cup,7146.0,6985.0,0.0,161.0
2023-01-11,large_drink_cup,1716.0,1684.0,0.0,32.0
2023-01-11,lemonade_diet,1073.3999999999992,1055.2999999999993,0.0,18.1
2023-01-11,ice_tea_unsweet,2578.7999999999884,2557.8999999999883,0.0,20.900000000000002
2023-01-11,ice_tea_sweet,1623.399999999993,1554.399999999993,0.0,69.00000000000001
2023-01-11,soft_drink,7946.800000000001,7806.000000000001,0.0,140.8
2023-01-11,dasani_water_bottle,523.0,508.0,0.0,15.0
2023-01-11,orange_juice_bottle,185.0,181.0,0.0,4.0
2023-01-11,apple_juice,311.0,304.0,0.0,7.0
2023-01-11,ice_coffee,109.5,446.75,350.0,12.75
2023-01-11,coffee,2309.5,2295.25,0.0,14.25
2023-01-11,Coffee_box,193.0,177.0,0.0,16.0
2023-01-11,milk_chocolate,742.0,735.0,0.0,7.0
2023-01-11,milk,206.0,168.0,0.0,38.0
2023-01-11,icecream,256.0,168.0,0.0,88.0
2023-01-11,vanilla_flavor,712.0,702.0,0.0,10.0
2023-01-11,cream_flavor,644.0,638.0,0.0,6.0
2023-01-11,chunk_cookie,249.0,232.0,0.0,17.0
2023-01-11,chocolate_flavor,508.0,499.0,0.0,9.0
2023-01-11,strawberry_flavor,614.0,604.0,0.0,10.0
2023-01-11,frosted_extract,448.0,442.0,0.0,6.0
2023-01-11,icecream_cone,380.0,377.0,0.0,3.0
2023-01-11,icecream_come,170.0,155.0,0.0,15.0
2023-01-11,icecream_topping,222.0,219.0,0.0,3.0
2023-01-11,to_go_bag,6246.0,6140.0,0.0,106.0
2023-01-11,napkins,10230.0,9700.0,0.0,530.0
2023-01-11,ketchup,5942.0,5934.0,0.0,8.0
2023-01-11,ranch,5972.0,5972.0,0.0,0.0
2023-01-11,buffalo_sauce,6450.0,6450.0,0.0,0.0
2023-01-11,bbq_sauce,6180.0,6172.0,0.0,8.0
2023-01-11,polyneasian,6156.0,6142.0,0.0,14.0
2023-01-11,chickfala,5856.0,5853.0,0.0,3.0
2023-01-11,silverware,6094.0,6086.0,0.0,8.0
2023-01-12,fried_batter,729.4000000000008,602.4000000000008,0.0,127.0
2023-01-12,bun,235.0,186.0,0.0,49.0
2023-01-12,chicken_patty,132.0,747.0,700.0,85.0
2023-01-12,pickle_chips,2630.0,2483.0,0.0,147.0
2023-01-12,lettuce,94.0,406.0,350.0,38.0
2023-01-12,tomato,94.0,406.0,350.0,38.0
2023-01-12,cheese,127.5,337.0,262.5,53.0
2023-01-12,spice,660.0,630.0,0.0,30.0
2023-01-12,chicken_nuggets,5253.0,4832.5,0.0,420.5
2023-01-12,chicken_strips,5132.0,5124.0,0.0,8.0
2023-01-12,flat_bread,232.5,223.5,0.0,9.0
2023-01-12,mixed_greens,1547.0,1480.5,0.0,66.5
2023-01-12,shredded_monterey_jack,728.0,703.0,0.0,25.0
2023-01-12,waffle_fries,8477.639999999996,8313.119999999995,0.0,164.52
2023-01-12,roasted_corn_kernels,258.0,255.0,0.0,3.0
2023-01-12,crumbled_bacon,258.0,255.0,0.0,3.0
2023-01-12,avacado_lime_dressing,608.0,605.0,0.0,3.0
2023-01-12,red_bell_pepers,433.0,430.0,0.0,3.0
2023-01-12,grape tomatoes,415.0,400.0,0.0,15.0
2023-01-12,hard_boiled_egg,170.5,167.5,0.0,3.0
2023-01-12,blue_cheese,604.0,545.0,0.0,59.0
2023-01-12,apples,604.0,545.0,0.0,59.0
2023-01-12,strawberries,604.0,545.0,0.0,59.0
2023-01-12,blueberries,604.0,545.0,0.0,59.0
2023-01-12,harvest_nut_granola,604.0,545.0,0.0,59.0
2023-01-12,zesty_apple_vinagrette,604.0,545.0,0.0,59.0
2023-01-12,chicken_tenders,12068.0,12044.0,0.0,24.0
2023-01-12,biscuit,157.0,631.0,525.0,51.0
2023-01-12,chicken_mini_bread,1988.0,1961.0,0.0,27.0
2023-01-12,butter,524.5,523.75,0.0,0.75
2023-01-12,bacon,185.0,164.0,0.0,21.0
2023-01-12,tortilla,150.0,137.0,0.0,13.0
2023-01-12,eggs,668.0,621.0,0.0,47.0
2023-01-12,sausage,177.0,170.0,0.0,7.0
2023-01-12,bagel,79.0,59.0,0.0,20.0
2023-01-12,oatmeal,309.0,288.0,0.0,21.0
2023-01-12,fruit,542.0,510.0,0.0,32.0
2023-01-12,cream_cheese,171.0,160.0,0.0,11.0
2023-01-12,hash_brown,328.0,320.0,0.0,8.0
2023-01-12,yogurt_parfait,173.0,170.0,0.0,3.0
2023-01-12,cinamon_cluster,377.0,362.0,0.0,15.0
2023-01-12,lemonade,4755.199999999993,4697.899999999993,0.0,57.30000000000001
2023-01-12,straw,17848.0,17602.0,0.0,246.0
2023-01-12,small_drink_cup,2372.0,2320.0,0.0,52.0
2023-01-12,medium_drink_cup,6824.0,6665.0,0.0,159.0
2023-01-12,large_drink_cup,1652.0,1617.0,0.0,35.0
2023-01-12,lemonade_diet,1037.1999999999994,1015.2999999999994,0.0,21.900000000000002
2023-01-12,ice_tea_unsweet,2536.999999999988,2521.099999999988,0.0,15.899999999999999
2023-01-12,ice_tea_sweet,1485.399999999993,1439.899999999993,0.0,45.5
2023-01-12,soft_drink,7665.200000000001,7516.400000000001,0.0,148.79999999999998
2023-01-12,dasani_water_bottle,493.0,489.0,0.0,4.0
2023-01-12,orange_juice_bottle,177.0,175.0,0.0,2.0
2023-01-12,apple_juice,297.0,296.0,0.0,1.0
2023-01-12,ice_coffee,784.0,762.0,0.0,22.0
2023-01-12,coffee,2281.0,2270.5,0.0,10.5
2023-01-12,Coffee_box,161.0,143.0,0.0,18.0
2023-01-12,milk_chocolate,728.0,718.0,0.0,10.0
2023-01-12,milk,130.0,105.0,0.0,25.0
2023-01-12,icecream,80.0,385.0,350.0,45.0
2023-01-12,vanilla_flavor,692.0,687.0,0.0,5.0
2023-01-12,cream_flavor,632.0,627.0,0.0,5.0
2023-01-12,chunk_cookie,215.0,150.5,0.0,64.5
2023-01-12,chocolate_flavor,490.0,489.0,0.0,1.0
2023-01-12,strawberry_flavor,594.0,589.0,0.0,5.0
2023-01-12,frosted_extract,436.0,430.0,0.0,6.0
2023-01-12,icecream_cone,374.0,365.0,0.0,9.0
2023-01-12,icecream_come,140.0,136.0,0.0,4.0
2023-01-12,icecream_topping,216.0,204.0,0.0,12.0
2023-01-12,to_go_bag,6034.0,5914.0,0.0,120.0
2023-01-12,napkins,9170.0,8570.0,0.0,600.0
2023-01-12,ketchup,5926.0,5914.0,0.0,12.0
2023-01-12,ranch,5972.0,5968.0,0.0,4.0
2023-01-12,buffalo_sauce,6450.0,6440.0,0.0,10.0
2023-01-12,bbq_sauce,6164.0,6155.0,0.0,9.0
2023-01-12,polyneasian,6128.0,6127.0,0.0,1.0
2023-01-12,chickfala,5850.0,5842.0,0.0,8.0
2023-01-12,silverware,6078.0,6071.0,0.0,7.0
2023-01-13,fried_batter,475.4000000000008,326.6000000000008,0.0,148.79999999999998
2023-01-13,bun,137.0,606.0,525.0,56.0
2023-01-13,chicken_patty,1362.0,1275.0,0.0,87.0
2023-01-13,pickle_chips,2336.0,2168.0,0.0,168.0
2023-01-13,lettuce,718.0,668.0,0.0,50.0
2023-01-13,tomato,718.0,668.0,0.0,50.0
2023-01-13,cheese,546.5,507.5,0.0,39.0
2023-01-13,spice,600.0,552.0,0.0,48.0
2023-01-13,chicken_nuggets,4412.0,3948.0,0.0,464.0
2023-01-13,chicken_strips,5116.0,5073.0,0.0,43.0
2023-01-13,flat_bread,214.5,212.5,0.0,2.0
2023-01-13,mixed_greens,1414.0,1351.0,0.0,63.0
2023-01-13,shredded_monterey_jack,678.0,666.0,0.0,12.0
2023-01-13,waffle_fries,8148.599999999995,8002.419999999995,0.0,146.18
2023-01-13,roasted_corn_kernels,252.0,251.0,0.0,1.0
2023-01-13,crumbled_bacon,252.0,251.0,0.0,1.0
2023-01-13,avacado_lime_dressing,602.0,601.0,0.0,1.0
2023-01-13,red_bell_pepers,427.0,426.0,0.0,1.0
2023-01-13,grape tomatoes,385.0,380.0,0.0,5.0
2023-01-13,hard_boiled_egg,164.5,163.5,0.0,1.0
2023-01-13,blue_cheese,486.0,425.0,0.0,61.0
2023-01-13,apples,486.0,425.0,0.0,61.0
2023-01-13,strawberries,486.0,425.0,0.0,61.0
2023-01-13,blueberries,486.0,425.0,0.0,61.0
2023-01-13,harvest_nut_granola,486.0,425.0,0.0,61.0
2023-01-13,zesty_apple_vinagrette,486.0,425.0,0.0,61.0
2023-01-13,chicken_tenders,12020.0,12006.0,0.0,14.0
2023-01-13,biscuit,1105.0,1085.0,0.0,20.0
2023-01-13,chicken_mini_bread,1934.0,1883.0,0.0,51.0
2023-01-13,butter,523.0,520.75,0.0,2.25
2023-01-13,bacon,143.0,666.0,525.0,2.0
2023-01-13,tortilla,124.0,115.0,0.0,9.0
2023-01-13,eggs,574.0,551.0,0.0,23.0
2023-01-13,sausage,163.0,160.0,0.0,3.0
2023-01-13,bagel,39.0,184.0,175.0,30.0
2023-01-13,oatmeal,267.0,235.0,0.0,32.0
2023-01-13,fruit,478.0,445.0,0.0,33.0
2023-01-13,cream_cheese,149.0,137.0,0.0,12.0
2023-01-13,hash_brown,312.0,307.0,0.0,5.0
2023-01-13,yogurt_parfait,167.0,147.0,0.0,20.0
2023-01-13,cinamon_cluster,347.0,347.0,0.0,0.0
2023-01-13,lemonade,4640.599999999993,4591.099999999993,0.0,49.50000000000001
2023-01-13,straw,17356.0,17141.0,0.0,215.0
2023-01-13,small_drink_cup,2268.0,2244.0,0.0,24.0
2023-01-13,medium_drink_cup,6506.0,6338.0,0.0,168.0
2023-01-13,large_drink_cup,1582.0,1559.0,0.0,23.0
2023-01-13,lemonade_diet,993.3999999999994,966.0999999999995,0.0,27.300000000000004
2023-01-13,ice_tea_unsweet,2505.199999999988,2479.599999999988,0.0,25.599999999999998
2023-01-13,ice_tea_sweet,1394.399999999993,1351.399999999993,0.0,43.0
2023-01-13,soft_drink,7367.6,7236.200000000001,0.0,131.4
2023-01-13,dasani_water_bottle,485.0,468.0,0.0,17.0
2023-01-13,orange_juice_bottle,173.0,168.0,0.0,5.0
2023-01-13,apple_juice,295.0,287.0,0.0,8.0
2023-01-13,ice_coffee,740.0,727.25,0.0,12.75
2023-01-13,coffee,2260.0,2240.5,0.0,19.5
2023-01-13,Coffee_box,125.0,116.0,0.0,9.0
2023-01-13,milk_chocolate,708.0,706.0,0.0,2.0
2023-01-13,milk,80.0,394.0,350.0,36.0
2023-01-13,icecream,690.0,640.0,0.0,50.0
2023-01-13,vanilla_flavor,682.0,673.0,0.0,9.0
2023-01-13,cream_flavor,622.0,616.0,0.0,6.0
2023-01-13,chunk_cookie,86.0,343.0,350.0,93.0
2023-01-13,chocolate_flavor,488.0,482.0,0.0,6.0
2023-01-13,strawberry_flavor,584.0,583.0,0.0,1.0
2023-01-13,frosted_extract,424.0,420.0,0.0,4.0
2023-01-13,icecream_cone,356.0,354.0,0.0,2.0
2023-01-13,icecream_come,132.0,128.0,0.0,4.0
2023-01-13,icecream_topping,192.0,183.0,0.0,9.0
2023-01-13,to_go_bag,5794.0,5691.0,0.0,103.0
2023-01-13,napkins,7970.0,7455.0,0.0,515.0
2023-01-13,ketchup,5902.0,5894.0,0.0,8.0
2023-01-13,ranch,5964.0,5951.0,0.0,13.0
2023-01-13,buffalo_sauce,6430.0,6428.0,0.0,2.0
2023-01-13,bbq_sauce,6146.0,6139.0,0.0,7.0
2023-01-13,polyneasian,6126.0,6122.0,0.0,4.0
2023-01-13,chickfala,5834.0,5832.0,0.0,2.0
2023-01-13,silverware,6064.0,6059.0,0.0,5.0
2023-01-14,fried_batter,177.80000000000084,587.0000000000009,525.0,115.8
2023-01-14,bun,1075.0,1035.0,0.0,40.0
2023-01-14,chicken_patty,1188.0,1121.0,0.0,67.0
2023-01-14,pickle_chips,2000.0,1880.0,0.0,120.0
2023-01-14,lettuce,618.0,564.0,0.0,54.0
2023-01-14,tomato,618.0,564.0,0.0,54.0
2023-01-14,cheese,468.5,426.5,0.0,42.0
2023-01-14,spice,504.0,479.0,0.0,25.0
2023-01-14,chicken_nuggets,3484.0,3008.5,0.0,475.5
2023-01-14,chicken_strips,5030.0,4967.0,0.0,63.0
2023-01-14,flat_bread,210.5,201.5,0.0,9.0
2023-01-14,mixed_greens,1288.0,1232.5,0.0,55.5
2023-01-14,shredded_monterey_jack,654.0,631.0,0.0,23.0
2023-01-14,waffle_fries,7856.239999999994,7703.699999999994,0.0,152.54
2023-01-14,roasted_corn_kernels,250.0,240.0,0.0,10.0
2023-01-14,crumbled_bacon,250.0,240.0,0.0,10.0
2023-01-14,avacado_lime_dressing,600.0,590.0,0.0,10.0
2023-01-14,red_bell_pepers,425.0,415.0,0.0,10.0
2023-01-14,grape tomatoes,375.0,325.0,0.0,50.0
2023-01-14,hard_boiled_egg,162.5,152.5,0.0,10.0
2023-01-14,blue_cheese,364.0,323.0,0.0,41.0
2023-01-14,apples,364.0,323.0,0.0,41.0
2023-01-14,strawberries,364.0,323.0,0.0,41.0
2023-01-14,blueberries,364.0,323.0,0.0,41.0
2023-01-14,harvest_nut_granola,364.0,323.0,0.0,41.0
2023-01-14,zesty_apple_vinagrette,364.0,323.0,0.0,41.0
2023-01-14,chicken_tenders,11992.0,11976.0,0.0,16.0
2023-01-14,biscuit,1065.0,1028.0,0.0,37.0
2023-01-14,chicken_mini_bread,1832.0,1796.0,0.0,36.0
2023-01-14,butter,518.5,515.25,0.0,3.25
2023-01-14,bacon,1189.0,1181.0,0.0,8.0
2023-01-14,tortilla,106.0,102.0,0.0,4.0
2023-01-14,eggs,528.0,509.0,0.0,19.0
2023-01-14,sausage,157.0,157.0,0.0,0.0
2023-01-14,bagel,329.0,316.0,0.0,13.0
2023-01-14,oatmeal,203.0,187.0,0.0,16.0
2023-01-14,fruit,412.0,388.0,0.0,24.0
2023-01-14,cream_cheese,125.0,125.0,0.0,0.0
2023-01-14,hash_brown,302.0,298.0,0.0,4.0
2023-01-14,yogurt_parfait,127.0,114.0,0.0,13.0
2023-01-14,cinamon_cluster,347.0,344.0,0.0,3.0
2023-01-14,lemonade,4541.599999999993,4482.599999999993,0.0,58.99999999999999
2023-01-14,straw,16926.0,16698.0,0.0,228.0
2023-01-14,small_drink_cup,2220.0,2191.0,0.0,29.0
2023-01-14,medium_drink_cup,6170.0,6017.0,0.0,153.0
2023-01-14,large_drink_cup,1536.0,1490.0,0.0,46.0
2023-01-14,lemonade_diet,938.7999999999995,914.4999999999995,0.0,24.299999999999997
2023-01-14,ice_tea_unsweet,2453.999999999988,2434.499999999988,0.0,19.499999999999996
2023-01-14,ice_tea_sweet,1308.399999999993,1251.399999999993,0.0,57.00000000000001
2023-01-14,soft_drink,7104.800000000001,6964.500000000001,0.0,140.29999999999998
2023-01-14,dasani_water_bottle,451.0,448.0,0.0,3.0
2023-01-14,orange_juice_bottle,163.0,153.0,0.0,10.0
2023-01-14,apple_juice,279.0,263.0,0.0,16.0
2023-01-14,ice_coffee,714.5,687.0,0.0,27.5
2023-01-14,coffee,2221.0,2201.0,0.0,20.0
2023-01-14,Coffee_box,107.0,93.0,0.0,14.0
2023-01-14,milk_chocolate,704.0,676.0,0.0,28.0
2023-01-14,milk,708.0,665.0,0.0,43.0
2023-01-14,icecream,590.0,509.0,0.0,81.0
2023-01-14,vanilla_flavor,664.0,653.0,0.0,11.0
2023-01-14,cream_flavor,610.0,607.0,0.0,3.0
2023-01-14,chunk_cookie,600.0,481.5,0.0,118.5
2023-01-14,chocolate_flavor,476.0,462.0,0.0,14.0
2023-01-14,strawberry_flavor,582.0,573.0,0.0,9.0
2023-01-14,frosted_extract,416.0,414.0,0.0,2.0
2023-01-14,icecream_cone,352.0,349.0,0.0,3.0
2023-01-14,icecream_come,124.0,120.0,0.0,4.0
2023-01-14,icecream_topping,174.0,166.0,0.0,8.0
2023-01-14,to_go_bag,5588.0,5468.0,0.0,120.0
2023-01-14,napkins,6940.0,6340.0,0.0,600.0
2023-01-14,ketchup,5886.0,5881.0,0.0,5.0
2023-01-14,ranch,5938.0,5925.0,0.0,13.0
2023-01-14,buffalo_sauce,6426.0,6414.0,0.0,12.0
2023-01-14,bbq_sauce,6132.0,6128.0,0.0,4.0
2023-01-14,polyneasian,6118.0,6101.0,0.0,17.0
2023-01-14,chickfala,5830.0,5828.0,0.0,2.0
2023-01-14,silverware,6054.0,6038.0,0.0,16.0
2023-01-16,fried_batter,996.200000000001,870.800000000001,0.0,125.4
2023-01-16,bun,995.0,946.0,0.0,49.0
2023-01-16,chicken_patty,1054.0,971.5,0.0,82.5
2023-01-16,pickle_chips,1760.0,1613.0,0.0,147.0
2023-01-16,lettuce,510.0,486.0,0.0,24.0
2023-01-16,tomato,510.0,486.0,0.0,24.0
2023-01-16,cheese,384.5,366.5,0.0,18.0
2023-01-16,spice,454.0,414.0,0.0,40.0
2023-01-16,chicken_nuggets,2533.0,2035.5,0.0,497.5
2023-01-16,chicken_strips,4904.0,4868.0,0.0,36.0
2023-01-16,flat_bread,192.5,177.5,0.0,15.0
2023-01-16,mixed_greens,1177.0,1107.5,0.0,69.5
2023-01-16,shredded_monterey_jack,608.0,580.0,0.0,28.0
2023-01-16,waffle_fries,7551.159999999994,7416.899999999994,0.0,134.26000000000002
2023-01-16,roasted_corn_kernels,230.0,220.0,0.0,10.0
2023-01-16,crumbled_bacon,230.0,220.0,0.0,10.0
2023-01-16,avacado_lime_dressing,580.0,570.0,0.0,10.0
2023-01-16,red_bell_pepers,405.0,395.0,0.0,10.0
2023-01-16,grape tomatoes,275.0,1100.0,875.0,50.0
2023-01-16,hard_boiled_egg,142.5,132.5,0.0,10.0
2023-01-16,blue_cheese,282.0,230.0,0.0,52.0
2023-01-16,apples,282.0,230.0,0.0,52.0
2023-01-16,strawberries,282.0,230.0,0.0,52.0
2023-01-16,blueberries,282.0,230.0,0.0,52.0
2023-01-16,harvest_nut_granola,282.0,230.0,0.0,52.0
2023-01-16,zesty_apple_vinagrette,282.0,230.0,0.0,52.0
2023-01-16,chicken_tenders,11960.0,11956.0,0.0,4.0
2023-01-16,biscuit,991.0,972.0,0.0,19.0
2023-01-16,chicken_mini_bread,1760.0,1691.0,0.0,69.0
2023-01-16,butter,512.0,512.0,0.0,0.0
2023-01-16,bacon,1173.0,1172.0,0.0,1.0
2023-01-16,tortilla,98.0,445.0,350.0,3.0
2023-01-16,eggs,490.0,481.0,0.0,9.0
2023-01-16,sausage,157.0,156.0,0.0,1.0
2023-01-16,bagel,303.0,277.0,0.0,26.0
2023-01-16,oatmeal,171.0,153.0,0.0,18.0
2023-01-16,fruit,364.0,346.5,0.0,17.5
2023-01-16,cream_cheese,125.0,114.0,0.0,11.0
2023-01-16,hash_brown,294.0,282.0,0.0,12.0
2023-01-16,yogurt_parfait,101.0,97.0,0.0,4.0
2023-01-16,cinamon_cluster,341.0,328.0,0.0,13.0
2023-01-16,lemonade,4423.599999999993,4375.299999999993,0.0,48.3
2023-01-16,straw,16470.0,16225.0,0.0,245.0
2023-01-16,small_drink_cup,2162.0,2095.0,0.0,67.0
2023-01-16,medium_drink_cup,5864.0,5708.0,0.0,156.0
2023-01-16,large_drink_cup,1444.0,1422.0,0.0,22.0
2023-01-16,lemonade_diet,890.1999999999996,869.7999999999996,0.0,20.400000000000002
2023-01-16,ice_tea_unsweet,2414.999999999988,2385.2999999999884,0.0,29.700000000000003
2023-01-16,ice_tea_sweet,1194.399999999993,1166.699999999993,0.0,27.7
2023-01-16,soft_drink,6824.200000000001,6668.800000000001,0.0,155.39999999999998
2023-01-16,dasani_water_bottle,445.0,429.0,0.0,16.0
2023-01-16,orange_juice_bottle,143.0,658.0,525.0,10.0
2023-01-16,apple_juice,247.0,245.0,0.0,2.0
2023-01-16,ice_coffee,659.5,650.5,0.0,9.0
2023-01-16,coffee,2181.0,2166.5,0.0,14.5
2023-01-16,Coffee_box,79.0,65.0,0.0,14.0
2023-01-16,milk_chocolate,648.0,634.0,0.0,14.0
2023-01-16,milk,622.0,581.0,0.0,41.0
2023-01-16,icecream,428.0,360.0,0.0,68.0
2023-01-16,vanilla_flavor,642.0,630.0,0.0,12.0
2023-01-16,cream_flavor,604.0,595.0,0.0,9.0
2023-01-16,chunk_cookie,363.0,294.5,0.0,68.5
2023-01-16,chocolate_flavor,448.0,442.0,0.0,6.0
2023-01-16,strawberry_flavor,564.0,561.0,0.0,3.0
2023-01-16,frosted_extract,412.0,407.0,0.0,5.0
2023-01-16,icecream_cone,346.0,342.0,0.0,4.0
2023-01-16,icecream_come,116.0,112.0,0.0,4.0
2023-01-16,icecream_topping,158.0,144.0,0.0,14.0
2023-01-16,to_go_bag,5348.0,5227.0,0.0,121.0
2023-01-16,napkins,5740.0,5135.0,0.0,605.0
2023-01-16,ketchup,5876.0,5872.0,0.0,4.0
2023-01-16,ranch,5912.0,5906.0,0.0,6.0
2023-01-16,buffalo_sauce,6402.0,6392.0,0.0,10.0
2023-01-16,bbq_sauce,6124.0,6117.0,0.0,7.0
2023-01-16,polyneasian,6084.0,6081.0,0.0,3.0
2023-01-16,chickfala,5826.0,5822.0,0.0,4.0
2023-01-16,silverware,6022.0,6017.0,0.0,5.0
2023-01-17,fried_batter,745.400000000001,633.000000000001,0.0,112.39999999999999
2023-01-17,bun,897.0,857.0,0.0,40.0
2023-01-17,chicken_patty,889.0,819.0,0.0,70.0
2023-01-17,pickle_chips,1466.0,1346.0,0.0,120.0
2023-01-17,lettuce,462.0,414.0,0.0,48.0
2023-01-17,tomato,462.0,414.0,0.0,48.0
2023-01-17,cheese,348.5,297.5,0.0,51.0
2023-01-17,spice,374.0,347.0,0.0,27.0
2023-01-17,chicken_nuggets,1538.0,8037.0,7000.0,501.0
2023-01-17,chicken_strips,4832.0,4820.0,0.0,12.0
2023-01-17,flat_bread,162.5,154.5,0.0,8.0
2023-01-17,mixed_greens,1038.0,972.0,0.0,66.0
2023-01-17,shredded_monterey_jack,552.0,528.0,0.0,24.0
2023-01-17,waffle_fries,7282.639999999994,7129.359999999994,0.0,153.28
2023-01-17,roasted_corn_kernels,210.0,200.0,0.0,10.0
2023-01-17,crumbled_bacon,210.0,200.0,0.0,10.0
2023-01-17,avacado_lime_dressing,560.0,550.0,0.0,10.0
2023-01-17,red_bell_pepers,385.0,375.0,0.0,10.0
2023-01-17,grape tomatoes,1925.0,1875.0,0.0,50.0
2023-01-17,hard_boiled_egg,122.5,112.5,0.0,10.0
2023-01-17,blue_cheese,178.0,126.0,0.0,52.0
2023-01-17,apples,178.0,126.0,0.0,52.0
2023-01-17,strawberries,178.0,126.0,0.0,52.0
2023-01-17,blueberries,178.0,126.0,0.0,52.0
2023-01-17,harvest_nut_granola,178.0,126.0,0.0,52.0
2023-01-17,zesty_apple_vinagrette,178.0,126.0,0.0,52.0
2023-01-17,chicken_tenders,11952.0,11930.0,0.0,22.0
2023-01-17,biscuit,953.0,920.0,0.0,33.0
2023-01-17,chicken_mini_bread,1622.0,1580.0,0.0,42.0
2023-01-17,butter,512.0,510.75,0.0,1.25
2023-01-17,bacon,1171.0,1157.0,0.0,14.0
2023-01-17,tortilla,792.0,786.0,0.0,6.0
2023-01-17,eggs,472.0,439.0,0.0,33.0
2023-01-17,sausage,155.0,149.0,0.0,6.0
2023-01-17,bagel,251.0,221.0,0.0,30.0
2023-01-17,oatmeal,135.0,126.0,0.0,9.0
2023-01-17,fruit,329.0,308.5,0.0,20.5
2023-01-17,cream_cheese,103.0,90.0,0.0,13.0
2023-01-17,hash_brown,270.0,261.0,0.0,9.0
2023-01-17,yogurt_parfait,93.0,81.0,0.0,12.0
2023-01-17,cinamon_cluster,315.0,307.0,0.0,8.0
2023-01-17,lemonade,4326.999999999993,4281.299999999993,0.0,45.7
2023-01-17,straw,15980.0,15756.0,0.0,224.0
2023-01-17,small_drink_cup,2028.0,2005.0,0.0,23.0
2023-01-17,medium_drink_cup,5552.0,5393.0,0.0,159.0
2023-01-17,large_drink_cup,1400.0,1358.0,0.0,42.0
2023-01-17,lemonade_diet,849.3999999999996,830.7999999999996,0.0,18.6
2023-01-17,ice_tea_unsweet,2355.5999999999885,2332.3999999999887,0.0,23.2
2023-01-17,ice_tea_sweet,1138.999999999993,1110.799999999993,0.0,28.200000000000003
2023-01-17,soft_drink,6513.4000000000015,6354.000000000002,0.0,159.4
2023-01-17,dasani_water_bottle,413.0,398.0,0.0,15.0
2023-01-17,orange_juice_bottle,1173.0,1165.0,0.0,8.0
2023-01-17,apple_juice,243.0,240.0,0.0,3.0
2023-01-17,ice_coffee,641.5,614.25,0.0,27.25
2023-01-17,coffee,2152.0,2134.25,0.0,17.75
2023-01-17,Coffee_box,51.0,214.0,175.0,12.0
2023-01-17,milk_chocolate,620.0,608.0,0.0,12.0
2023-01-17,milk,540.0,505.0,0.0,35.0
2023-01-17,icecream,292.0,243.0,0.0,49.0
2023-01-17,vanilla_flavor,618.0,615.0,0.0,3.0
2023-01-17,cream_flavor,586.0,576.0,0.0,10.0
2023-01-17,chunk_cookie,226.0,178.0,0.0,48.0
2023-01-17,chocolate_flavor,436.0,431.0,0.0,5.0
2023-01-17,strawberry_flavor,558.0,557.0,0.0,1.0
2023-01-17,frosted_extract,402.0,398.0,0.0,4.0
2023-01-17,icecream_cone,338.0,331.0,0.0,7.0
2023-01-17,icecream_come,108.0,104.0,0.0,4.0
2023-01-17,icecream_topping,130.0,115.0,0.0,15.0
2023-01-17,to_go_bag,5106.0,4997.0,0.0,109.0
2023-01-17,napkins,4530.0,3985.0,0.0,545.0
2023-01-17,ketchup,5868.0,5863.0,0.0,5.0
2023-01-17,ranch,5900.0,5894.0,0.0,6.0
2023-01-17,buffalo_sauce,6382.0,6375.0,0.0,7.0
2023-01-17,bbq_sauce,6110.0,6105.0,0.0,5.0
2023-01-17,polyneasian,6078.0,6072.0,0.0,6.0
2023-01-17,chickfala,5818.0,5817.0,0.0,1.0
2023-01-17,silverware,6012.0,6002.0,0.0,10.0
2023-01-18,fried_batter,520.600000000001,388.40000000000106,0.0,132.2
2023-01-18,bun,817.0,787.0,0.0,30.0
2023-01-18,chicken_patty,749.0,654.5,0.0,94.5
2023-01-18,pickle_chips,1226.0,1136.0,0.0,90.0
2023-01-18,lettuce,366.0,344.0,0.0,22.0
2023-01-18,tomato,366.0,344.0,0.0,22.0
2023-01-18,cheese,246.5,219.5,0.0,27.0
2023-01-18,spice,320.0,1326.0,1050.0,44.0
2023-01-18,chicken_nuggets,14536.0,14100.5,0.0,435.5
2023-01-18,chicken_strips,4808.0,4762.0,0.0,46.0
2023-01-18,flat_bread,146.5,137.5,0.0,9.0
2023-01-18,mixed_greens,906.0,812.5,0.0,93.5
2023-01-18,shredded_monterey_jack,504.0,485.0,0.0,19.0
2023-01-18,waffle_fries,6976.0799999999945,6834.819999999994,0.0,141.26
2023-01-18,roasted_corn_kernels,190.0,184.0,0.0,6.0
2023-01-18,crumbled_bacon,190.0,184.0,0.0,6.0
2023-01-18,avacado_lime_dressing,540.0,534.0,0.0,6.0
2023-01-18,red_bell_pepers,365.0,359.0,0.0,6.0
2023-01-18,grape tomatoes,1825.0,1795.0,0.0,30.0
2023-01-18,hard_boiled_egg,102.5,96.5,0.0,6.0
2023-01-18,blue_cheese,74.0,341.0,350.0,83.0
2023-01-18,apples,74.0,341.0,350.0,83.0
2023-01-18,strawberries,74.0,341.0,350.0,83.0
2023-01-18,blueberries,74.0,341.0,350.0,83.0
2023-01-18,harvest_nut_granola,74.0,341.0,350.0,83.0
2023-01-18,zesty_apple_vinagrette,74.0,341.0,350.0,83.0
2023-01-18,chicken_tenders,11908.0,11904.0,0.0,4.0
2023-01-18,biscuit,887.0,847.0,0.0,40.0
2023-01-18,chicken_mini_bread,1538.0,1529.0,0.0,9.0
2023-01-18,butter,509.5,506.75,0.0,2.75
2023-01-18,bacon,1143.0,1139.0,0.0,4.0
2023-01-18,tortilla,780.0,776.0,0.0,4.0
2023-01-18,eggs,406.0,386.0,0.0,20.0
2023-01-18,sausage,143.0,135.0,0.0,8.0
2023-01-18,bagel,191.0,171.0,0.0,20.0
2023-01-18,oatmeal,117.0,108.0,0.0,9.0
2023-01-18,fruit,288.0,268.5,0.0,19.5
2023-01-18,cream_cheese,77.0,66.0,0.0,11.0
2023-01-18,hash_brown,252.0,242.0,0.0,10.0
2023-01-18,yogurt_parfait,69.0,58.0,0.0,11.0
2023-01-18,cinamon_cluster,299.0,289.0,0.0,10.0
2023-01-18,lemonade,4235.599999999993,4163.399999999993,0.0,72.19999999999999
2023-01-18,straw,15532.0,15333.0,0.0,199.0
2023-01-18,small_drink_cup,1982.0,1959.0,0.0,23.0
2023-01-18,medium_drink_cup,5234.0,5098.0,0.0,136.0
2023-01-18,large_drink_cup,1316.0,1276.0,0.0,40.0
2023-01-18,lemonade_diet,812.1999999999996,800.8999999999996,0.0,11.3
2023-01-18,ice_tea_unsweet,2309.199999999989,2270.3999999999887,0.0,38.8
2023-01-18,ice_tea_sweet,1082.5999999999929,1057.8999999999928,0.0,24.7
2023-01-18,soft_drink,6194.600000000002,6051.300000000002,0.0,143.29999999999998
2023-01-18,dasani_water_bottle,383.0,371.0,0.0,12.0
2023-01-18,orange_juice_bottle,1157.0,1151.0,0.0,6.0
2023-01-18,apple_juice,237.0,232.0,0.0,5.0
2023-01-18,ice_coffee,587.0,575.25,0.0,11.75
2023-01-18,coffee,2116.5,2103.0,0.0,13.5
2023-01-18,Coffee_box,377.0,372.0,0.0,5.0
2023-01-18,milk_chocolate,596.0,585.0,0.0,11.0
2023-01-18,milk,470.0,436.0,0.0,34.0
2023-01-18,icecream,194.0,149.0,0.0,45.0
2023-01-18,vanilla_flavor,612.0,606.0,0.0,6.0
2023-01-18,cream_flavor,566.0,563.0,0.0,3.0
2023-01-18,chunk_cookie,130.0,112.5,0.0,17.5
2023-01-18,chocolate_flavor,426.0,421.0,0.0,5.0
2023-01-18,strawberry_flavor,556.0,552.0,0.0,4.0
2023-01-18,frosted_extract,394.0,387.0,0.0,7.0
2023-01-18,icecream_cone,324.0,319.0,0.0,5.0
2023-01-18,icecream_come,100.0,446.0,350.0,4.0
2023-01-18,icecream_topping,100.0,446.0,350.0,4.0
2023-01-18,to_go_bag,4888.0,4778.0,0.0,110.0
2023-01-18,napkins,3440.0,13390.0,10500.0,550.0
2023-01-18,ketchup,5858.0,5849.0,0.0,9.0
2023-01-18,ranch,5888.0,5881.0,0.0,7.0
2023-01-18,buffalo_sauce,6368.0,6367.0,0.0,1.0
2023-01-18,bbq_sauce,6100.0,6089.0,0.0,11.0
2023-01-18,polyneasian,6066.0,6060.0,0.0,6.0
2023-01-18,chickfala,5816.0,5801.0,0.0,15.0
2023-01-18,silverware,5992.0,5986.0,0.0,6.0
2023-01-19,fried_batter,256.20000000000107,663.000000000001,525.0,118.2
2023-01-19,bun,757.0,712.0,0.0,45.0
2023-01-19,chicken_patty,560.0,479.5,0.0,80.5
2023-01-19,pickle_chips,1046.0,911.0,0.0,135.0
2023-01-19,lettuce,322.0,278.0,0.0,44.0
2023-01-19,tomato,322.0,278.0,0.0,44.0
2023-01-19,cheese,192.5,160.5,0.0,32.0
2023-01-19,spice,2332.0,2295.0,0.0,37.0
2023-01-19,chicken_nuggets,13665.0,13203.5,0.0,461.5
2023-01-19,chicken_strips,4716.0,4664.0,0.0,52.0
2023-01-19,flat_bread,128.5,123.5,0.0,5.0
2023-01-19,mixed_greens,719.0,647.5,0.0,71.5
2023-01-19,shredded_monterey_jack,466.0,438.0,0.0,28.0
2023-01-19,waffle_fries,6693.559999999994,6557.219999999994,0.0,136.34
2023-01-19,roasted_corn_kernels,178.0,176.0,0.0,2.0
2023-01-19,crumbled_bacon,178.0,176.0,0.0,2.0
2023-01-19,avacado_lime_dressing,528.0,526.0,0.0,2.0
2023-01-19,red_bell_pepers,353.0,351.0,0.0,2.0
2023-01-19,grape tomatoes,1765.0,1755.0,0.0,10.0
2023-01-19,hard_boiled_egg,90.5,88.5,0.0,2.0
2023-01-19,blue_cheese,608.0,541.0,0.0,67.0
2023-01-19,apples,608.0,541.0,0.0,67.0
2023-01-19,strawberries,608.0,541.0,0.0,67.0
2023-01-19,blueberries,608.0,541.0,0.0,67.0
2023-01-19,harvest_nut_granola,608.0,541.0,0.0,67.0
2023-01-19,zesty_apple_vinagrette,608.0,541.0,0.0,67.0
2023-01-19,chicken_tenders,11900.0,11896.0,0.0,4.0
2023-01-19,biscuit,807.0,791.0,0.0,16.0
2023-01-19,chicken_mini_bread,1520.0,1496.0,0.0,24.0
2023-01-19,butter,504.0,503.25,0.0,0.75
2023-01-19,bacon,1135.0,1129.0,0.0,6.0
2023-01-19,tortilla,772.0,751.0,0.0,21.0
2023-01-19,eggs,366.0,335.0,0.0,31.0
2023-01-19,sausage,127.0,125.0,0.0,2.0
2023-01-19,bagel,151.0,126.0,0.0,25.0
2023-01-19,oatmeal,99.0,81.0,0.0,18.0
2023-01-19,fruit,249.0,223.0,0.0,26.0
2023-01-19,cream_cheese,55.0,50.0,0.0,5.0
2023-01-19,hash_brown,232.0,219.0,0.0,13.0
2023-01-19,yogurt_parfait,47.0,217.0,175.0,5.0
2023-01-19,cinamon_cluster,279.0,277.0,0.0,2.0
2023-01-19,lemonade,4091.1999999999935,4066.6999999999935,0.0,24.5
2023-01-19,straw,15134.0,14922.0,0.0,212.0
2023-01-19,small_drink_cup,1936.0,1900.0,0.0,36.0
2023-01-19,medium_drink_cup,4962.0,4816.0,0.0,146.0
2023-01-19,large_drink_cup,1236.0,1206.0,0.0,30.0
2023-01-19,lemonade_diet,789.5999999999997,771.5999999999997,0.0,18.0
2023-01-19,ice_tea_unsweet,2231.5999999999885,2216.7999999999884,0.0,14.799999999999999
2023-01-19,ice_tea_sweet,1033.1999999999928,4473.499999999993,3500.0,59.7
2023-01-19,soft_drink,5908.000000000002,5771.000000000002,0.0,137.0
2023-01-19,dasani_water_bottle,359.0,351.0,0.0,8.0
2023-01-19,orange_juice_bottle,1145.0,1124.0,0.0,21.0
2023-01-19,apple_juice,227.0,224.0,0.0,3.0
2023-01-19,ice_coffee,563.5,545.75,0.0,17.75
2023-01-19,coffee,2089.5,2070.5,0.0,19.0
2023-01-19,Coffee_box,367.0,360.0,0.0,7.0
2023-01-19,milk_chocolate,574.0,554.0,0.0,20.0
2023-01-19,milk,402.0,347.0,0.0,55.0
2023-01-19,icecream,104.0,347.0,350.0,107.0
2023-01-19,vanilla_flavor,600.0,593.0,0.0,7.0
2023-01-19,cream_flavor,560.0,553.0,0.0,7.0
2023-01-19,chunk_cookie,95.0,434.5,350.0,10.5
2023-01-19,chocolate_flavor,416.0,410.0,0.0,6.0
2023-01-19,strawberry_flavor,548.0,525.0,0.0,23.0
2023-01-19,frosted_extract,380.0,374.0,0.0,6.0
2023-01-19,icecream_cone,314.0,304.0,0.0,10.0
2023-01-19,icecream_come,792.0,781.0,0.0,11.0
2023-01-19,icecream_topping,792.0,780.0,0.0,12.0
2023-01-19,to_go_bag,4668.0,4546.0,0.0,122.0
2023-01-19,napkins,23340.0,22730.0,0.0,610.0
2023-01-19,ketchup,5840.0,5832.0,0.0,8.0
2023-01-19,ranch,5874.0,5872.0,0.0,2.0
2023-01-19,buffalo_sauce,6366.0,6362.0,0.0,4.0
2023-01-19,bbq_sauce,6078.0,6071.0,0.0,7.0
2023-01-19,polyneasian,6054.0,6040.0,0.0,14.0
2023-01-19,chickfala,5786.0,5778.0,0.0,8.0
2023-01-19,silverware,5980.0,5974.0,0.0,6.0
2023-01-20,fried_batter,1069.8000000000009,945.6000000000008,0.0,124.2
2023-01-20,bun,667.0,644.0,0.0,23.0
2023-01-20,chicken_patty,399.0,331.0,0.0,68.0
2023-01-20,pickle_chips,776.0,707.0,0.0,69.0
2023-01-20,lettuce,234.0,230.0,0.0,4.0
2023-01-20,tomato,234.0,230.0,0.0,4.0
2023-01-20,cheese,128.5,103.5,0.0,25.0
2023-01-20,spice,2258.0,2231.0,0.0,27.0
2023-01-20,chicken_nuggets,12742.0,12430.0,0.0,312.0
2023-01-20,chicken_strips,4612.0,4566.0,0.0,46.0
2023-01-20,flat_bread,118.5,106.5,0.0,12.0
2023-01-20,mixed_greens,576.0,524.0,0.0,52.0
2023-01-20,shredded_monterey_jack,410.0,389.0,0.0,21.0
2023-01-20,waffle_fries,6420.879999999994,6278.519999999994,0.0,142.36
2023-01-20,roasted_corn_kernels,174.0,171.0,0.0,3.0
2023-01-20,crumbled_bacon,174.0,171.0,0.0,3.0
2023-01-20,avacado_lime_dressing,524.0,521.0,0.0,3.0
2023-01-20,red_bell_pepers,349.0,346.0,0.0,3.0
2023-01-20,grape tomatoes,1745.0,1730.0,0.0,15.0
2023-01-20,hard_boiled_egg,86.5,83.5,0.0,3.0
2023-01-20,blue_cheese,474.0,431.0,0.0,43.0
2023-01-20,apples,474.0,431.0,0.0,43.0
2023-01-20,strawberries,474.0,431.0,0.0,43.0
2023-01-20,blueberries,474.0,431.0,0.0,43.0
2023-01-20,harvest_nut_granola,474.0,431.0,0.0,43.0
2023-01-20,zesty_apple_vinagrette,474.0,431.0,0.0,43.0
2023-01-20,chicken_tenders,11892.0,11866.0,0.0,26.0
2023-01-20,biscuit,775.0,743.0,0.0,32.0
2023-01-20,chicken_mini_bread,1472.0,1415.0,0.0,57.0
2023-01-20,butter,502.5,502.25,0.0,0.25
2023-01-20,bacon,1123.0,1116.0,0.0,7.0
2023-01-20,tortilla,730.0,724.0,0.0,6.0
2023-01-20,eggs,304.0,275.0,0.0,29.0
2023-01-20,sausage,123.0,119.0,0.0,4.0
2023-01-20,bagel,101.0,73.0,0.0,28.0
2023-01-20,oatmeal,63.0,213.0,175.0,25.0
2023-01-20,fruit,197.0,162.0,0.0,35.0
2023-01-20,cream_cheese,45.0,212.0,175.0,8.0
2023-01-20,hash_brown,206.0,201.0,0.0,5.0
2023-01-20,yogurt_parfait,387.0,379.0,0.0,8.0
2023-01-20,cinamon_cluster,275.0,268.0,0.0,7.0
2023-01-20,lemonade,4042.1999999999935,3995.7999999999934,0.0,46.400000000000006
2023-01-20,straw,14710.0,14510.0,0.0,200.0
2023-01-20,small_drink_cup,1864.0,1841.0,0.0,23.0
2023-01-20,medium_drink_cup,4670.0,4522.0,0.0,148.0
2023-01-20,large_drink_cup,1176.0,1147.0,0.0,29.0
2023-01-20,lemonade_diet,753.5999999999997,729.1999999999997,0.0,24.4
2023-01-20,ice_tea_unsweet,2201.999999999988,2197.7999999999884,0.0,4.199999999999999
2023-01-20,ice_tea_sweet,7913.799999999993,7867.1999999999925,0.0,46.6
2023-01-20,soft_drink,5634.000000000002,5490.9000000000015,0.0,143.1
2023-01-20,dasani_water_bottle,343.0,339.0,0.0,4.0
2023-01-20,orange_juice_bottle,1103.0,1096.0,0.0,7.0
2023-01-20,apple_juice,221.0,220.0,0.0,1.0
2023-01-20,ice_coffee,528.0,515.5,0.0,12.5
2023-01-20,coffee,2051.5,2049.5,0.0,2.0
2023-01-20,Coffee_box,353.0,337.0,0.0,16.0
2023-01-20,milk_chocolate,534.0,529.0,0.0,5.0
2023-01-20,milk,292.0,257.0,0.0,35.0
2023-01-20,icecream,590.0,502.0,0.0,88.0
2023-01-20,vanilla_flavor,586.0,579.0,0.0,7.0
2023-01-20,cream_flavor,546.0,538.0,0.0,8.0
2023-01-20,chunk_cookie,774.0,737.0,0.0,37.0
2023-01-20,chocolate_flavor,404.0,393.0,0.0,11.0
2023-01-20,strawberry_flavor,502.0,493.0,0.0,9.0
2023-01-20,frosted_extract,368.0,365.0,0.0,3.0
2023-01-20,icecream_cone,294.0,290.0,0.0,4.0
2023-01-20,icecream_come,770.0,756.0,0.0,14.0
2023-01-20,icecream_topping,768.0,756.0,0.0,12.0
2023-01-20,to_go_bag,4424.0,4325.0,0.0,99.0
2023-01-20,napkins,22120.0,21625.0,0.0,495.0
2023-01-20,ketchup,5824.0,5817.0,0.0,7.0
2023-01-20,ranch,5870.0,5859.0,0.0,11.0
2023-01-20,buffalo_sauce,6358.0,6350.0,0.0,8.0
2023-01-20,bbq_sauce,6064.0,6056.0,0.0,8.0
2023-01-20,polyneasian,6026.0,6014.0,0.0,12.0
2023-01-20,chickfala,5770.0,5765.0,0.0,5.0
2023-01-20,silverware,5968.0,5965.0,0.0,3.0
2023-01-21,fried_batter,821.4000000000008,709.6000000000008,0.0,111.8
2023-01-21,bun,621.0,572.0,0.0,49.0
2023-01-21,chicken_patty,263.0,881.0,700.0,82.0
2023-01-21,pickle_chips,638.0,2241.0,1750.0,147.0
2023-01-21,lettuce,226.0,166.0,0.0,60.0
2023-01-21,tomato,226.0,166.0,0.0,60.0
2023-01-21,cheese,78.5,295.0,262.5,46.0
2023-01-21,spice,2204.0,2172.0,0.0,32.0
2023-01-21,chicken_nuggets,12118.0,11656.0,0.0,462.0
2023-01-21,chicken_strips,4520.0,4500.0,0.0,20.0
2023-01-21,flat_bread,94.5,94.5,0.0,0.0
2023-01-21,mixed_greens,472.0,416.0,0.0,56.0
2023-01-21,shredded_monterey_jack,368.0,350.0,0.0,18.0
2023-01-21,waffle_fries,6136.159999999994,5998.419999999995,0.0,137.74
2023-01-21,roasted_corn_kernels,168.0,154.0,0.0,14.0
2023-01-21,crumbled_bacon,168.0,154.0,0.0,14.0
2023-01-21,avacado_lime_dressing,518.0,504.0,0.0,14.0
2023-01-21,red_bell_pepers,343.0,329.0,0.0,14.0
2023-01-21,grape tomatoes,1715.0,1645.0,0.0,70.0
2023-01-21,hard_boiled_egg,80.5,329.0,262.5,14.0
2023-01-21,blue_cheese,388.0,346.0,0.0,42.0
2023-01-21,apples,388.0,346.0,0.0,42.0
2023-01-21,strawberries,388.0,346.0,0.0,42.0
2023-01-21,blueberries,388.0,346.0,0.0,42.0
2023-01-21,harvest_nut_granola,388.0,346.0,0.0,42.0
2023-01-21,zesty_apple_vinagrette,388.0,346.0,0.0,42.0
2023-01-21,chicken_tenders,11840.0,11832.0,0.0,8.0
2023-01-21,biscuit,711.0,669.0,0.0,42.0
2023-01-21,chicken_mini_bread,1358.0,1316.0,0.0,42.0
2023-01-21,butter,502.0,499.0,0.0,3.0
2023-01-21,bacon,1109.0,1102.0,0.0,7.0
2023-01-21,tortilla,718.0,714.0,0.0,4.0
2023-01-21,eggs,246.0,226.0,0.0,20.0
2023-01-21,sausage,115.0,110.0,0.0,5.0
2023-01-21,bagel,45.0,201.0,175.0,19.0
2023-01-21,oatmeal,363.0,349.0,0.0,14.0
2023-01-21,fruit,127.0,118.5,0.0,8.5
2023-01-21,cream_cheese,379.0,372.0,0.0,7.0
2023-01-21,hash_brown,196.0,887.0,700.0,9.0
2023-01-21,yogurt_parfait,371.0,367.0,0.0,4.0
2023-01-21,cinamon_cluster,261.0,258.0,0.0,3.0
2023-01-21,lemonade,3949.3999999999933,3863.7999999999934,0.0,85.60000000000002
2023-01-21,straw,14310.0,14095.0,0.0,215.0
2023-01-21,small_drink_cup,1818.0,1796.0,0.0,22.0
2023-01-21,medium_drink_cup,4374.0,4203.0,0.0,171.0
2023-01-21,large_drink_cup,1118.0,1096.0,0.0,22.0
2023-01-21,lemonade_diet,704.7999999999997,692.3999999999997,0.0,12.4
2023-01-21,ice_tea_unsweet,2193.5999999999885,2183.6999999999884,0.0,9.9
2023-01-21,ice_tea_sweet,7820.599999999992,7763.499999999992,0.0,57.1
2023-01-21,soft_drink,5347.800000000001,5203.4000000000015,0.0,144.4
2023-01-21,dasani_water_bottle,335.0,328.0,0.0,7.0
2023-01-21,orange_juice_bottle,1089.0,1088.0,0.0,1.0
2023-01-21,apple_juice,219.0,213.0,0.0,6.0
2023-01-21,ice_coffee,503.0,494.25,0.0,8.75
2023-01-21,coffee,2047.5,2029.0,0.0,18.5
2023-01-21,Coffee_box,321.0,305.0,0.0,16.0
2023-01-21,milk_chocolate,524.0,516.0,0.0,8.0
2023-01-21,milk,222.0,179.0,0.0,43.0
2023-01-21,icecream,414.0,325.0,0.0,89.0
2023-01-21,vanilla_flavor,572.0,562.0,0.0,10.0
2023-01-21,cream_flavor,530.0,527.0,0.0,3.0
2023-01-21,chunk_cookie,700.0,575.5,0.0,124.5
2023-01-21,chocolate_flavor,382.0,364.0,0.0,18.0
2023-01-21,strawberry_flavor,484.0,480.0,0.0,4.0
2023-01-21,frosted_extract,362.0,351.0,0.0,11.0
2023-01-21,icecream_cone,286.0,273.0,0.0,13.0
2023-01-21,icecream_come,742.0,736.0,0.0,6.0
2023-01-21,icecream_topping,744.0,736.0,0.0,8.0
2023-01-21,to_go_bag,4226.0,4110.0,0.0,116.0
2023-01-21,napkins,21130.0,20550.0,0.0,580.0
2023-01-21,ketchup,5810.0,5801.0,0.0,9.0
2023-01-21,ranch,5848.0,5838.0,0.0,10.0
2023-01-21,buffalo_sauce,6342.0,6339.0,0.0,3.0
2023-01-21,bbq_sauce,6048.0,6048.0,0.0,0.0
2023-01-21,polyneasian,6002.0,5998.0,0.0,4.0
2023-01-21,chickfala,5760.0,5757.0,0.0,3.0
2023-01-21,silverware,5962.0,5953.0,0.0,9.0
2023-01-23,fried_batter,597.8000000000009,455.6000000000009,0.0,142.2
2023-01-23,bun,523.0,478.0,0.0,45.0
2023-01-23,chicken_patty,1499.0,1411.0,0.0,88.0
2023-01-23,pickle_chips,3844.0,3709.0,0.0,135.0
2023-01-23,lettuce,106.0,406.0,350.0,50.0
2023-01-23,tomato,106.0,406.0,350.0,50.0
2023-01-23,cheese,511.5,470.5,0.0,41.0
2023-01-23,spice,2140.0,2097.0,0.0,43.0
2023-01-23,chicken_nuggets,11194.0,10660.5,0.0,533.5
2023-01-23,chicken_strips,4480.0,4412.0,0.0,68.0
2023-01-23,flat_bread,94.5,89.5,0.0,5.0
2023-01-23,mixed_greens,360.0,302.5,0.0,57.5
2023-01-23,shredded_monterey_jack,332.0,313.0,0.0,19.0
2023-01-23,waffle_fries,5860.679999999995,5702.699999999995,0.0,157.98000000000002
2023-01-23,roasted_corn_kernels,140.0,132.0,0.0,8.0
2023-01-23,crumbled_bacon,140.0,132.0,0.0,8.0
2023-01-23,avacado_lime_dressing,490.0,482.0,0.0,8.0
2023-01-23,red_bell_pepers,315.0,307.0,0.0,8.0
2023-01-23,grape tomatoes,1575.0,1535.0,0.0,40.0
2023-01-23,hard_boiled_egg,577.5,569.5,0.0,8.0
2023-01-23,blue_cheese,304.0,257.0,0.0,47.0
2023-01-23,apples,304.0,257.0,0.0,47.0
2023-01-23,strawberries,304.0,257.0,0.0,47.0
2023-01-23,blueberries,304.0,257.0,0.0,47.0
2023-01-23,harvest_nut_granola,304.0,257.0,0.0,47.0
2023-01-23,zesty_apple_vinagrette,304.0,257.0,0.0,47.0
2023-01-23,chicken_tenders,11824.0,11814.0,0.0,10.0
2023-01-23,biscuit,627.0,589.0,0.0,38.0
2023-01-23,chicken_mini_bread,1274.0,1271.0,0.0,3.0
2023-01-23,butter,496.0,493.0,0.0,3.0
2023-01-23,bacon,1095.0,1094.0,0.0,1.0
2023-01-23,tortilla,710.0,704.0,0.0,6.0
2023-01-23,eggs,206.0,184.0,0.0,22.0
2023-01-23,sausage,105.0,98.0,0.0,7.0
2023-01-23,bagel,357.0,332.0,0.0,25.0
2023-01-23,oatmeal,335.0,320.0,0.0,15.0
2023-01-23,fruit,110.0,433.5,350.0,26.5
2023-01-23,cream_cheese,365.0,353.0,0.0,12.0
2023-01-23,hash_brown,1578.0,1568.0,0.0,10.0
2023-01-23,yogurt_parfait,363.0,346.0,0.0,17.0
2023-01-23,cinamon_cluster,255.0,245.0,0.0,10.0
2023-01-23,lemonade,3778.1999999999935,3722.9999999999936,0.0,55.20000000000001
2023-01-23,straw,13880.0,13677.0,0.0,203.0
2023-01-23,small_drink_cup,1774.0,1752.0,0.0,22.0
2023-01-23,medium_drink_cup,4032.0,3885.0,0.0,147.0
2023-01-23,large_drink_cup,1074.0,1040.0,0.0,34.0
2023-01-23,lemonade_diet,679.9999999999998,666.6999999999998,0.0,13.3
2023-01-23,ice_tea_unsweet,2173.7999999999884,2158.0999999999885,0.0,15.700000000000001
2023-01-23,ice_tea_sweet,7706.399999999991,7636.899999999991,0.0,69.50000000000001
2023-01-23,soft_drink,5059.000000000002,4910.100000000002,0.0,148.9
2023-01-23,dasani_water_bottle,321.0,316.0,0.0,5.0
2023-01-23,orange_juice_bottle,1087.0,1083.0,0.0,4.0
2023-01-23,apple_juice,207.0,200.0,0.0,7.0
2023-01-23,ice_coffee,485.5,483.0,0.0,2.5
2023-01-23,coffee,2010.5,2003.75,0.0,6.75
2023-01-23,Coffee_box,289.0,289.0,0.0,0.0
2023-01-23,milk_chocolate,508.0,497.0,0.0,11.0
2023-01-23,milk,136.0,114.0,0.0,22.0
2023-01-23,icecream,236.0,190.0,0.0,46.0
2023-01-23,vanilla_flavor,552.0,548.0,0.0,4.0
2023-01-23,cream_flavor,524.0,520.0,0.0,4.0
2023-01-23,chunk_cookie,451.0,372.0,0.0,79.0
2023-01-23,chocolate_flavor,346.0,342.0,0.0,4.0
2023-01-23,strawberry_flavor,476.0,467.0,0.0,9.0
2023-01-23,frosted_extract,340.0,331.0,0.0,9.0
2023-01-23,icecream_cone,260.0,258.0,0.0,2.0
2023-01-23,icecream_come,730.0,728.0,0.0,2.0
2023-01-23,icecream_topping,728.0,719.0,0.0,9.0
2023-01-23,to_go_bag,3994.0,3883.0,0.0,111.0
2023-01-23,napkins,19970.0,19415.0,0.0,555.0
2023-01-23,ketchup,5792.0,5782.0,0.0,10.0
2023-01-23,ranch,5828.0,5814.0,0.0,14.0
2023-01-23,buffalo_sauce,6336.0,6334.0,0.0,2.0
2023-01-23,bbq_sauce,6048.0,6040.0,0.0,8.0
2023-01-23,polyneasian,5994.0,5992.0,0.0,2.0
2023-01-23,chickfala,5754.0,5748.0,0.0,6.0
2023-01-23,silverware,5944.0,5944.0,0.0,0.0
2023-01-24,fried_batter,313.4000000000009,158.60000000000088,0.0,154.8
2023-01-24,bun,433.0,378.0,0.0,55.0
2023-01-24,chicken_patty,1323.0,1224.5,0.0,98.5
2023-01-24,pickle_chips,3574.0,3409.0,0.0,165.0
2023-01-24,lettuce,706.0,630.0,0.0,76.0
2023-01-24,tomato,706.0,630.0,0.0,76.0
2023-01-24,cheese,429.5,370.5,0.0,59.0
2023-01-24,spice,2054.0,2009.0,0.0,45.0
2023-01-24,chicken_nuggets,10127.0,9685.0,0.0,442.0
2023-01-24,chicken_strips,4344.0,4298.0,0.0,46.0
2023-01-24,flat_bread,84.5,78.5,0.0,6.0
2023-01-24,mixed_greens,245.0,862.0,700.0,83.0
2023-01-24,shredded_monterey_jack,294.0,1320.0,1050.0,24.0
2023-01-24,waffle_fries,5544.719999999996,5410.239999999996,0.0,134.48
2023-01-24,roasted_corn_kernels,124.0,113.0,0.0,11.0
2023-01-24,crumbled_bacon,124.0,113.0,0.0,11.0
2023-01-24,avacado_lime_dressing,474.0,463.0,0.0,11.0
2023-01-24,red_bell_pepers,299.0,288.0,0.0,11.0
2023-01-24,grape tomatoes,1495.0,1440.0,0.0,55.0
2023-01-24,hard_boiled_egg,561.5,550.5,0.0,11.0
2023-01-24,blue_cheese,210.0,141.0,0.0,69.0
2023-01-24,apples,210.0,141.0,0.0,69.0
2023-01-24,strawberries,210.0,141.0,0.0,69.0
2023-01-24,blueberries,210.0,141.0,0.0,69.0
2023-01-24,harvest_nut_granola,210.0,141.0,0.0,69.0
2023-01-24,zesty_apple_vinagrette,210.0,141.0,0.0,69.0
2023-01-24,chicken_tenders,11804.0,11782.0,0.0,22.0
2023-01-24,biscuit,551.0,516.0,0.0,35.0
2023-01-24,chicken_mini_bread,1268.0,1202.0,0.0,66.0
2023-01-24,butter,490.0,487.0,0.0,3.0
2023-01-24,bacon,1093.0,1090.0,0.0,3.0
2023-01-24,tortilla,698.0,691.0,0.0,7.0
2023-01-24,eggs,162.0,134.0,0.0,28.0
2023-01-24,sausage,91.0,82.0,0.0,9.0
2023-01-24,bagel,307.0,276.0,0.0,31.0
2023-01-24,oatmeal,305.0,299.0,0.0,6.0
2023-01-24,fruit,757.0,751.0,0.0,6.0
2023-01-24,cream_cheese,341.0,329.0,0.0,12.0
2023-01-24,hash_brown,1558.0,1554.0,0.0,4.0
2023-01-24,yogurt_parfait,329.0,314.0,0.0,15.0
2023-01-24,cinamon_cluster,235.0,223.0,0.0,12.0
2023-01-24,lemonade,3667.799999999994,3612.4999999999936,0.0,55.3
2023-01-24,straw,13474.0,13216.0,0.0,258.0
2023-01-24,small_drink_cup,1730.0,1691.0,0.0,39.0
2023-01-24,medium_drink_cup,3738.0,3572.0,0.0,166.0
2023-01-24,large_drink_cup,1006.0,4453.0,3500.0,53.0
2023-01-24,lemonade_diet,653.3999999999999,632.7999999999998,0.0,20.599999999999998
2023-01-24,ice_tea_unsweet,2142.3999999999887,2092.5999999999885,0.0,49.8
2023-01-24,ice_tea_sweet,7567.399999999991,7542.099999999991,0.0,25.3
2023-01-24,soft_drink,4761.200000000003,4599.700000000003,0.0,161.5
2023-01-24,dasani_water_bottle,311.0,302.0,0.0,9.0
2023-01-24,orange_juice_bottle,1079.0,1073.0,0.0,6.0
2023-01-24,apple_juice,193.0,190.0,0.0,3.0
2023-01-24,ice_coffee,480.5,462.25,0.0,18.25
2023-01-24,coffee,1997.0,1975.0,0.0,22.0
2023-01-24,Coffee_box,289.0,286.0,0.0,3.0
2023-01-24,milk_chocolate,486.0,481.0,0.0,5.0
2023-01-24,milk,92.0,417.0,350.0,25.0
2023-01-24,icecream,144.0,442.0,350.0,52.0
2023-01-24,vanilla_flavor,544.0,532.0,0.0,12.0
2023-01-24,cream_flavor,516.0,515.0,0.0,1.0
2023-01-24,chunk_cookie,293.0,287.5,0.0,5.5
2023-01-24,chocolate_flavor,338.0,332.0,0.0,6.0
2023-01-24,strawberry_flavor,458.0,456.0,0.0,2.0
2023-01-24,frosted_extract,322.0,310.0,0.0,12.0
2023-01-24,icecream_cone,256.0,256.0,0.0,0.0
2023-01-24,icecream_come,726.0,716.0,0.0,10.0
2023-01-24,icecream_topping,710.0,699.0,0.0,11.0
2023-01-24,to_go_bag,3772.0,3659.0,0.0,113.0
2023-01-24,napkins,18860.0,18295.0,0.0,565.0
2023-01-24,ketchup,5772.0,5772.0,0.0,0.0
2023-01-24,ranch,5800.0,5795.0,0.0,5.0
2023-01-24,buffalo_sauce,6332.0,6328.0,0.0,4.0
2023-01-24,bbq_sauce,6032.0,6028.0,0.0,4.0
2023-01-24,polyneasian,5990.0,5985.0,0.0,5.0
2023-01-24,chickfala,5742.0,5733.0,0.0,9.0
2023-01-24,silverware,5944.0,5933.0,0.0,11.0
2023-01-25,fried_batter,3.800000000000864,410.4000000000009,525.0,118.4
2023-01-25,bun,323.0,281.0,0.0,42.0
2023-01-25,chicken_patty,1126.0,1041.0,0.0,85.0
2023-01-25,pickle_chips,3244.0,3118.0,0.0,126.0
2023-01-25,lettuce,554.0,516.0,0.0,38.0
2023-01-25,tomato,554.0,516.0,0.0,38.0
2023-01-25,cheese,311.5,264.5,0.0,47.0
2023-01-25,spice,1964.0,1938.0,0.0,26.0
2023-01-25,chicken_nuggets,9243.0,8882.5,0.0,360.5
2023-01-25,chicken_strips,4252.0,4197.0,0.0,55.0
2023-01-25,flat_bread,72.5,324.0,262.5,11.0
2023-01-25,mixed_greens,1479.0,1414.5,0.0,64.5
2023-01-25,shredded_monterey_jack,2346.0,2321.0,0.0,25.0
2023-01-25,waffle_fries,5275.759999999997,5159.919999999996,0.0,115.84
2023-01-25,roasted_corn_kernels,102.0,442.0,350.0,10.0
2023-01-25,crumbled_bacon,102.0,442.0,350.0,10.0
2023-01-25,avacado_lime_dressing,452.0,442.0,0.0,10.0
2023-01-25,red_bell_pepers,277.0,267.0,0.0,10.0
2023-01-25,grape tomatoes,1385.0,1335.0,0.0,50.0
2023-01-25,hard_boiled_egg,539.5,529.5,0.0,10.0
2023-01-25,blue_cheese,72.0,373.0,350.0,49.0
2023-01-25,apples,72.0,373.0,350.0,49.0
2023-01-25,strawberries,72.0,373.0,350.0,49.0
2023-01-25,blueberries,72.0,373.0,350.0,49.0
2023-01-25,harvest_nut_granola,72.0,373.0,350.0,49.0
2023-01-25,zesty_apple_vinagrette,72.0,373.0,350.0,49.0
2023-01-25,chicken_tenders,11760.0,11738.0,0.0,22.0
2023-01-25,biscuit,481.0,445.0,0.0,36.0
2023-01-25,chicken_mini_bread,1136.0,1106.0,0.0,30.0
2023-01-25,butter,484.0,483.0,0.0,1.0
2023-01-25,bacon,1087.0,1083.0,0.0,4.0
2023-01-25,tortilla,684.0,680.0,0.0,4.0
2023-01-25,eggs,106.0,424.0,350.0,32.0
2023-01-25,sausage,73.0,61.0,0.0,12.0
2023-01-25,bagel,245.0,215.0,0.0,30.0
2023-01-25,oatmeal,293.0,266.0,0.0,27.0
2023-01-25,fruit,745.0,716.5,0.0,28.5
2023-01-25,cream_cheese,317.0,307.0,0.0,10.0
2023-01-25,hash_brown,1550.0,1536.0,0.0,14.0
2023-01-25,yogurt_parfait,299.0,295.0,0.0,4.0
2023-01-25,cinamon_cluster,211.0,209.0,0.0,2.0
2023-01-25,lemonade,3557.1999999999935,3491.2999999999934,0.0,65.9
2023-01-25,straw,12958.0,12751.0,0.0,207.0
2023-01-25,small_drink_cup,1652.0,1632.0,0.0,20.0
2023-01-25,medium_drink_cup,3406.0,3255.0,0.0,151.0
2023-01-25,large_drink_cup,7900.0,7864.0,0.0,36.0
2023-01-25,lemonade_diet,612.1999999999998,575.2999999999998,0.0,36.900000000000006
2023-01-25,ice_tea_unsweet,2042.7999999999886,2027.4999999999886,0.0,15.299999999999999
2023-01-25,ice_tea_sweet,7516.799999999991,7470.699999999991,0.0,46.1
2023-01-25,soft_drink,4438.200000000003,4316.400000000002,0.0,121.8
2023-01-25,dasani_water_bottle,293.0,289.0,0.0,4.0
2023-01-25,orange_juice_bottle,1067.0,1058.0,0.0,9.0
2023-01-25,apple_juice,187.0,184.0,0.0,3.0
2023-01-25,ice_coffee,444.0,431.0,0.0,13.0
2023-01-25,coffee,1953.0,1936.5,0.0,16.5
2023-01-25,Coffee_box,283.0,282.0,0.0,1.0
2023-01-25,milk_chocolate,476.0,476.0,0.0,0.0
2023-01-25,milk,742.0,700.0,0.0,42.0
2023-01-25,icecream,740.0,665.0,0.0,75.0
2023-01-25,vanilla_flavor,520.0,510.0,0.0,10.0
2023-01-25,cream_flavor,514.0,511.0,0.0,3.0
2023-01-25,chunk_cookie,282.0,229.5,0.0,52.5
2023-01-25,chocolate_flavor,326.0,318.0,0.0,8.0
2023-01-25,strawberry_flavor,454.0,448.0,0.0,6.0
2023-01-25,frosted_extract,298.0,289.0,0.0,9.0
2023-01-25,icecream_cone,256.0,251.0,0.0,5.0
2023-01-25,icecream_come,706.0,690.0,0.0,16.0
2023-01-25,icecream_topping,688.0,681.0,0.0,7.0
2023-01-25,to_go_bag,3546.0,3437.0,0.0,109.0
2023-01-25,napkins,17730.0,17185.0,0.0,545.0
2023-01-25,ketchup,5772.0,5772.0,0.0,0.0
2023-01-25,ranch,5790.0,5778.0,0.0,12.0
2023-01-25,buffalo_sauce,6324.0,6316.0,0.0,8.0
2023-01-25,bbq_sauce,6024.0,6022.0,0.0,2.0
2023-01-25,polyneasian,5980.0,5970.0,0.0,10.0
2023-01-25,chickfala,5724.0,5711.0,0.0,13.0
2023-01-25,silverware,5922.0,5905.0,0.0,17.0
2023-01-26,fried_batter,817.0000000000009,712.0000000000009,0.0,105.0
2023-01-26,bun,239.0,202.0,0.0,37.0
2023-01-26,chicken_patty,956.0,896.0,0.0,60.0
2023-01-26,pickle_chips,2992.0,2881.0,0.0,111.0
2023-01-26,lettuce,478.0,450.0,0.0,28.0
2023-01-26,tomato,478.0,450.0,0.0,28.0
2023-01-26,cheese,217.5,180.5,0.0,37.0
2023-01-26,spice,1912.0,1889.0,0.0,23.0
2023-01-26,chicken_nuggets,8522.0,8221.0,0.0,301.0
2023-01-26,chicken_strips,4142.0,4133.0,0.0,9.0
2023-01-26,flat_bread,575.5,563.5,0.0,12.0
2023-01-26,mixed_greens,1350.0,1297.0,0.0,53.0
2023-01-26,shredded_monterey_jack,2296.0,2269.0,0.0,27.0
2023-01-26,waffle_fries,5044.079999999996,4896.599999999997,0.0,147.48000000000002
2023-01-26,roasted_corn_kernels,782.0,779.0,0.0,3.0
2023-01-26,crumbled_bacon,782.0,779.0,0.0,3.0
2023-01-26,avacado_lime_dressing,432.0,429.0,0.0,3.0
2023-01-26,red_bell_pepers,257.0,254.0,0.0,3.0
2023-01-26,grape tomatoes,1285.0,1270.0,0.0,15.0
2023-01-26,hard_boiled_egg,519.5,516.5,0.0,3.0
2023-01-26,blue_cheese,674.0,630.0,0.0,44.0
2023-01-26,apples,674.0,630.0,0.0,44.0
2023-01-26,strawberries,674.0,630.0,0.0,44.0
2023-01-26,blueberries,674.0,630.0,0.0,44.0
2023-01-26,harvest_nut_granola,674.0,630.0,0.0,44.0
2023-01-26,zesty_apple_vinagrette,674.0,630.0,0.0,44.0
2023-01-26,chicken_tenders,11716.0,11690.0,0.0,26.0
2023-01-26,biscuit,409.0,370.0,0.0,39.0
2023-01-26,chicken_mini_bread,1076.0,1058.0,0.0,18.0
2023-01-26,butter,482.0,479.5,0.0,2.5
2023-01-26,bacon,1079.0,1071.0,0.0,8.0
2023-01-26,tortilla,676.0,664.0,0.0,12.0
2023-01-26,eggs,742.0,707.0,0.0,35.0
2023-01-26,sausage,49.0,213.0,175.0,11.0
2023-01-26,bagel,185.0,169.0,0.0,16.0
2023-01-26,oatmeal,239.0,221.0,0.0,18.0
2023-01-26,fruit,688.0,649.5,0.0,38.5
2023-01-26,cream_cheese,297.0,291.0,0.0,6.0
2023-01-26,hash_brown,1522.0,1507.0,0.0,15.0
2023-01-26,yogurt_parfait,291.0,277.0,0.0,14.0
2023-01-26,cinamon_cluster,207.0,203.0,0.0,4.0
2023-01-26,lemonade,3425.3999999999933,3388.1999999999935,0.0,37.2
2023-01-26,straw,12544.0,12316.0,0.0,228.0
2023-01-26,small_drink_cup,1612.0,1573.0,0.0,39.0
2023-01-26,medium_drink_cup,3104.0,2951.0,0.0,153.0
2023-01-26,large_drink_cup,7828.0,7792.0,0.0,36.0
2023-01-26,lemonade_diet,538.3999999999999,528.2999999999998,0.0,10.1
2023-01-26,ice_tea_unsweet,2012.1999999999887,1998.3999999999887,0.0,13.8
2023-01-26,ice_tea_sweet,7424.59999999999,7380.79999999999,0.0,43.800000000000004
2023-01-26,soft_drink,4194.600000000002,4035.4000000000024,0.0,159.2
2023-01-26,dasani_water_bottle,285.0,277.0,0.0,8.0
2023-01-26,orange_juice_bottle,1049.0,1046.0,0.0,3.0
2023-01-26,apple_juice,181.0,170.0,0.0,11.0
2023-01-26,ice_coffee,418.0,399.25,0.0,18.75
2023-01-26,coffee,1920.0,1891.75,0.0,28.25
2023-01-26,Coffee_box,281.0,264.0,0.0,17.0
2023-01-26,milk_chocolate,476.0,472.0,0.0,4.0
2023-01-26,milk,658.0,599.0,0.0,59.0
2023-01-26,icecream,590.0,493.0,0.0,97.0
2023-01-26,vanilla_flavor,500.0,489.0,0.0,11.0
2023-01-26,cream_flavor,508.0,494.0,0.0,14.0
2023-01-26,chunk_cookie,177.0,424.0,350.0,103.0
2023-01-26,chocolate_flavor,310.0,296.0,0.0,14.0
2023-01-26,strawberry_flavor,442.0,434.0,0.0,8.0
2023-01-26,frosted_extract,280.0,273.0,0.0,7.0
2023-01-26,icecream_cone,246.0,246.0,0.0,0.0
2023-01-26,icecream_come,674.0,671.0,0.0,3.0
2023-01-26,icecream_topping,674.0,665.0,0.0,9.0
2023-01-26,to_go_bag,3328.0,3208.0,0.0,120.0
2023-01-26,napkins,16640.0,16040.0,0.0,600.0
2023-01-26,ketchup,5772.0,5764.0,0.0,8.0
2023-01-26,ranch,5766.0,5762.0,0.0,4.0
2023-01-26,buffalo_sauce,6308.0,6297.0,0.0,11.0
2023-01-26,bbq_sauce,6020.0,6015.0,0.0,5.0
2023-01-26,polyneasian,5960.0,5939.0,0.0,21.0
2023-01-26,chickfala,5698.0,5698.0,0.0,0.0
2023-01-26,silverware,5888.0,5878.0,0.0,10.0
2023-01-27,fried_batter,607.0000000000009,452.8000000000009,0.0,154.2
2023-01-27,bun,165.0,629.0,525.0,61.0
2023-01-27,chicken_patty,836.0,746.0,0.0,90.0
2023-01-27,pickle_chips,2770.0,2587.0,0.0,183.0
2023-01-27,lettuce,422.0,370.0,0.0,52.0
2023-01-27,tomato,422.0,370.0,0.0,52.0
2023-01-27,cheese,143.5,101.5,0.0,42.0
2023-01-27,spice,1866.0,1818.0,0.0,48.0
2023-01-27,chicken_nuggets,7920.0,7293.0,0.0,627.0
2023-01-27,chicken_strips,4124.0,4076.0,0.0,48.0
2023-01-27,flat_bread,551.5,543.5,0.0,8.0
2023-01-27,mixed_greens,1244.0,1176.0,0.0,68.0
2023-01-27,shredded_monterey_jack,2242.0,2222.0,0.0,20.0
2023-01-27,waffle_fries,4749.119999999997,4594.999999999997,0.0,154.12
2023-01-27,roasted_corn_kernels,776.0,772.0,0.0,4.0
2023-01-27,crumbled_bacon,776.0,772.0,0.0,4.0
2023-01-27,avacado_lime_dressing,426.0,422.0,0.0,4.0
2023-01-27,red_bell_pepers,251.0,247.0,0.0,4.0
2023-01-27,grape tomatoes,1255.0,1235.0,0.0,20.0
2023-01-27,hard_boiled_egg,513.5,509.5,0.0,4.0
2023-01-27,blue_cheese,586.0,526.0,0.0,60.0
2023-01-27,apples,586.0,526.0,0.0,60.0
2023-01-27,strawberries,586.0,526.0,0.0,60.0
2023-01-27,blueberries,586.0,526.0,0.0,60.0
2023-01-27,harvest_nut_granola,586.0,526.0,0.0,60.0
2023-01-27,zesty_apple_vinagrette,586.0,526.0,0.0,60.0
2023-01-27,chicken_tenders,11664.0,11654.0,0.0,10.0
2023-01-27,biscuit,331.0,298.0,0.0,33.0
2023-01-27,chicken_mini_bread,1040.0,1010.0,0.0,30.0
2023-01-27,butter,477.0,474.25,0.0,2.75
2023-01-27,bacon,1063.0,1054.0,0.0,9.0
2023-01-27,tortilla,652.0,644.0,0.0,8.0
2023-01-27,eggs,672.0,648.0,0.0,24.0
2023-01-27,sausage,377.0,374.0,0.0,3.0
2023-01-27,bagel,153.0,137.0,0.0,16.0
2023-01-27,oatmeal,203.0,187.0,0.0,16.0
2023-01-27,fruit,611.0,572.0,0.0,39.0
2023-01-27,cream_cheese,285.0,275.0,0.0,10.0
2023-01-27,hash_brown,1492.0,1489.0,0.0,3.0
2023-01-27,yogurt_parfait,263.0,252.0,0.0,11.0
2023-01-27,cinamon_cluster,199.0,196.0,0.0,3.0
2023-01-27,lemonade,3350.9999999999936,3283.799999999994,0.0,67.2
2023-01-27,straw,12088.0,11822.0,0.0,266.0
2023-01-27,small_drink_cup,1534.0,1483.0,0.0,51.0
2023-01-27,medium_drink_cup,2798.0,2634.0,0.0,164.0
2023-01-27,large_drink_cup,7756.0,7705.0,0.0,51.0
2023-01-27,lemonade_diet,518.1999999999998,504.29999999999984,0.0,13.9
2023-01-27,ice_tea_unsweet,1984.5999999999888,1948.2999999999888,0.0,36.3
2023-01-27,ice_tea_sweet,7336.99999999999,7253.19999999999,0.0,83.8
2023-01-27,soft_drink,3876.2000000000025,3722.1000000000026,0.0,154.10000000000002
2023-01-27,dasani_water_bottle,269.0,254.0,0.0,15.0
2023-01-27,orange_juice_bottle,1043.0,1038.0,0.0,5.0
2023-01-27,apple_juice,159.0,672.0,525.0,12.0
2023-01-27,ice_coffee,380.5,364.75,0.0,15.75
2023-01-27,coffee,1863.5,1844.25,0.0,19.25
2023-01-27,Coffee_box,247.0,245.0,0.0,2.0
2023-01-27,milk_chocolate,468.0,459.0,0.0,9.0
2023-01-27,milk,540.0,499.0,0.0,41.0
2023-01-27,icecream,396.0,326.0,0.0,70.0
2023-01-27,vanilla_flavor,478.0,470.0,0.0,8.0
2023-01-27,cream_flavor,480.0,480.0,0.0,0.0
2023-01-27,chunk_cookie,671.0,633.0,0.0,38.0
2023-01-27,chocolate_flavor,282.0,272.0,0.0,10.0
2023-01-27,strawberry_flavor,426.0,417.0,0.0,9.0
2023-01-27,frosted_extract,266.0,256.0,0.0,10.0
2023-01-27,icecream_cone,246.0,235.0,0.0,11.0
2023-01-27,icecream_come,668.0,663.0,0.0,5.0
2023-01-27,icecream_topping,656.0,642.0,0.0,14.0
2023-01-27,to_go_bag,3088.0,13459.0,10500.0,129.0
2023-01-27,napkins,15440.0,14795.0,0.0,645.0
2023-01-27,ketchup,5756.0,5754.0,0.0,2.0
2023-01-27,ranch,5758.0,5744.0,0.0,14.0
2023-01-27,buffalo_sauce,6286.0,6279.0,0.0,7.0
2023-01-27,bbq_sauce,6010.0,6001.0,0.0,9.0
2023-01-27,polyneasian,5918.0,5914.0,0.0,4.0
2023-01-27,chickfala,5698.0,5692.0,0.0,6.0
2023-01-27,silverware,5868.0,5856.0,0.0,12.0
2023-01-28,fried_batter,298.60000000000093,158.80000000000092,0.0,139.8
2023-01-28,bun,1093.0,1051.0,0.0,42.0
2023-01-28,chicken_patty,656.0,582.0,0.0,74.0
2023-01-28,pickle_chips,2404.0,2278.0,0.0,126.0
2023-01-28,lettuce,318.0,288.0,0.0,30.0
2023-01-28,tomato,318.0,288.0,0.0,30.0
2023-01-28,cheese,59.5,274.0,262.5,48.0
2023-01-28,spice,1770.0,1746.0,0.0,24.0
2023-01-28,chicken_nuggets,6666.0,6301.5,0.0,364.5
2023-01-28,chicken_strips,4028.0,3965.0,0.0,63.0
2023-01-28,flat_bread,535.5,526.5,0.0,9.0
2023-01-28,mixed_greens,1108.0,1062.5,0.0,45.5
2023-01-28,shredded_monterey_jack,2202.0,2171.0,0.0,31.0
2023-01-28,waffle_fries,4440.879999999997,4282.839999999997,0.0,158.04
2023-01-28,roasted_corn_kernels,768.0,760.0,0.0,8.0
2023-01-28,crumbled_bacon,768.0,760.0,0.0,8.0
2023-01-28,avacado_lime_dressing,418.0,410.0,0.0,8.0
2023-01-28,red_bell_pepers,243.0,235.0,0.0,8.0
2023-01-28,grape tomatoes,1215.0,1175.0,0.0,40.0
2023-01-28,hard_boiled_egg,505.5,497.5,0.0,8.0
2023-01-28,blue_cheese,466.0,433.0,0.0,33.0
2023-01-28,apples,466.0,433.0,0.0,33.0
2023-01-28,strawberries,466.0,433.0,0.0,33.0
2023-01-28,blueberries,466.0,433.0,0.0,33.0
2023-01-28,harvest_nut_granola,466.0,433.0,0.0,33.0
2023-01-28,zesty_apple_vinagrette,466.0,433.0,0.0,33.0
2023-01-28,chicken_tenders,11644.0,11638.0,0.0,6.0
2023-01-28,biscuit,265.0,220.0,0.0,45.0
2023-01-28,chicken_mini_bread,980.0,893.0,0.0,87.0
2023-01-28,butter,471.5,470.0,0.0,1.5
2023-01-28,bacon,1045.0,1030.0,0.0,15.0
2023-01-28,tortilla,636.0,622.0,0.0,14.0
2023-01-28,eggs,624.0,577.0,0.0,47.0
2023-01-28,sausage,371.0,361.0,0.0,10.0
2023-01-28,bagel,121.0,102.0,0.0,19.0
2023-01-28,oatmeal,171.0,155.0,0.0,16.0
2023-01-28,fruit,533.0,513.0,0.0,20.0
2023-01-28,cream_cheese,265.0,260.0,0.0,5.0
2023-01-28,hash_brown,1486.0,1469.0,0.0,17.0
2023-01-28,yogurt_parfait,241.0,234.0,0.0,7.0
2023-01-28,cinamon_cluster,193.0,189.0,0.0,4.0
2023-01-28,lemonade,3216.599999999994,3159.499999999994,0.0,57.10000000000001
2023-01-28,straw,11556.0,11298.0,0.0,258.0
2023-01-28,small_drink_cup,1432.0,1397.0,0.0,35.0
2023-01-28,medium_drink_cup,2470.0,2285.0,0.0,185.0
2023-01-28,large_drink_cup,7654.0,7616.0,0.0,38.0
2023-01-28,lemonade_diet,490.39999999999986,2221.4999999999995,1750.0,18.9
2023-01-28,ice_tea_unsweet,1911.9999999999889,1878.5999999999888,0.0,33.4
2023-01-28,ice_tea_sweet,7169.39999999999,7129.799999999989,0.0,39.6
2023-01-28,soft_drink,3568.0000000000027,3404.900000000003,0.0,163.1
2023-01-28,dasani_water_bottle,239.0,227.0,0.0,12.0
2023-01-28,orange_juice_bottle,1033.0,1017.0,0.0,16.0
2023-01-28,apple_juice,1185.0,1172.0,0.0,13.0
2023-01-28,ice_coffee,349.0,325.25,0.0,23.75
2023-01-28,coffee,1825.0,1799.25,0.0,25.75
2023-01-28,Coffee_box,243.0,233.0,0.0,10.0
2023-01-28,milk_chocolate,450.0,448.0,0.0,2.0
2023-01-28,milk,458.0,430.0,0.0,28.0
2023-01-28,icecream,256.0,188.0,0.0,68.0
2023-01-28,vanilla_flavor,462.0,451.0,0.0,11.0
2023-01-28,cream_flavor,480.0,473.0,0.0,7.0
2023-01-28,chunk_cookie,595.0,554.5,0.0,40.5
2023-01-28,chocolate_flavor,262.0,259.0,0.0,3.0
2023-01-28,strawberry_flavor,408.0,403.0,0.0,5.0
2023-01-28,frosted_extract,246.0,233.0,0.0,13.0
2023-01-28,icecream_cone,224.0,220.0,0.0,4.0
2023-01-28,icecream_come,658.0,646.0,0.0,12.0
2023-01-28,icecream_topping,628.0,626.0,0.0,2.0
2023-01-28,to_go_bag,23830.0,23709.0,0.0,121.0
2023-01-28,napkins,14150.0,13545.0,0.0,605.0
2023-01-28,ketchup,5752.0,5743.0,0.0,9.0
2023-01-28,ranch,5730.0,5720.0,0.0,10.0
2023-01-28,buffalo_sauce,6272.0,6263.0,0.0,9.0
2023-01-28,bbq_sauce,5992.0,5989.0,0.0,3.0
2023-01-28,polyneasian,5910.0,5902.0,0.0,8.0
2023-01-28,chickfala,5686.0,5682.0,0.0,4.0
2023-01-28,silverware,5844.0,5837.0,0.0,7.0
2023-01-30,fried_batter,19.00000000000091,425.4000000000009,525.0,118.6
2023-01-30,bun,1009.0,962.0,0.0,47.0
2023-01-30,chicken_patty,508.0,424.5,0.0,83.5
2023-01-30,pickle_chips,2152.0,2011.0,0.0,141.0
2023-01-30,lettuce,258.0,200.0,0.0,58.0
2023-01-30,tomato,258.0,200.0,0.0,58.0
2023-01-30,cheese,488.5,455.5,0.0,33.0
2023-01-30,spice,1722.0,1692.0,0.0,30.0
2023-01-30,chicken_nuggets,5937.0,5677.0,0.0,260.0
2023-01-30,chicken_strips,3902.0,3831.0,0.0,71.0
2023-01-30,flat_bread,517.5,513.5,0.0,4.0
2023-01-30,mixed_greens,1017.0,952.0,0.0,65.0
2023-01-30,shredded_monterey_jack,2140.0,2118.0,0.0,22.0
2023-01-30,waffle_fries,4124.799999999997,3991.4799999999973,0.0,133.32000000000002
2023-01-30,roasted_corn_kernels,752.0,736.0,0.0,16.0
2023-01-30,crumbled_bacon,752.0,736.0,0.0,16.0
2023-01-30,avacado_lime_dressing,402.0,386.0,0.0,16.0
2023-01-30,red_bell_pepers,227.0,211.0,0.0,16.0
2023-01-30,grape tomatoes,1135.0,1055.0,0.0,80.0
2023-01-30,hard_boiled_egg,489.5,473.5,0.0,16.0
2023-01-30,blue_cheese,400.0,353.0,0.0,47.0
2023-01-30,apples,400.0,353.0,0.0,47.0
2023-01-30,strawberries,400.0,353.0,0.0,47.0
2023-01-30,blueberries,400.0,353.0,0.0,47.0
2023-01-30,harvest_nut_granola,400.0,353.0,0.0,47.0
2023-01-30,zesty_apple_vinagrette,400.0,353.0,0.0,47.0
2023-01-30,chicken_tenders,11632.0,11628.0,0.0,4.0
2023-01-30,biscuit,175.0,153.0,0.0,22.0
2023-01-30,chicken_mini_bread,806.0,791.0,0.0,15.0
2023-01-30,butter,468.5,467.25,0.0,1.25
2023-01-30,bacon,1015.0,1015.0,0.0,0.0
2023-01-30,tortilla,608.0,606.0,0.0,2.0
2023-01-30,eggs,530.0,524.0,0.0,6.0
2023-01-30,sausage,351.0,351.0,0.0,0.0
2023-01-30,bagel,83.0,74.0,0.0,9.0
2023-01-30,oatmeal,139.0,124.0,0.0,15.0
2023-01-30,fruit,493.0,451.5,0.0,41.5
2023-01-30,cream_cheese,255.0,250.0,0.0,5.0
2023-01-30,hash_brown,1452.0,1449.0,0.0,3.0
2023-01-30,yogurt_parfait,227.0,227.0,0.0,0.0
2023-01-30,cinamon_cluster,185.0,170.0,0.0,15.0
2023-01-30,lemonade,3102.399999999994,3056.7999999999943,0.0,45.60000000000001
2023-01-30,straw,11040.0,10829.0,0.0,211.0
2023-01-30,small_drink_cup,1362.0,1328.0,0.0,34.0
2023-01-30,medium_drink_cup,2100.0,1946.0,0.0,154.0
2023-01-30,large_drink_cup,7578.0,7555.0,0.0,23.0
2023-01-30,lemonade_diet,3952.5999999999995,3931.6999999999994,0.0,20.9
2023-01-30,ice_tea_unsweet,1845.1999999999887,1816.6999999999887,0.0,28.500000000000004
2023-01-30,ice_tea_sweet,7090.199999999989,7061.199999999989,0.0,29.0
2023-01-30,soft_drink,3241.800000000003,3109.600000000003,0.0,132.2
2023-01-30,dasani_water_bottle,215.0,212.0,0.0,3.0
2023-01-30,orange_juice_bottle,1001.0,982.0,0.0,19.0
2023-01-30,apple_juice,1159.0,1149.0,0.0,10.0
2023-01-30,ice_coffee,301.5,279.0,0.0,22.5
2023-01-30,coffee,1773.5,1755.5,0.0,18.0
2023-01-30,Coffee_box,223.0,213.0,0.0,10.0
2023-01-30,milk_chocolate,446.0,436.0,0.0,10.0
2023-01-30,milk,402.0,358.0,0.0,44.0
2023-01-30,icecream,120.0,391.0,350.0,79.0
2023-01-30,vanilla_flavor,440.0,431.0,0.0,9.0
2023-01-30,cream_flavor,466.0,452.0,0.0,14.0
2023-01-30,chunk_cookie,514.0,457.0,0.0,57.0
2023-01-30,chocolate_flavor,256.0,249.0,0.0,7.0
2023-01-30,strawberry_flavor,398.0,393.0,0.0,5.0
2023-01-30,frosted_extract,220.0,220.0,0.0,0.0
2023-01-30,icecream_cone,216.0,210.0,0.0,6.0
2023-01-30,icecream_come,634.0,631.0,0.0,3.0
2023-01-30,icecream_topping,624.0,618.0,0.0,6.0
2023-01-30,to_go_bag,23588.0,23483.0,0.0,105.0
2023-01-30,napkins,12940.0,12415.0,0.0,525.0
2023-01-30,ketchup,5734.0,5734.0,0.0,0.0
2023-01-30,ranch,5710.0,5709.0,0.0,1.0
2023-01-30,buffalo_sauce,6254.0,6246.0,0.0,8.0
2023-01-30,bbq_sauce,5986.0,5979.0,0.0,7.0
2023-01-30,polyneasian,5894.0,5890.0,0.0,4.0
2023-01-30,chickfala,5678.0,5672.0,0.0,6.0
2023-01-30,silverware,5830.0,5826.0,0.0,4.0
2023-01-31,fried_batter,831.8000000000009,655.4000000000009,0.0,176.4
2023-01-31,bun,915.0,857.0,0.0,58.0
2023-01-31,chicken_patty,341.0,232.0,0.0,109.0
2023-01-31,pickle_chips,1870.0,1696.0,0.0,174.0
2023-01-31,lettuce,142.0,424.0,350.0,68.0
2023-01-31,tomato,142.0,424.0,350.0,68.0
2023-01-31,cheese,422.5,350.5,0.0,72.0
2023-01-31,spice,1662.0,1605.0,0.0,57.0
2023-01-31,chicken_nuggets,5417.0,5069.5,0.0,347.5
2023-01-31,chicken_strips,3760.0,3684.0,0.0,76.0
2023-01-31,flat_bread,509.5,500.5,0.0,9.0
2023-01-31,mixed_greens,887.0,828.5,0.0,58.5
2023-01-31,shredded_monterey_jack,2096.0,2067.0,0.0,29.0
2023-01-31,waffle_fries,3858.159999999997,3700.399999999997,0.0,157.76000000000002
2023-01-31,roasted_corn_kernels,720.0,714.0,0.0,6.0
2023-01-31,crumbled_bacon,720.0,714.0,0.0,6.0
2023-01-31,avacado_lime_dressing,370.0,364.0,0.0,6.0
2023-01-31,red_bell_pepers,195.0,189.0,0.0,6.0
2023-01-31,grape tomatoes,975.0,945.0,0.0,30.0
2023-01-31,hard_boiled_egg,457.5,451.5,0.0,6.0
2023-01-31,blue_cheese,306.0,258.0,0.0,48.0
2023-01-31,apples,306.0,258.0,0.0,48.0
2023-01-31,strawberries,306.0,258.0,0.0,48.0
2023-01-31,blueberries,306.0,258.0,0.0,48.0
2023-01-31,harvest_nut_granola,306.0,258.0,0.0,48.0
2023-01-31,zesty_apple_vinagrette,306.0,258.0,0.0,48.0
2023-01-31,chicken_tenders,11624.0,11616.0,0.0,8.0
2023-01-31,biscuit,131.0,623.0,525.0,33.0
2023-01-31,chicken_mini_bread,776.0,713.0,0.0,63.0
2023-01-31,butter,466.0,466.0,0.0,0.0
2023-01-31,bacon,1015.0,1008.0,0.0,7.0
2023-01-31,tortilla,604.0,590.0,0.0,14.0
2023-01-31,eggs,518.0,466.0,0.0,52.0
2023-01-31,sausage,351.0,333.0,0.0,18.0
2023-01-31,bagel,65.0,206.0,175.0,34.0
2023-01-31,oatmeal,109.0,101.0,0.0,8.0
2023-01-31,fruit,410.0,382.5,0.0,27.5
2023-01-31,cream_cheese,245.0,231.0,0.0,14.0
2023-01-31,hash_brown,1446.0,1435.0,0.0,11.0
2023-01-31,yogurt_parfait,227.0,223.0,0.0,4.0
2023-01-31,cinamon_cluster,155.0,142.0,0.0,13.0
2023-01-31,lemonade,3011.1999999999944,2948.6999999999944,0.0,62.50000000000001
2023-01-31,straw,10618.0,10411.0,0.0,207.0
2023-01-31,small_drink_cup,1294.0,1264.0,0.0,30.0
2023-01-31,medium_drink_cup,1792.0,1653.0,0.0,139.0
2023-01-31,large_drink_cup,7532.0,7494.0,0.0,38.0
2023-01-31,lemonade_diet,3910.7999999999993,3892.0999999999995,0.0,18.7
2023-01-31,ice_tea_unsweet,1788.1999999999887,1779.0999999999888,0.0,9.1
2023-01-31,ice_tea_sweet,7032.199999999989,6976.999999999989,0.0,55.2
2023-01-31,soft_drink,2977.4000000000033,13335.500000000004,10500.0,141.9
2023-01-31,dasani_water_bottle,209.0,202.0,0.0,7.0
2023-01-31,orange_juice_bottle,963.0,945.0,0.0,18.0
2023-01-31,apple_juice,1139.0,1128.0,0.0,11.0
2023-01-31,ice_coffee,256.5,242.25,0.0,14.25
2023-01-31,coffee,1737.5,1725.25,0.0,12.25
2023-01-31,Coffee_box,203.0,197.0,0.0,6.0
2023-01-31,milk_chocolate,426.0,424.0,0.0,2.0
2023-01-31,milk,314.0,262.0,0.0,52.0
2023-01-31,icecream,662.0,553.0,0.0,109.0
2023-01-31,vanilla_flavor,422.0,413.0,0.0,9.0
2023-01-31,cream_flavor,438.0,420.0,0.0,18.0
2023-01-31,chunk_cookie,400.0,351.0,0.0,49.0
2023-01-31,chocolate_flavor,242.0,234.0,0.0,8.0
2023-01-31,strawberry_flavor,388.0,380.0,0.0,8.0
2023-01-31,frosted_extract,220.0,211.0,0.0,9.0
2023-01-31,icecream_cone,204.0,196.0,0.0,8.0
2023-01-31,icecream_come,628.0,613.0,0.0,15.0
2023-01-31,icecream_topping,612.0,605.0,0.0,7.0
2023-01-31,to_go_bag,23378.0,23262.0,0.0,116.0
2023-01-31,napkins,11890.0,11310.0,0.0,580.0
2023-01-31,ketchup,5734.0,5729.0,0.0,5.0
2023-01-31,ranch,5708.0,5698.0,0.0,10.0
2023-01-31,buffalo_sauce,6238.0,6238.0,0.0,0.0
2023-01-31,bbq_sauce,5972.0,5966.0,0.0,6.0
2023-01-31,polyneasian,5886.0,5873.0,0.0,13.0
2023-01-31,chickfala,5666.0,5665.0,0.0,1.0
2023-01-31,silverware,5822.0,5810.0,0.0,12.0
2023-02-01,fried_batter,479.0000000000009,338.0000000000009,0.0,141.0
2023-02-01,bun,799.0,749.0,0.0,50.0
2023-02-01,chicken_patty,123.0,742.0,700.0,81.0
2023-02-01,pickle_chips,1522.0,1372.0,0.0,150.0
2023-02-01,lettuce,706.0,642.0,0.0,64.0
2023-02-01,tomato,706.0,642.0,0.0,64.0
2023-02-01,cheese,278.5,229.5,0.0,49.0
2023-02-01,spice,1548.0,1523.0,0.0,25.0
2023-02-01,chicken_nuggets,4722.0,4101.0,0.0,621.0
2023-02-01,chicken_strips,3608.0,3544.0,0.0,64.0
2023-02-01,flat_bread,491.5,485.5,0.0,6.0
2023-02-01,mixed_greens,770.0,713.0,0.0,57.0
2023-02-01,shredded_monterey_jack,2038.0,2012.0,0.0,26.0
2023-02-01,waffle_fries,3542.6399999999967,3404.039999999997,0.0,138.60000000000002
2023-02-01,roasted_corn_kernels,708.0,697.0,0.0,11.0
2023-02-01,crumbled_bacon,708.0,697.0,0.0,11.0
2023-02-01,avacado_lime_dressing,358.0,347.0,0.0,11.0
2023-02-01,red_bell_pepers,183.0,172.0,0.0,11.0
2023-02-01,grape tomatoes,915.0,860.0,0.0,55.0
2023-02-01,hard_boiled_egg,445.5,434.5,0.0,11.0
2023-02-01,blue_cheese,210.0,167.0,0.0,43.0
2023-02-01,apples,210.0,167.0,0.0,43.0
2023-02-01,strawberries,210.0,167.0,0.0,43.0
2023-02-01,blueberries,210.0,167.0,0.0,43.0
2023-02-01,harvest_nut_granola,210.0,167.0,0.0,43.0
2023-02-01,zesty_apple_vinagrette,210.0,167.0,0.0,43.0
2023-02-01,chicken_tenders,11608.0,11598.0,0.0,10.0
2023-02-01,biscuit,1115.0,1078.0,0.0,37.0
2023-02-01,chicken_mini_bread,650.0,638.0,0.0,12.0
2023-02-01,butter,466.0,463.25,0.0,2.75
2023-02-01,bacon,1001.0,1001.0,0.0,0.0
2023-02-01,tortilla,576.0,567.0,0.0,9.0
2023-02-01,eggs,414.0,388.0,0.0,26.0
2023-02-01,sausage,315.0,305.0,0.0,10.0
2023-02-01,bagel,347.0,330.0,0.0,17.0
2023-02-01,oatmeal,93.0,77.0,0.0,16.0
2023-02-01,fruit,355.0,327.5,0.0,27.5
2023-02-01,cream_cheese,217.0,211.0,0.0,6.0
2023-02-01,hash_brown,1424.0,1420.0,0.0,4.0
2023-02-01,yogurt_parfait,219.0,216.0,0.0,3.0
2023-02-01,cinamon_cluster,129.0,125.0,0.0,4.0
2023-02-01,lemonade,2886.1999999999944,2794.9999999999945,0.0,91.2
2023-02-01,straw,10204.0,9944.0,0.0,260.0
2023-02-01,small_drink_cup,1234.0,1191.0,0.0,43.0
2023-02-01,medium_drink_cup,1514.0,1332.0,0.0,182.0
2023-02-01,large_drink_cup,7456.0,7421.0,0.0,35.0
2023-02-01,lemonade_diet,3873.3999999999996,3840.0999999999995,0.0,33.300000000000004
2023-02-01,ice_tea_unsweet,1769.9999999999889,1757.699999999989,0.0,12.3
2023-02-01,ice_tea_sweet,6921.799999999989,6889.89999999999,0.0,31.900000000000006
2023-02-01,soft_drink,23693.600000000002,23535.000000000004,0.0,158.6
2023-02-01,dasani_water_bottle,195.0,189.0,0.0,6.0
2023-02-01,orange_juice_bottle,927.0,914.0,0.0,13.0
2023-02-01,apple_juice,1117.0,1113.0,0.0,4.0
2023-02-01,ice_coffee,228.0,220.25,0.0,7.75
2023-02-01,coffee,1713.0,1675.5,0.0,37.5
2023-02-01,Coffee_box,191.0,189.0,0.0,2.0
2023-02-01,milk_chocolate,422.0,418.0,0.0,4.0
2023-02-01,milk,210.0,172.0,0.0,38.0
2023-02-01,icecream,444.0,351.0,0.0,93.0
2023-02-01,vanilla_flavor,404.0,396.0,0.0,8.0
2023-02-01,cream_flavor,402.0,393.0,0.0,9.0
2023-02-01,chunk_cookie,302.0,246.5,0.0,55.5
2023-02-01,chocolate_flavor,226.0,218.0,0.0,8.0
2023-02-01,strawberry_flavor,372.0,362.0,0.0,10.0
2023-02-01,frosted_extract,202.0,194.0,0.0,8.0
2023-02-01,icecream_cone,188.0,171.0,0.0,17.0
2023-02-01,icecream_come,598.0,592.0,0.0,6.0
2023-02-01,icecream_topping,598.0,588.0,0.0,10.0
2023-02-01,to_go_bag,23146.0,23033.0,0.0,113.0
2023-02-01,napkins,10730.0,10165.0,0.0,565.0
2023-02-01,ketchup,5724.0,5716.0,0.0,8.0
2023-02-01,ranch,5688.0,5684.0,0.0,4.0
2023-02-01,buffalo_sauce,6238.0,6227.0,0.0,11.0
2023-02-01,bbq_sauce,5960.0,5947.0,0.0,13.0
2023-02-01,polyneasian,5860.0,5856.0,0.0,4.0
2023-02-01,chickfala,5664.0,5659.0,0.0,5.0
2023-02-01,silverware,5798.0,5787.0,0.0,11.0
2023-02-02,fried_batter,197.0000000000009,584.200000000001,525.0,137.8
2023-02-02,bun,699.0,658.0,0.0,41.0
2023-02-02,chicken_patty,1361.0,1277.0,0.0,84.0
2023-02-02,pickle_chips,1222.0,1099.0,0.0,123.0
2023-02-02,lettuce,578.0,538.0,0.0,40.0
2023-02-02,tomato,578.0,538.0,0.0,40.0
2023-02-02,cheese,180.5,127.5,0.0,53.0
2023-02-02,spice,1498.0,1464.0,0.0,34.0
2023-02-02,chicken_nuggets,3480.0,2981.5,0.0,498.5
2023-02-02,chicken_strips,3480.0,3449.0,0.0,31.0
2023-02-02,flat_bread,479.5,476.5,0.0,3.0
2023-02-02,mixed_greens,656.0,601.5,0.0,54.5
2023-02-02,shredded_monterey_jack,1986.0,1967.0,0.0,19.0
2023-02-02,waffle_fries,3265.439999999997,3133.0799999999967,0.0,132.36
2023-02-02,roasted_corn_kernels,686.0,680.0,0.0,6.0
2023-02-02,crumbled_bacon,686.0,680.0,0.0,6.0
2023-02-02,avacado_lime_dressing,336.0,330.0,0.0,6.0
2023-02-02,red_bell_pepers,161.0,155.0,0.0,6.0
2023-02-02,grape tomatoes,805.0,775.0,0.0,30.0
2023-02-02,hard_boiled_egg,423.5,417.5,0.0,6.0
2023-02-02,blue_cheese,124.0,427.0,350.0,47.0
2023-02-02,apples,124.0,427.0,350.0,47.0
2023-02-02,strawberries,124.0,427.0,350.0,47.0
2023-02-02,blueberries,124.0,427.0,350.0,47.0
2023-02-02,harvest_nut_granola,124.0,427.0,350.0,47.0
2023-02-02,zesty_apple_vinagrette,124.0,427.0,350.0,47.0
2023-02-02,chicken_tenders,11588.0,11570.0,0.0,18.0
2023-02-02,biscuit,1041.0,991.0,0.0,50.0
2023-02-02,chicken_mini_bread,626.0,608.0,0.0,18.0
2023-02-02,butter,460.5,460.25,0.0,0.25
2023-02-02,bacon,1001.0,987.0,0.0,14.0
2023-02-02,tortilla,558.0,548.0,0.0,10.0
2023-02-02,eggs,362.0,319.0,0.0,43.0
2023-02-02,sausage,295.0,284.0,0.0,11.0
2023-02-02,bagel,313.0,283.0,0.0,30.0
2023-02-02,oatmeal,61.0,214.0,175.0,22.0
2023-02-02,fruit,300.0,263.5,0.0,36.5
2023-02-02,cream_cheese,205.0,192.0,0.0,13.0
2023-02-02,hash_brown,1416.0,1410.0,0.0,6.0
2023-02-02,yogurt_parfait,213.0,212.0,0.0,1.0
2023-02-02,cinamon_cluster,121.0,118.0,0.0,3.0
2023-02-02,lemonade,2703.7999999999947,2664.9999999999945,0.0,38.800000000000004
2023-02-02,straw,9684.0,9428.0,0.0,256.0
2023-02-02,small_drink_cup,1148.0,1090.0,0.0,58.0
2023-02-02,medium_drink_cup,1150.0,4495.0,3500.0,155.0
2023-02-02,large_drink_cup,7386.0,7343.0,0.0,43.0
2023-02-02,lemonade_diet,3806.7999999999993,3759.1999999999994,0.0,47.60000000000001
2023-02-02,ice_tea_unsweet,1745.399999999989,1717.9999999999889,0.0,27.4
2023-02-02,ice_tea_sweet,6857.99999999999,6802.69999999999,0.0,55.300000000000004
2023-02-02,soft_drink,23376.400000000005,23234.700000000004,0.0,141.7
2023-02-02,dasani_water_bottle,183.0,179.0,0.0,4.0
2023-02-02,orange_juice_bottle,901.0,896.0,0.0,5.0
2023-02-02,apple_juice,1109.0,1105.0,0.0,4.0
2023-02-02,ice_coffee,212.5,201.5,0.0,11.0
2023-02-02,coffee,1638.0,1608.5,0.0,29.5
2023-02-02,Coffee_box,187.0,179.0,0.0,8.0
2023-02-02,milk_chocolate,414.0,405.0,0.0,9.0
2023-02-02,milk,134.0,105.0,0.0,29.0
2023-02-02,icecream,258.0,202.0,0.0,56.0
2023-02-02,vanilla_flavor,388.0,377.0,0.0,11.0
2023-02-02,cream_flavor,384.0,374.0,0.0,10.0
2023-02-02,chunk_cookie,191.0,396.0,350.0,145.0
2023-02-02,chocolate_flavor,210.0,206.0,0.0,4.0
2023-02-02,strawberry_flavor,352.0,352.0,0.0,0.0
2023-02-02,frosted_extract,186.0,178.0,0.0,8.0
2023-02-02,icecream_cone,154.0,151.0,0.0,3.0
2023-02-02,icecream_come,586.0,583.0,0.0,3.0
2023-02-02,icecream_topping,578.0,569.0,0.0,9.0
2023-02-02,to_go_bag,22920.0,22801.0,0.0,119.0
2023-02-02,napkins,9600.0,9005.0,0.0,595.0
2023-02-02,ketchup,5708.0,5699.0,0.0,9.0
2023-02-02,ranch,5680.0,5673.0,0.0,7.0
2023-02-02,buffalo_sauce,6216.0,6216.0,0.0,0.0
2023-02-02,bbq_sauce,5934.0,5928.0,0.0,6.0
2023-02-02,polyneasian,5852.0,5849.0,0.0,3.0
2023-02-02,chickfala,5654.0,5641.0,0.0,13.0
2023-02-02,silverware,5776.0,5765.0,0.0,11.0
2023-02-03,fried_batter,971.400000000001,833.800000000001,0.0,137.6
2023-02-03,bun,617.0,577.0,0.0,40.0
2023-02-03,chicken_patty,1193.0,1107.5,0.0,85.5
2023-02-03,pickle_chips,976.0,856.0,0.0,120.0
2023-02-03,lettuce,498.0,450.0,0.0,48.0
2023-02-03,tomato,498.0,450.0,0.0,48.0
2023-02-03,cheese,74.5,295.0,262.5,42.0
2023-02-03,spice,1430.0,1393.0,0.0,37.0
2023-02-03,chicken_nuggets,2483.0,2120.0,0.0,363.0
2023-02-03,chicken_strips,3418.0,3366.0,0.0,52.0
2023-02-03,flat_bread,473.5,469.5,0.0,4.0
2023-02-03,mixed_greens,547.0,464.0,0.0,83.0
2023-02-03,shredded_monterey_jack,1948.0,1937.0,0.0,11.0
2023-02-03,waffle_fries,3000.7199999999966,13334.999999999998,10500.0,165.72
2023-02-03,roasted_corn_kernels,674.0,672.0,0.0,2.0
2023-02-03,crumbled_bacon,674.0,672.0,0.0,2.0
2023-02-03,avacado_lime_dressing,324.0,322.0,0.0,2.0
2023-02-03,red_bell_pepers,149.0,672.0,525.0,2.0
2023-02-03,grape tomatoes,745.0,735.0,0.0,10.0
2023-02-03,hard_boiled_egg,411.5,409.5,0.0,2.0
2023-02-03,blue_cheese,730.0,651.0,0.0,79.0
2023-02-03,apples,730.0,651.0,0.0,79.0
2023-02-03,strawberries,730.0,651.0,0.0,79.0
2023-02-03,blueberries,730.0,651.0,0.0,79.0
2023-02-03,harvest_nut_granola,730.0,651.0,0.0,79.0
2023-02-03,zesty_apple_vinagrette,730.0,651.0,0.0,79.0
2023-02-03,chicken_tenders,11552.0,11534.0,0.0,18.0
2023-02-03,biscuit,941.0,919.0,0.0,22.0
2023-02-03,chicken_mini_bread,590.0,554.0,0.0,36.0
2023-02-03,butter,460.0,460.0,0.0,0.0
2023-02-03,bacon,973.0,965.0,0.0,8.0
2023-02-03,tortilla,538.0,533.0,0.0,5.0
2023-02-03,eggs,276.0,253.0,0.0,23.0
2023-02-03,sausage,273.0,270.0,0.0,3.0
2023-02-03,bagel,253.0,229.0,0.0,24.0
2023-02-03,oatmeal,367.0,355.0,0.0,12.0
2023-02-03,fruit,227.0,210.0,0.0,17.0
2023-02-03,cream_cheese,179.0,173.0,0.0,6.0
2023-02-03,hash_brown,1404.0,1397.0,0.0,7.0
2023-02-03,yogurt_parfait,211.0,202.0,0.0,9.0
2023-02-03,cinamon_cluster,115.0,103.0,0.0,12.0
2023-02-03,lemonade,2626.1999999999944,2599.0999999999945,0.0,27.1
2023-02-03,straw,9172.0,8946.0,0.0,226.0
2023-02-03,small_drink_cup,1032.0,4493.0,3500.0,39.0
2023-02-03,medium_drink_cup,7840.0,7671.0,0.0,169.0
2023-02-03,large_drink_cup,7300.0,7282.0,0.0,18.0
2023-02-03,lemonade_diet,3711.5999999999995,3692.5999999999995,0.0,19.0
2023-02-03,ice_tea_unsweet,1690.5999999999888,1672.0999999999888,0.0,18.5
2023-02-03,ice_tea_sweet,6747.39999999999,6689.799999999989,0.0,57.60000000000001
2023-02-03,soft_drink,23093.000000000004,22932.500000000004,0.0,160.5
2023-02-03,dasani_water_bottle,175.0,165.0,0.0,10.0
2023-02-03,orange_juice_bottle,891.0,873.0,0.0,18.0
2023-02-03,apple_juice,1101.0,1093.0,0.0,8.0
2023-02-03,ice_coffee,190.5,164.75,0.0,25.75
2023-02-03,coffee,1579.0,1541.25,0.0,37.75
2023-02-03,Coffee_box,171.0,168.0,0.0,3.0
2023-02-03,milk_chocolate,396.0,389.0,0.0,7.0
2023-02-03,milk,76.0,407.0,350.0,19.0
2023-02-03,icecream,146.0,110.0,0.0,36.0
2023-02-03,vanilla_flavor,366.0,364.0,0.0,2.0
2023-02-03,cream_flavor,364.0,359.0,0.0,5.0
2023-02-03,chunk_cookie,601.0,514.5,0.0,86.5
2023-02-03,chocolate_flavor,202.0,196.0,0.0,6.0
2023-02-03,strawberry_flavor,352.0,352.0,0.0,0.0
2023-02-03,frosted_extract,170.0,170.0,0.0,0.0
2023-02-03,icecream_cone,148.0,143.0,0.0,5.0
2023-02-03,icecream_come,580.0,575.0,0.0,5.0
2023-02-03,icecream_topping,560.0,555.0,0.0,5.0
2023-02-03,to_go_bag,22682.0,22573.0,0.0,109.0
2023-02-03,napkins,8410.0,7865.0,0.0,545.0
2023-02-03,ketchup,5690.0,5676.0,0.0,14.0
2023-02-03,ranch,5666.0,5658.0,0.0,8.0
2023-02-03,buffalo_sauce,6216.0,6204.0,0.0,12.0
2023-02-03,bbq_sauce,5922.0,5909.0,0.0,13.0
2023-02-03,polyneasian,5846.0,5837.0,0.0,9.0
2023-02-03,chickfala,5628.0,5615.0,0.0,13.0
2023-02-03,silverware,5754.0,5753.0,0.0,1.0
2023-02-04,fried_batter,696.200000000001,571.400000000001,0.0,124.8
2023-02-04,bun,537.0,496.0,0.0,41.0
2023-02-04,chicken_patty,1022.0,943.5,0.0,78.5
2023-02-04,pickle_chips,736.0,613.0,0.0,123.0
2023-02-04,lettuce,402.0,356.0,0.0,46.0
2023-02-04,tomato,402.0,356.0,0.0,46.0
2023-02-04,cheese,515.5,480.5,0.0,35.0
2023-02-04,spice,1356.0,1319.0,0.0,37.0
2023-02-04,chicken_nuggets,1757.0,8152.0,7000.0,605.0
2023-02-04,chicken_strips,3314.0,3268.0,0.0,46.0
2023-02-04,flat_bread,465.5,451.5,0.0,14.0
2023-02-04,mixed_greens,381.0,287.0,0.0,94.0
2023-02-04,shredded_monterey_jack,1926.0,1878.0,0.0,48.0
2023-02-04,waffle_fries,23669.28,23537.32,0.0,131.96000000000004
2023-02-04,roasted_corn_kernels,670.0,643.0,0.0,27.0
2023-02-04,crumbled_bacon,670.0,643.0,0.0,27.0
2023-02-04,avacado_lime_dressing,320.0,293.0,0.0,27.0
2023-02-04,red_bell_pepers,1195.0,1168.0,0.0,27.0
2023-02-04,grape tomatoes,725.0,590.0,0.0,135.0
2023-02-04,hard_boiled_egg,407.5,380.5,0.0,27.0
2023-02-04,blue_cheese,572.0,512.0,0.0,60.0
2023-02-04,apples,572.0,512.0,0.0,60.0
2023-02-04,strawberries,572.0,512.0,0.0,60.0
2023-02-04,blueberries,572.0,512.0,0.0,60.0
2023-02-04,harvest_nut_granola,572.0,512.0,0.0,60.0
2023-02-04,zesty_apple_vinagrette,572.0,512.0,0.0,60.0
2023-02-04,chicken_tenders,11516.0,11514.0,0.0,2.0
2023-02-04,biscuit,897.0,872.0,0.0,25.0
2023-02-04,chicken_mini_bread,518.0,2220.0,1750.0,48.0
2023-02-04,butter,460.0,459.5,0.0,0.5
2023-02-04,bacon,957.0,952.0,0.0,5.0
2023-02-04,tortilla,528.0,521.0,0.0,7.0
2023-02-04,eggs,230.0,211.0,0.0,19.0
2023-02-04,sausage,267.0,264.0,0.0,3.0
2023-02-04,bagel,205.0,195.0,0.0,10.0
2023-02-04,oatmeal,343.0,326.0,0.0,17.0
2023-02-04,fruit,193.0,167.0,0.0,26.0
2023-02-04,cream_cheese,167.0,165.0,0.0,2.0
2023-02-04,hash_brown,1390.0,1387.0,0.0,3.0
2023-02-04,yogurt_parfait,193.0,178.0,0.0,15.0
2023-02-04,cinamon_cluster,91.0,81.0,0.0,10.0
2023-02-04,lemonade,2571.9999999999945,2532.5999999999945,0.0,39.400000000000006
2023-02-04,straw,8720.0,8505.0,0.0,215.0
2023-02-04,small_drink_cup,7954.0,7920.0,0.0,34.0
2023-02-04,medium_drink_cup,7502.0,7357.0,0.0,145.0
2023-02-04,large_drink_cup,7264.0,7228.0,0.0,36.0
2023-02-04,lemonade_diet,3673.5999999999995,3650.3999999999996,0.0,23.2
2023-02-04,ice_tea_unsweet,1653.5999999999888,1621.7999999999888,0.0,31.800000000000004
2023-02-04,ice_tea_sweet,6632.199999999989,6591.499999999989,0.0,40.7
2023-02-04,soft_drink,22772.000000000004,22648.100000000002,0.0,123.9
2023-02-04,dasani_water_bottle,155.0,672.0,525.0,8.0
2023-02-04,orange_juice_bottle,855.0,847.0,0.0,8.0
2023-02-04,apple_juice,1085.0,1080.0,0.0,5.0
2023-02-04,ice_coffee,139.0,128.25,0.0,10.75
2023-02-04,coffee,1503.5,1491.5,0.0,12.0
2023-02-04,Coffee_box,165.0,157.0,0.0,8.0
2023-02-04,milk_chocolate,382.0,373.0,0.0,9.0
2023-02-04,milk,738.0,709.0,0.0,29.0
2023-02-04,icecream,74.0,359.0,350.0,65.0
2023-02-04,vanilla_flavor,362.0,358.0,0.0,4.0
2023-02-04,cream_flavor,354.0,344.0,0.0,10.0
2023-02-04,chunk_cookie,428.0,321.0,0.0,107.0
2023-02-04,chocolate_flavor,190.0,186.0,0.0,4.0
2023-02-04,strawberry_flavor,352.0,352.0,0.0,0.0
2023-02-04,frosted_extract,170.0,163.0,0.0,7.0
2023-02-04,icecream_cone,138.0,124.0,0.0,14.0
2023-02-04,icecream_come,570.0,555.0,0.0,15.0
2023-02-04,icecream_topping,550.0,543.0,0.0,7.0
2023-02-04,to_go_bag,22464.0,22357.0,0.0,107.0
2023-02-04,napkins,7320.0,6785.0,0.0,535.0
2023-02-04,ketchup,5662.0,5652.0,0.0,10.0
2023-02-04,ranch,5650.0,5646.0,0.0,4.0
2023-02-04,buffalo_sauce,6192.0,6184.0,0.0,8.0
2023-02-04,bbq_sauce,5896.0,5879.0,0.0,17.0
2023-02-04,polyneasian,5828.0,5828.0,0.0,0.0
2023-02-04,chickfala,5602.0,5597.0,0.0,5.0
2023-02-04,silverware,5752.0,5749.0,0.0,3.0
2023-02-06,fried_batter,446.600000000001,316.800000000001,0.0,129.8
2023-02-06,bun,455.0,390.0,0.0,65.0
2023-02-06,chicken_patty,865.0,752.5,0.0,112.5
2023-02-06,pickle_chips,490.0,2045.0,1750.0,195.0
2023-02-06,lettuce,310.0,226.0,0.0,84.0
2023-02-06,tomato,310.0,226.0,0.0,84.0
2023-02-06,cheese,445.5,389.5,0.0,56.0
2023-02-06,spice,1282.0,1243.0,0.0,39.0
2023-02-06,chicken_nuggets,14547.0,14184.5,0.0,362.5
2023-02-06,chicken_strips,3222.0,3186.0,0.0,36.0
2023-02-06,flat_bread,437.5,426.5,0.0,11.0
2023-02-06,mixed_greens,193.0,820.5,700.0,72.5
2023-02-06,shredded_monterey_jack,1830.0,1807.0,0.0,23.0
2023-02-06,waffle_fries,23405.36,23253.46,0.0,151.9
2023-02-06,roasted_corn_kernels,616.0,605.0,0.0,11.0
2023-02-06,crumbled_bacon,616.0,605.0,0.0,11.0
2023-02-06,avacado_lime_dressing,266.0,255.0,0.0,11.0
2023-02-06,red_bell_pepers,1141.0,1130.0,0.0,11.0
2023-02-06,grape tomatoes,455.0,400.0,0.0,55.0
2023-02-06,hard_boiled_egg,353.5,342.5,0.0,11.0
2023-02-06,blue_cheese,452.0,396.0,0.0,56.0
2023-02-06,apples,452.0,396.0,0.0,56.0
2023-02-06,strawberries,452.0,396.0,0.0,56.0
2023-02-06,blueberries,452.0,396.0,0.0,56.0
2023-02-06,harvest_nut_granola,452.0,396.0,0.0,56.0
2023-02-06,zesty_apple_vinagrette,452.0,396.0,0.0,56.0
2023-02-06,chicken_tenders,11512.0,11498.0,0.0,14.0
2023-02-06,biscuit,847.0,802.0,0.0,45.0
2023-02-06,chicken_mini_bread,3922.0,3907.0,0.0,15.0
2023-02-06,butter,459.0,455.75,0.0,3.25
2023-02-06,bacon,947.0,939.0,0.0,8.0
2023-02-06,tortilla,514.0,513.0,0.0,1.0
2023-02-06,eggs,192.0,177.0,0.0,15.0
2023-02-06,sausage,261.0,260.0,0.0,1.0
2023-02-06,bagel,185.0,173.0,0.0,12.0
2023-02-06,oatmeal,309.0,303.0,0.0,6.0
2023-02-06,fruit,141.0,123.0,0.0,18.0
2023-02-06,cream_cheese,163.0,161.0,0.0,2.0
2023-02-06,hash_brown,1384.0,1371.0,0.0,13.0
2023-02-06,yogurt_parfait,163.0,160.0,0.0,3.0
2023-02-06,cinamon_cluster,71.0,65.0,0.0,6.0
2023-02-06,lemonade,2493.1999999999944,2428.0999999999945,0.0,65.10000000000001
2023-02-06,straw,8290.0,8062.0,0.0,228.0
2023-02-06,small_drink_cup,7886.0,7863.0,0.0,23.0
2023-02-06,medium_drink_cup,7212.0,7057.0,0.0,155.0
2023-02-06,large_drink_cup,7192.0,7142.0,0.0,50.0
2023-02-06,lemonade_diet,3627.2,3591.7999999999997,0.0,35.400000000000006
2023-02-06,ice_tea_unsweet,1589.9999999999889,1568.2999999999888,0.0,21.700000000000003
2023-02-06,ice_tea_sweet,6550.799999999989,6533.099999999989,0.0,17.700000000000003
2023-02-06,soft_drink,22524.2,22380.600000000002,0.0,143.60000000000002
2023-02-06,dasani_water_bottle,1189.0,1182.0,0.0,7.0
2023-02-06,orange_juice_bottle,839.0,835.0,0.0,4.0
2023-02-06,apple_juice,1075.0,1064.0,0.0,11.0
2023-02-06,ice_coffee,117.5,103.75,0.0,13.75
2023-02-06,coffee,1479.5,1452.75,0.0,26.75
2023-02-06,Coffee_box,149.0,143.0,0.0,6.0
2023-02-06,milk_chocolate,364.0,359.0,0.0,5.0
2023-02-06,milk,680.0,646.0,0.0,34.0
2023-02-06,icecream,644.0,574.0,0.0,70.0
2023-02-06,vanilla_flavor,354.0,338.0,0.0,16.0
2023-02-06,cream_flavor,334.0,333.0,0.0,1.0
2023-02-06,chunk_cookie,214.0,183.5,0.0,30.5
2023-02-06,chocolate_flavor,182.0,176.0,0.0,6.0
2023-02-06,strawberry_flavor,352.0,347.0,0.0,5.0
2023-02-06,frosted_extract,156.0,146.0,0.0,10.0
2023-02-06,icecream_cone,110.0,104.0,0.0,6.0
2023-02-06,icecream_come,540.0,532.0,0.0,8.0
2023-02-06,icecream_topping,536.0,528.0,0.0,8.0
2023-02-06,to_go_bag,22250.0,22138.0,0.0,112.0
2023-02-06,napkins,6250.0,5690.0,0.0,560.0
2023-02-06,ketchup,5642.0,5633.0,0.0,9.0
2023-02-06,ranch,5642.0,5639.0,0.0,3.0
2023-02-06,buffalo_sauce,6176.0,6171.0,0.0,5.0
2023-02-06,bbq_sauce,5862.0,5858.0,0.0,4.0
2023-02-06,polyneasian,5828.0,5824.0,0.0,4.0
2023-02-06,chickfala,5592.0,5584.0,0.0,8.0
2023-02-06,silverware,5746.0,5736.0,0.0,10.0
2023-02-07,fried_batter,187.00000000000097,572.8000000000009,525.0,139.2
2023-02-07,bun,325.0,304.0,0.0,21.0
2023-02-07,chicken_patty,640.0,562.0,0.0,78.0
2023-02-07,pickle_chips,3600.0,3537.0,0.0,63.0
2023-02-07,lettuce,142.0,114.0,0.0,28.0
2023-02-07,tomato,142.0,114.0,0.0,28.0
2023-02-07,cheese,333.5,282.5,0.0,51.0
2023-02-07,spice,1204.0,1178.0,0.0,26.0
2023-02-07,chicken_nuggets,13822.0,13285.5,0.0,536.5
2023-02-07,chicken_strips,3150.0,3088.0,0.0,62.0
2023-02-07,flat_bread,415.5,406.5,0.0,9.0
2023-02-07,mixed_greens,1448.0,1367.5,0.0,80.5
2023-02-07,shredded_monterey_jack,1784.0,1750.0,0.0,34.0
2023-02-07,waffle_fries,23101.559999999998,22985.659999999996,0.0,115.9
2023-02-07,roasted_corn_kernels,594.0,580.0,0.0,14.0
2023-02-07,crumbled_bacon,594.0,580.0,0.0,14.0
2023-02-07,avacado_lime_dressing,244.0,230.0,0.0,14.0
2023-02-07,red_bell_pepers,1119.0,1105.0,0.0,14.0
2023-02-07,grape tomatoes,345.0,275.0,0.0,70.0
2023-02-07,hard_boiled_egg,331.5,317.5,0.0,14.0
2023-02-07,blue_cheese,340.0,278.0,0.0,62.0
2023-02-07,apples,340.0,278.0,0.0,62.0
2023-02-07,strawberries,340.0,278.0,0.0,62.0
2023-02-07,blueberries,340.0,278.0,0.0,62.0
2023-02-07,harvest_nut_granola,340.0,278.0,0.0,62.0
2023-02-07,zesty_apple_vinagrette,340.0,278.0,0.0,62.0
2023-02-07,chicken_tenders,11484.0,11474.0,0.0,10.0
2023-02-07,biscuit,757.0,712.0,0.0,45.0
2023-02-07,chicken_mini_bread,3892.0,3871.0,0.0,21.0
2023-02-07,butter,452.5,451.25,0.0,1.25
2023-02-07,bacon,931.0,918.0,0.0,13.0
2023-02-07,tortilla,512.0,501.0,0.0,11.0
2023-02-07,eggs,162.0,114.0,0.0,48.0
2023-02-07,sausage,259.0,246.0,0.0,13.0
2023-02-07,bagel,161.0,143.0,0.0,18.0
2023-02-07,oatmeal,297.0,286.0,0.0,11.0
2023-02-07,fruit,105.0,433.0,350.0,22.0
2023-02-07,cream_cheese,159.0,158.0,0.0,1.0
2023-02-07,hash_brown,1358.0,1355.0,0.0,3.0
2023-02-07,yogurt_parfait,157.0,154.0,0.0,3.0
2023-02-07,cinamon_cluster,59.0,54.0,0.0,5.0
2023-02-07,lemonade,2362.9999999999945,2330.2999999999947,0.0,32.7
2023-02-07,straw,7834.0,7571.0,0.0,263.0
2023-02-07,small_drink_cup,7840.0,7772.0,0.0,68.0
2023-02-07,medium_drink_cup,6902.0,6772.0,0.0,130.0
2023-02-07,large_drink_cup,7092.0,7027.0,0.0,65.0
2023-02-07,lemonade_diet,3556.3999999999996,3516.9999999999995,0.0,39.400000000000006
2023-02-07,ice_tea_unsweet,1546.5999999999888,1517.6999999999887,0.0,28.899999999999995
2023-02-07,ice_tea_sweet,6515.39999999999,6455.299999999989,0.0,60.1
2023-02-07,soft_drink,22237.000000000004,22086.300000000003,0.0,150.7
2023-02-07,dasani_water_bottle,1175.0,1166.0,0.0,9.0
2023-02-07,orange_juice_bottle,831.0,815.0,0.0,16.0
2023-02-07,apple_juice,1053.0,1043.0,0.0,10.0
2023-02-07,ice_coffee,90.0,413.75,350.0,26.25
2023-02-07,coffee,1426.0,1408.25,0.0,17.75
2023-02-07,Coffee_box,137.0,124.0,0.0,13.0
2023-02-07,milk_chocolate,354.0,338.0,0.0,16.0
2023-02-07,milk,612.0,576.0,0.0,36.0
2023-02-07,icecream,504.0,442.0,0.0,62.0
2023-02-07,vanilla_flavor,322.0,315.0,0.0,7.0
2023-02-07,cream_flavor,332.0,325.0,0.0,7.0
2023-02-07,chunk_cookie,153.0,118.5,0.0,34.5
2023-02-07,chocolate_flavor,170.0,162.0,0.0,8.0
2023-02-07,strawberry_flavor,342.0,337.0,0.0,5.0
2023-02-07,frosted_extract,136.0,125.0,0.0,11.0
2023-02-07,icecream_cone,98.0,447.0,350.0,1.0
2023-02-07,icecream_come,524.0,517.0,0.0,7.0
2023-02-07,icecream_topping,520.0,504.0,0.0,16.0
2023-02-07,to_go_bag,22026.0,21907.0,0.0,119.0
2023-02-07,napkins,5130.0,4535.0,0.0,595.0
2023-02-07,ketchup,5624.0,5621.0,0.0,3.0
2023-02-07,ranch,5636.0,5612.0,0.0,24.0
2023-02-07,buffalo_sauce,6166.0,6159.0,0.0,7.0
2023-02-07,bbq_sauce,5854.0,5850.0,0.0,4.0
2023-02-07,polyneasian,5820.0,5819.0,0.0,1.0
2023-02-07,chickfala,5576.0,5576.0,0.0,0.0
2023-02-07,silverware,5726.0,5726.0,0.0,0.0
2023-02-08,fried_batter,958.6000000000008,806.6000000000008,0.0,152.0
2023-02-08,bun,283.0,246.0,0.0,37.0
2023-02-08,chicken_patty,484.0,413.5,0.0,70.5
2023-02-08,pickle_chips,3474.0,3363.0,0.0,111.0
2023-02-08,lettuce,86.0,410.0,350.0,26.0
2023-02-08,tomato,86.0,410.0,350.0,26.0
2023-02-08,cheese,231.5,187.5,0.0,44.0
2023-02-08,spice,1152.0,1114.0,0.0,38.0
2023-02-08,chicken_nuggets,12749.0,12257.5,0.0,491.5
2023-02-08,chicken_strips,3026.0,2973.0,0.0,53.0
2023-02-08,flat_bread,397.5,390.5,0.0,7.0
2023-02-08,mixed_greens,1287.0,1220.5,0.0,66.5
2023-02-08,shredded_monterey_jack,1716.0,1692.0,0.0,24.0
2023-02-08,waffle_fries,22869.759999999995,22703.859999999993,0.0,165.9
2023-02-08,roasted_corn_kernels,566.0,554.0,0.0,12.0
2023-02-08,crumbled_bacon,566.0,554.0,0.0,12.0
2023-02-08,avacado_lime_dressing,216.0,204.0,0.0,12.0
2023-02-08,red_bell_pepers,1091.0,1079.0,0.0,12.0
2023-02-08,grape tomatoes,205.0,1020.0,875.0,60.0
2023-02-08,hard_boiled_egg,303.5,291.5,0.0,12.0
2023-02-08,blue_cheese,216.0,165.0,0.0,51.0
2023-02-08,apples,216.0,165.0,0.0,51.0
2023-02-08,strawberries,216.0,165.0,0.0,51.0
2023-02-08,blueberries,216.0,165.0,0.0,51.0
2023-02-08,harvest_nut_granola,216.0,165.0,0.0,51.0
2023-02-08,zesty_apple_vinagrette,216.0,165.0,0.0,51.0
2023-02-08,chicken_tenders,11464.0,11452.0,0.0,12.0
2023-02-08,biscuit,667.0,618.0,0.0,49.0
2023-02-08,chicken_mini_bread,3850.0,3796.0,0.0,54.0
2023-02-08,butter,450.0,448.0,0.0,2.0
2023-02-08,bacon,905.0,889.0,0.0,16.0
2023-02-08,tortilla,490.0,485.0,0.0,5.0
2023-02-08,eggs,66.0,380.0,350.0,36.0
2023-02-08,sausage,233.0,223.0,0.0,10.0
2023-02-08,bagel,125.0,108.0,0.0,17.0
2023-02-08,oatmeal,275.0,273.0,0.0,2.0
2023-02-08,fruit,761.0,750.0,0.0,11.0
2023-02-08,cream_cheese,157.0,154.0,0.0,3.0
2023-02-08,hash_brown,1352.0,1342.0,0.0,10.0
2023-02-08,yogurt_parfait,151.0,141.0,0.0,10.0
2023-02-08,cinamon_cluster,49.0,221.0,175.0,3.0
2023-02-08,lemonade,2297.599999999995,2239.7999999999947,0.0,57.800000000000004
2023-02-08,straw,7308.0,7072.0,0.0,236.0
2023-02-08,small_drink_cup,7704.0,7661.0,0.0,43.0
2023-02-08,medium_drink_cup,6642.0,6493.0,0.0,149.0
2023-02-08,large_drink_cup,6962.0,6918.0,0.0,44.0
2023-02-08,lemonade_diet,3477.5999999999995,3440.7999999999993,0.0,36.8
2023-02-08,ice_tea_unsweet,1488.7999999999886,1454.1999999999887,0.0,34.6
2023-02-08,ice_tea_sweet,6395.199999999989,6382.399999999989,0.0,12.8
2023-02-08,soft_drink,21935.600000000002,21785.7,0.0,149.90000000000003
2023-02-08,dasani_water_bottle,1157.0,1155.0,0.0,2.0
2023-02-08,orange_juice_bottle,799.0,790.0,0.0,9.0
2023-02-08,apple_juice,1033.0,1026.0,0.0,7.0
2023-02-08,ice_coffee,737.5,730.5,0.0,7.0
2023-02-08,coffee,1390.5,1377.5,0.0,13.0
2023-02-08,Coffee_box,111.0,105.0,0.0,6.0
2023-02-08,milk_chocolate,322.0,318.0,0.0,4.0
2023-02-08,milk,540.0,488.0,0.0,52.0
2023-02-08,icecream,380.0,306.0,0.0,74.0
2023-02-08,vanilla_flavor,308.0,299.0,0.0,9.0
2023-02-08,cream_flavor,318.0,309.0,0.0,9.0
2023-02-08,chunk_cookie,84.0,376.5,350.0,57.5
2023-02-08,chocolate_flavor,154.0,147.0,0.0,7.0
2023-02-08,strawberry_flavor,332.0,324.0,0.0,8.0
2023-02-08,frosted_extract,114.0,110.0,0.0,4.0
2023-02-08,icecream_cone,796.0,793.0,0.0,3.0
2023-02-08,icecream_come,510.0,505.0,0.0,5.0
2023-02-08,icecream_topping,488.0,480.0,0.0,8.0
2023-02-08,to_go_bag,21788.0,21679.0,0.0,109.0
2023-02-08,napkins,3940.0,3395.0,0.0,545.0
2023-02-08,ketchup,5618.0,5613.0,0.0,5.0
2023-02-08,ranch,5588.0,5579.0,0.0,9.0
2023-02-08,buffalo_sauce,6152.0,6137.0,0.0,15.0
2023-02-08,bbq_sauce,5846.0,5838.0,0.0,8.0
2023-02-08,polyneasian,5818.0,5807.0,0.0,11.0
2023-02-08,chickfala,5576.0,5576.0,0.0,0.0
2023-02-08,silverware,5726.0,5720.0,0.0,6.0
2023-02-09,fried_batter,654.6000000000008,514.6000000000008,0.0,140.0
2023-02-09,bun,209.0,173.0,0.0,36.0
2023-02-09,chicken_patty,343.0,274.5,0.0,68.5
2023-02-09,pickle_chips,3252.0,3144.0,0.0,108.0
2023-02-09,lettuce,734.0,706.0,0.0,28.0
2023-02-09,tomato,734.0,706.0,0.0,28.0
2023-02-09,cheese,143.5,95.5,0.0,48.0
2023-02-09,spice,1076.0,1061.0,0.0,15.0
2023-02-09,chicken_nuggets,11766.0,11156.0,0.0,610.0
2023-02-09,chicken_strips,2920.0,2854.0,0.0,66.0
2023-02-09,flat_bread,383.5,375.5,0.0,8.0
2023-02-09,mixed_greens,1154.0,1094.0,0.0,60.0
2023-02-09,shredded_monterey_jack,1668.0,1640.0,0.0,28.0
2023-02-09,waffle_fries,22537.959999999992,22389.25999999999,0.0,148.70000000000002
2023-02-09,roasted_corn_kernels,542.0,528.0,0.0,14.0
2023-02-09,crumbled_bacon,542.0,528.0,0.0,14.0
2023-02-09,avacado_lime_dressing,192.0,878.0,700.0,14.0
2023-02-09,red_bell_pepers,1067.0,1053.0,0.0,14.0
2023-02-09,grape tomatoes,1835.0,1765.0,0.0,70.0
2023-02-09,hard_boiled_egg,279.5,265.5,0.0,14.0
2023-02-09,blue_cheese,114.0,422.0,350.0,42.0
2023-02-09,apples,114.0,422.0,350.0,42.0
2023-02-09,strawberries,114.0,422.0,350.0,42.0
2023-02-09,blueberries,114.0,422.0,350.0,42.0
2023-02-09,harvest_nut_granola,114.0,422.0,350.0,42.0
2023-02-09,zesty_apple_vinagrette,114.0,422.0,350.0,42.0
2023-02-09,chicken_tenders,11440.0,11426.0,0.0,14.0
2023-02-09,biscuit,569.0,524.0,0.0,45.0
2023-02-09,chicken_mini_bread,3742.0,3652.0,0.0,90.0
2023-02-09,butter,446.0,444.75,0.0,1.25
2023-02-09,bacon,873.0,863.0,0.0,10.0
2023-02-09,tortilla,480.0,474.0,0.0,6.0
2023-02-09,eggs,694.0,654.0,0.0,40.0
2023-02-09,sausage,213.0,198.0,0.0,15.0
2023-02-09,bagel,91.0,67.0,0.0,24.0
2023-02-09,oatmeal,271.0,240.0,0.0,31.0
2023-02-09,fruit,739.0,711.5,0.0,27.5
2023-02-09,cream_cheese,151.0,145.0,0.0,6.0
2023-02-09,hash_brown,1332.0,1328.0,0.0,4.0
2023-02-09,yogurt_parfait,131.0,128.0,0.0,3.0
2023-02-09,cinamon_cluster,393.0,385.0,0.0,8.0
2023-02-09,lemonade,2181.9999999999945,2138.8999999999946,0.0,43.10000000000001
2023-02-09,straw,6836.0,6606.0,0.0,230.0
2023-02-09,small_drink_cup,7618.0,7581.0,0.0,37.0
2023-02-09,medium_drink_cup,6344.0,6192.0,0.0,152.0
2023-02-09,large_drink_cup,6874.0,6833.0,0.0,41.0
2023-02-09,lemonade_diet,3403.999999999999,3365.999999999999,0.0,37.99999999999999
2023-02-09,ice_tea_unsweet,1419.5999999999888,1397.9999999999889,0.0,21.6
2023-02-09,ice_tea_sweet,6369.5999999999885,6316.0999999999885,0.0,53.50000000000001
2023-02-09,soft_drink,21635.8,21482.899999999998,0.0,152.89999999999998
2023-02-09,dasani_water_bottle,1153.0,1149.0,0.0,4.0
2023-02-09,orange_juice_bottle,781.0,777.0,0.0,4.0
2023-02-09,apple_juice,1019.0,1015.0,0.0,4.0
2023-02-09,ice_coffee,723.5,713.25,0.0,10.25
2023-02-09,coffee,1364.5,1350.75,0.0,13.75
2023-02-09,Coffee_box,99.0,96.0,0.0,3.0
2023-02-09,milk_chocolate,314.0,308.0,0.0,6.0
2023-02-09,milk,436.0,406.0,0.0,30.0
2023-02-09,icecream,232.0,180.0,0.0,52.0
2023-02-09,vanilla_flavor,290.0,288.0,0.0,2.0
2023-02-09,cream_flavor,300.0,294.0,0.0,6.0
2023-02-09,chunk_cookie,669.0,614.0,0.0,55.0
2023-02-09,chocolate_flavor,140.0,134.0,0.0,6.0
2023-02-09,strawberry_flavor,316.0,311.0,0.0,5.0
2023-02-09,frosted_extract,106.0,448.0,350.0,8.0
2023-02-09,icecream_cone,790.0,780.0,0.0,10.0
2023-02-09,icecream_come,500.0,496.0,0.0,4.0
2023-02-09,icecream_topping,472.0,472.0,0.0,0.0
2023-02-09,to_go_bag,21570.0,21450.0,0.0,120.0
2023-02-09,napkins,2850.0,12750.0,10500.0,600.0
2023-02-09,ketchup,5608.0,5604.0,0.0,4.0
2023-02-09,ranch,5570.0,5558.0,0.0,12.0
2023-02-09,buffalo_sauce,6122.0,6117.0,0.0,5.0
2023-02-09,bbq_sauce,5830.0,5816.0,0.0,14.0
2023-02-09,polyneasian,5796.0,5787.0,0.0,9.0
2023-02-09,chickfala,5576.0,5562.0,0.0,14.0
2023-02-09,silverware,5714.0,5700.0,0.0,14.0
2023-02-10,fried_batter,374.6000000000008,224.60000000000082,0.0,150.0
2023-02-10,bun,137.0,623.0,525.0,39.0
2023-02-10,chicken_patty,206.0,814.0,700.0,92.0
2023-02-10,pickle_chips,3036.0,2919.0,0.0,117.0
2023-02-10,lettuce,678.0,638.0,0.0,40.0
2023-02-10,tomato,678.0,638.0,0.0,40.0
2023-02-10,cheese,47.5,264.0,262.5,46.0
2023-02-10,spice,1046.0,1019.0,0.0,27.0
2023-02-10,chicken_nuggets,10546.0,10021.5,0.0,524.5
2023-02-10,chicken_strips,2788.0,2732.0,0.0,56.0
2023-02-10,flat_bread,367.5,362.5,0.0,5.0
2023-02-10,mixed_greens,1034.0,967.5,0.0,66.5
2023-02-10,shredded_monterey_jack,1612.0,1605.0,0.0,7.0
2023-02-10,waffle_fries,22240.55999999999,22116.11999999999,0.0,124.44
2023-02-10,roasted_corn_kernels,514.0,514.0,0.0,0.0
2023-02-10,crumbled_bacon,514.0,514.0,0.0,0.0
2023-02-10,avacado_lime_dressing,1564.0,1564.0,0.0,0.0
2023-02-10,red_bell_pepers,1039.0,1039.0,0.0,0.0
2023-02-10,grape tomatoes,1695.0,1695.0,0.0,0.0
2023-02-10,hard_boiled_egg,251.5,251.5,0.0,0.0
2023-02-10,blue_cheese,730.0,666.0,0.0,64.0
2023-02-10,apples,730.0,666.0,0.0,64.0
2023-02-10,strawberries,730.0,666.0,0.0,64.0
2023-02-10,blueberries,730.0,666.0,0.0,64.0
2023-02-10,harvest_nut_granola,730.0,666.0,0.0,64.0
2023-02-10,zesty_apple_vinagrette,730.0,666.0,0.0,64.0
2023-02-10,chicken_tenders,11412.0,11408.0,0.0,4.0
2023-02-10,biscuit,479.0,443.0,0.0,36.0
2023-02-10,chicken_mini_bread,3562.0,3439.0,0.0,123.0
2023-02-10,butter,443.5,442.0,0.0,1.5
2023-02-10,bacon,853.0,843.0,0.0,10.0
2023-02-10,tortilla,468.0,466.0,0.0,2.0
2023-02-10,eggs,614.0,586.0,0.0,28.0
2023-02-10,sausage,183.0,175.0,0.0,8.0
2023-02-10,bagel,43.0,189.0,175.0,29.0
2023-02-10,oatmeal,209.0,195.0,0.0,14.0
2023-02-10,fruit,684.0,657.0,0.0,27.0
2023-02-10,cream_cheese,139.0,123.0,0.0,16.0
2023-02-10,hash_brown,1324.0,1317.0,0.0,7.0
2023-02-10,yogurt_parfait,125.0,119.0,0.0,6.0
2023-02-10,cinamon_cluster,377.0,367.0,0.0,10.0
2023-02-10,lemonade,2095.7999999999947,2015.3999999999946,0.0,80.4
2023-02-10,straw,6376.0,6138.0,0.0,238.0
2023-02-10,small_drink_cup,7544.0,7503.0,0.0,41.0
2023-02-10,medium_drink_cup,6040.0,5889.0,0.0,151.0
2023-02-10,large_drink_cup,6792.0,6746.0,0.0,46.0
2023-02-10,lemonade_diet,3327.999999999999,3310.399999999999,0.0,17.6
2023-02-10,ice_tea_unsweet,1376.399999999989,1344.599999999989,0.0,31.800000000000004
2023-02-10,ice_tea_sweet,6262.5999999999885,6202.999999999988,0.0,59.6
2023-02-10,soft_drink,21329.999999999996,21184.299999999996,0.0,145.7
2023-02-10,dasani_water_bottle,1145.0,1143.0,0.0,2.0
2023-02-10,orange_juice_bottle,773.0,771.0,0.0,2.0
2023-02-10,apple_juice,1011.0,1005.0,0.0,6.0
2023-02-10,ice_coffee,703.0,675.0,0.0,28.0
2023-02-10,coffee,1337.0,1323.0,0.0,14.0
2023-02-10,Coffee_box,93.0,92.0,0.0,1.0
2023-02-10,milk_chocolate,302.0,296.0,0.0,6.0
2023-02-10,milk,376.0,319.0,0.0,57.0
2023-02-10,icecream,128.0,392.0,350.0,86.0
2023-02-10,vanilla_flavor,286.0,283.0,0.0,3.0
2023-02-10,cream_flavor,288.0,278.0,0.0,10.0
2023-02-10,chunk_cookie,559.0,512.0,0.0,47.0
2023-02-10,chocolate_flavor,128.0,116.0,0.0,12.0
2023-02-10,strawberry_flavor,306.0,291.0,0.0,15.0
2023-02-10,frosted_extract,790.0,785.0,0.0,5.0
2023-02-10,icecream_cone,770.0,768.0,0.0,2.0
2023-02-10,icecream_come,492.0,488.0,0.0,4.0
2023-02-10,icecream_topping,472.0,467.0,0.0,5.0
2023-02-10,to_go_bag,21330.0,21207.0,0.0,123.0
2023-02-10,napkins,22650.0,22035.0,0.0,615.0
2023-02-10,ketchup,5600.0,5585.0,0.0,15.0
2023-02-10,ranch,5546.0,5537.0,0.0,9.0
2023-02-10,buffalo_sauce,6112.0,6102.0,0.0,10.0
2023-02-10,bbq_sauce,5802.0,5790.0,0.0,12.0
2023-02-10,polyneasian,5778.0,5769.0,0.0,9.0
2023-02-10,chickfala,5548.0,5542.0,0.0,6.0
2023-02-10,silverware,5686.0,5666.0,0.0,20.0
2023-02-11,fried_batter,74.60000000000082,485.40000000000083,525.0,114.2
2023-02-11,bun,1109.0,1082.0,0.0,27.0
2023-02-11,chicken_patty,1422.0,1371.5,0.0,50.5
2023-02-11,pickle_chips,2802.0,2721.0,0.0,81.0
2023-02-11,lettuce,598.0,576.0,0.0,22.0
2023-02-11,tomato,598.0,576.0,0.0,22.0
2023-02-11,cheese,480.5,457.5,0.0,23.0
2023-02-11,spice,992.0,979.0,0.0,13.0
2023-02-11,chicken_nuggets,9497.0,8901.0,0.0,596.0
2023-02-11,chicken_strips,2676.0,2620.0,0.0,56.0
2023-02-11,flat_bread,357.5,347.5,0.0,10.0
2023-02-11,mixed_greens,901.0,834.0,0.0,67.0
2023-02-11,shredded_monterey_jack,1598.0,1571.0,0.0,27.0
2023-02-11,waffle_fries,21991.679999999993,21856.539999999994,0.0,135.14000000000001
2023-02-11,roasted_corn_kernels,514.0,503.0,0.0,11.0
2023-02-11,crumbled_bacon,514.0,503.0,0.0,11.0
2023-02-11,avacado_lime_dressing,1564.0,1553.0,0.0,11.0
2023-02-11,red_bell_pepers,1039.0,1028.0,0.0,11.0
2023-02-11,grape tomatoes,1695.0,1640.0,0.0,55.0
2023-02-11,hard_boiled_egg,251.5,240.5,0.0,11.0
2023-02-11,blue_cheese,602.0,551.0,0.0,51.0
2023-02-11,apples,602.0,551.0,0.0,51.0
2023-02-11,strawberries,602.0,551.0,0.0,51.0
2023-02-11,blueberries,602.0,551.0,0.0,51.0
2023-02-11,harvest_nut_granola,602.0,551.0,0.0,51.0
2023-02-11,zesty_apple_vinagrette,602.0,551.0,0.0,51.0
2023-02-11,chicken_tenders,11404.0,11394.0,0.0,10.0
2023-02-11,biscuit,407.0,392.0,0.0,15.0
2023-02-11,chicken_mini_bread,3316.0,3238.0,0.0,78.0
2023-02-11,butter,440.5,439.25,0.0,1.25
2023-02-11,bacon,833.0,833.0,0.0,0.0
2023-02-11,tortilla,464.0,458.0,0.0,6.0
2023-02-11,eggs,558.0,540.0,0.0,18.0
2023-02-11,sausage,167.0,160.0,0.0,7.0
2023-02-11,bagel,335.0,312.0,0.0,23.0
2023-02-11,oatmeal,181.0,160.0,0.0,21.0
2023-02-11,fruit,630.0,616.0,0.0,14.0
2023-02-11,cream_cheese,107.0,98.0,0.0,9.0
2023-02-11,hash_brown,1310.0,1305.0,0.0,5.0
2023-02-11,yogurt_parfait,113.0,110.0,0.0,3.0
2023-02-11,cinamon_cluster,357.0,347.0,0.0,10.0
2023-02-11,lemonade,1934.9999999999945,1871.3999999999946,0.0,63.60000000000001
2023-02-11,straw,5900.0,5670.0,0.0,230.0
2023-02-11,small_drink_cup,7462.0,7427.0,0.0,35.0
2023-02-11,medium_drink_cup,5738.0,5585.0,0.0,153.0
2023-02-11,large_drink_cup,6700.0,6658.0,0.0,42.0
2023-02-11,lemonade_diet,3292.7999999999993,3274.2999999999993,0.0,18.5
2023-02-11,ice_tea_unsweet,1312.799999999989,1272.599999999989,0.0,40.2
2023-02-11,ice_tea_sweet,6143.399999999988,6073.299999999987,0.0,70.10000000000001
2023-02-11,soft_drink,21038.599999999995,20925.299999999996,0.0,113.30000000000001
2023-02-11,dasani_water_bottle,1141.0,1134.0,0.0,7.0
2023-02-11,orange_juice_bottle,769.0,760.0,0.0,9.0
2023-02-11,apple_juice,999.0,993.0,0.0,6.0
2023-02-11,ice_coffee,647.0,639.5,0.0,7.5
2023-02-11,coffee,1309.0,1279.25,0.0,29.75
2023-02-11,Coffee_box,91.0,82.0,0.0,9.0
2023-02-11,milk_chocolate,290.0,282.0,0.0,8.0
2023-02-11,milk,262.0,232.0,0.0,30.0
2023-02-11,icecream,656.0,587.0,0.0,69.0
2023-02-11,vanilla_flavor,280.0,273.0,0.0,7.0
2023-02-11,cream_flavor,268.0,258.0,0.0,10.0
2023-02-11,chunk_cookie,465.0,401.0,0.0,64.0
2023-02-11,chocolate_flavor,104.0,100.0,0.0,4.0
2023-02-11,strawberry_flavor,276.0,268.0,0.0,8.0
2023-02-11,frosted_extract,780.0,767.0,0.0,13.0
2023-02-11,icecream_cone,766.0,762.0,0.0,4.0
2023-02-11,icecream_come,484.0,477.0,0.0,7.0
2023-02-11,icecream_topping,462.0,457.0,0.0,5.0
2023-02-11,to_go_bag,21084.0,20984.0,0.0,100.0
2023-02-11,napkins,21420.0,20920.0,0.0,500.0
2023-02-11,ketchup,5570.0,5569.0,0.0,1.0
2023-02-11,ranch,5528.0,5528.0,0.0,0.0
2023-02-11,buffalo_sauce,6092.0,6078.0,0.0,14.0
2023-02-11,bbq_sauce,5778.0,5767.0,0.0,11.0
2023-02-11,polyneasian,5760.0,5753.0,0.0,7.0
2023-02-11,chickfala,5536.0,5519.0,0.0,17.0
2023-02-11,silverware,5646.0,5641.0,0.0,5.0
2023-02-13,fried_batter,896.2000000000007,773.4000000000008,0.0,122.8
2023-02-13,bun,1055.0,1007.0,0.0,48.0
2023-02-13,chicken_patty,1321.0,1250.0,0.0,71.0
2023-02-13,pickle_chips,2640.0,2496.0,0.0,144.0
2023-02-13,lettuce,554.0,530.0,0.0,24.0
2023-02-13,tomato,554.0,530.0,0.0,24.0
2023-02-13,cheese,434.5,396.5,0.0,38.0
2023-02-13,spice,966.0,938.0,0.0,28.0
2023-02-13,chicken_nuggets,8305.0,7835.5,0.0,469.5
2023-02-13,chicken_strips,2564.0,2525.0,0.0,39.0
2023-02-13,flat_bread,337.5,326.5,0.0,11.0
2023-02-13,mixed_greens,767.0,700.5,0.0,66.5
2023-02-13,shredded_monterey_jack,1544.0,1522.0,0.0,22.0
2023-02-13,waffle_fries,21721.399999999994,21584.699999999993,0.0,136.70000000000002
2023-02-13,roasted_corn_kernels,492.0,491.0,0.0,1.0
2023-02-13,crumbled_bacon,492.0,491.0,0.0,1.0
2023-02-13,avacado_lime_dressing,1542.0,1541.0,0.0,1.0
2023-02-13,red_bell_pepers,1017.0,1016.0,0.0,1.0
2023-02-13,grape tomatoes,1585.0,1580.0,0.0,5.0
2023-02-13,hard_boiled_egg,229.5,228.5,0.0,1.0
2023-02-13,blue_cheese,500.0,440.0,0.0,60.0
2023-02-13,apples,500.0,440.0,0.0,60.0
2023-02-13,strawberries,500.0,440.0,0.0,60.0
2023-02-13,blueberries,500.0,440.0,0.0,60.0
2023-02-13,harvest_nut_granola,500.0,440.0,0.0,60.0
2023-02-13,zesty_apple_vinagrette,500.0,440.0,0.0,60.0
2023-02-13,chicken_tenders,11384.0,11368.0,0.0,16.0
2023-02-13,biscuit,377.0,342.0,0.0,35.0
2023-02-13,chicken_mini_bread,3160.0,3112.0,0.0,48.0
2023-02-13,butter,438.0,436.5,0.0,1.5
2023-02-13,bacon,833.0,832.0,0.0,1.0
2023-02-13,tortilla,452.0,442.0,0.0,10.0
2023-02-13,eggs,522.0,486.0,0.0,36.0
2023-02-13,sausage,153.0,133.0,0.0,20.0
2023-02-13,bagel,289.0,263.0,0.0,26.0
2023-02-13,oatmeal,139.0,125.0,0.0,14.0
2023-02-13,fruit,602.0,580.5,0.0,21.5
2023-02-13,cream_cheese,89.0,80.0,0.0,9.0
2023-02-13,hash_brown,1300.0,1299.0,0.0,1.0
2023-02-13,yogurt_parfait,107.0,98.0,0.0,9.0
2023-02-13,cinamon_cluster,337.0,318.0,0.0,19.0
2023-02-13,lemonade,1807.7999999999947,1721.5999999999947,0.0,86.19999999999999
2023-02-13,straw,5440.0,5209.0,0.0,231.0
2023-02-13,small_drink_cup,7392.0,7348.0,0.0,44.0
2023-02-13,medium_drink_cup,5432.0,5277.0,0.0,155.0
2023-02-13,large_drink_cup,6616.0,6584.0,0.0,32.0
2023-02-13,lemonade_diet,3255.7999999999993,3237.1999999999994,0.0,18.6
2023-02-13,ice_tea_unsweet,1232.399999999989,1178.4999999999889,0.0,53.9
2023-02-13,ice_tea_sweet,6003.199999999987,5956.299999999987,0.0,46.9
2023-02-13,soft_drink,20811.999999999996,20687.999999999996,0.0,124.0
2023-02-13,dasani_water_bottle,1127.0,1123.0,0.0,4.0
2023-02-13,orange_juice_bottle,751.0,751.0,0.0,0.0
2023-02-13,apple_juice,987.0,979.0,0.0,8.0
2023-02-13,ice_coffee,632.0,628.0,0.0,4.0
2023-02-13,coffee,1249.5,1226.75,0.0,22.75
2023-02-13,Coffee_box,73.0,69.0,0.0,4.0
2023-02-13,milk_chocolate,274.0,270.0,0.0,4.0
2023-02-13,milk,202.0,137.0,0.0,65.0
2023-02-13,icecream,518.0,417.0,0.0,101.0
2023-02-13,vanilla_flavor,266.0,251.0,0.0,15.0
2023-02-13,cream_flavor,248.0,240.0,0.0,8.0
2023-02-13,chunk_cookie,337.0,271.0,0.0,66.0
2023-02-13,chocolate_flavor,96.0,427.0,350.0,19.0
2023-02-13,strawberry_flavor,260.0,255.0,0.0,5.0
2023-02-13,frosted_extract,754.0,735.0,0.0,19.0
2023-02-13,icecream_cone,758.0,753.0,0.0,5.0
2023-02-13,icecream_come,470.0,468.0,0.0,2.0
2023-02-13,icecream_topping,452.0,442.0,0.0,10.0
2023-02-13,to_go_bag,20884.0,20768.0,0.0,116.0
2023-02-13,napkins,20420.0,19840.0,0.0,580.0
2023-02-13,ketchup,5568.0,5562.0,0.0,6.0
2023-02-13,ranch,5528.0,5521.0,0.0,7.0
2023-02-13,buffalo_sauce,6064.0,6057.0,0.0,7.0
2023-02-13,bbq_sauce,5756.0,5752.0,0.0,4.0
2023-02-13,polyneasian,5746.0,5740.0,0.0,6.0
2023-02-13,chickfala,5502.0,5485.0,0.0,17.0
2023-02-13,silverware,5636.0,5630.0,0.0,6.0
2023-02-14,fried_batter,650.6000000000008,518.2000000000008,0.0,132.39999999999998
2023-02-14,bun,959.0,918.0,0.0,41.0
2023-02-14,chicken_patty,1179.0,1109.0,0.0,70.0
2023-02-14,pickle_chips,2352.0,2229.0,0.0,123.0
2023-02-14,lettuce,506.0,458.0,0.0,48.0
2023-02-14,tomato,506.0,458.0,0.0,48.0
2023-02-14,cheese,358.5,307.5,0.0,51.0
2023-02-14,spice,910.0,867.0,0.0,43.0
2023-02-14,chicken_nuggets,7366.0,6941.5,0.0,424.5
2023-02-14,chicken_strips,2486.0,2448.0,0.0,38.0
2023-02-14,flat_bread,315.5,298.5,0.0,17.0
2023-02-14,mixed_greens,634.0,559.5,0.0,74.5
2023-02-14,shredded_monterey_jack,1500.0,1462.0,0.0,38.0
2023-02-14,waffle_fries,21447.999999999993,21305.199999999993,0.0,142.79999999999998
2023-02-14,roasted_corn_kernels,490.0,482.0,0.0,8.0
2023-02-14,crumbled_bacon,490.0,482.0,0.0,8.0
2023-02-14,avacado_lime_dressing,1540.0,1532.0,0.0,8.0
2023-02-14,red_bell_pepers,1015.0,1007.0,0.0,8.0
2023-02-14,grape tomatoes,1575.0,1535.0,0.0,40.0
2023-02-14,hard_boiled_egg,227.5,219.5,0.0,8.0
2023-02-14,blue_cheese,380.0,322.0,0.0,58.0
2023-02-14,apples,380.0,322.0,0.0,58.0
2023-02-14,strawberries,380.0,322.0,0.0,58.0
2023-02-14,blueberries,380.0,322.0,0.0,58.0
2023-02-14,harvest_nut_granola,380.0,322.0,0.0,58.0
2023-02-14,zesty_apple_vinagrette,380.0,322.0,0.0,58.0
2023-02-14,chicken_tenders,11352.0,11328.0,0.0,24.0
2023-02-14,biscuit,307.0,265.0,0.0,42.0
2023-02-14,chicken_mini_bread,3064.0,3034.0,0.0,30.0
2023-02-14,butter,435.0,434.25,0.0,0.75
2023-02-14,bacon,831.0,822.0,0.0,9.0
2023-02-14,tortilla,432.0,419.0,0.0,13.0
2023-02-14,eggs,450.0,410.0,0.0,40.0
2023-02-14,sausage,113.0,95.0,0.0,18.0
2023-02-14,bagel,237.0,222.0,0.0,15.0
2023-02-14,oatmeal,111.0,94.0,0.0,17.0
2023-02-14,fruit,559.0,519.5,0.0,39.5
2023-02-14,cream_cheese,71.0,60.0,0.0,11.0
2023-02-14,hash_brown,1298.0,1292.0,0.0,6.0
2023-02-14,yogurt_parfait,89.0,85.0,0.0,4.0
2023-02-14,cinamon_cluster,299.0,296.0,0.0,3.0
2023-02-14,lemonade,1635.3999999999946,1585.5999999999947,0.0,49.800000000000004
2023-02-14,straw,4978.0,4739.0,0.0,239.0
2023-02-14,small_drink_cup,7304.0,7264.0,0.0,40.0
2023-02-14,medium_drink_cup,5122.0,4966.0,0.0,156.0
2023-02-14,large_drink_cup,6552.0,6509.0,0.0,43.0
2023-02-14,lemonade_diet,3218.5999999999995,3189.5999999999995,0.0,28.999999999999996
2023-02-14,ice_tea_unsweet,1124.5999999999888,1096.9999999999889,0.0,27.599999999999998
2023-02-14,ice_tea_sweet,5909.399999999988,5837.399999999988,0.0,72.0
2023-02-14,soft_drink,20563.999999999996,20421.999999999996,0.0,142.0
2023-02-14,dasani_water_bottle,1119.0,1117.0,0.0,2.0
2023-02-14,orange_juice_bottle,751.0,743.0,0.0,8.0
2023-02-14,apple_juice,971.0,963.0,0.0,8.0
2023-02-14,ice_coffee,624.0,604.25,0.0,19.75
2023-02-14,coffee,1204.0,1179.0,0.0,25.0
2023-02-14,Coffee_box,65.0,58.0,0.0,7.0
2023-02-14,milk_chocolate,266.0,261.0,0.0,5.0
2023-02-14,milk,72.0,390.0,350.0,32.0
2023-02-14,icecream,316.0,241.0,0.0,75.0
2023-02-14,vanilla_flavor,236.0,229.0,0.0,7.0
2023-02-14,cream_flavor,232.0,219.0,0.0,13.0
2023-02-14,chunk_cookie,205.0,139.5,0.0,65.5
2023-02-14,chocolate_flavor,758.0,757.0,0.0,1.0
2023-02-14,strawberry_flavor,250.0,245.0,0.0,5.0
2023-02-14,frosted_extract,716.0,706.0,0.0,10.0
2023-02-14,icecream_cone,748.0,731.0,0.0,17.0
2023-02-14,icecream_come,466.0,460.0,0.0,6.0
2023-02-14,icecream_topping,432.0,426.0,0.0,6.0
2023-02-14,to_go_bag,20652.0,20531.0,0.0,121.0
2023-02-14,napkins,19260.0,18655.0,0.0,605.0
2023-02-14,ketchup,5556.0,5532.0,0.0,24.0
2023-02-14,ranch,5514.0,5506.0,0.0,8.0
2023-02-14,buffalo_sauce,6050.0,6047.0,0.0,3.0
2023-02-14,bbq_sauce,5748.0,5743.0,0.0,5.0
2023-02-14,polyneasian,5734.0,5732.0,0.0,2.0
2023-02-14,chickfala,5468.0,5462.0,0.0,6.0
2023-02-14,silverware,5624.0,5620.0,0.0,4.0
2023-02-15,fried_batter,385.80000000000086,252.20000000000087,0.0,133.6
2023-02-15,bun,877.0,819.0,0.0,58.0
2023-02-15,chicken_patty,1039.0,945.0,0.0,94.0
2023-02-15,pickle_chips,2106.0,1932.0,0.0,174.0
2023-02-15,lettuce,410.0,348.0,0.0,62.0
2023-02-15,tomato,410.0,348.0,0.0,62.0
2023-02-15,cheese,256.5,220.5,0.0,36.0
2023-02-15,spice,824.0,794.0,0.0,30.0
2023-02-15,chicken_nuggets,6517.0,5870.0,0.0,647.0
2023-02-15,chicken_strips,2410.0,2376.0,0.0,34.0
2023-02-15,flat_bread,281.5,269.5,0.0,12.0
2023-02-15,mixed_greens,485.0,425.0,0.0,60.0
2023-02-15,shredded_monterey_jack,1424.0,1403.0,0.0,21.0
2023-02-15,waffle_fries,21162.399999999994,21029.759999999995,0.0,132.64000000000001
2023-02-15,roasted_corn_kernels,474.0,472.0,0.0,2.0
2023-02-15,crumbled_bacon,474.0,472.0,0.0,2.0
2023-02-15,avacado_lime_dressing,1524.0,1522.0,0.0,2.0
2023-02-15,red_bell_pepers,999.0,997.0,0.0,2.0
2023-02-15,grape tomatoes,1495.0,1485.0,0.0,10.0
2023-02-15,hard_boiled_egg,211.5,209.5,0.0,2.0
2023-02-15,blue_cheese,264.0,212.0,0.0,52.0
2023-02-15,apples,264.0,212.0,0.0,52.0
2023-02-15,strawberries,264.0,212.0,0.0,52.0
2023-02-15,blueberries,264.0,212.0,0.0,52.0
2023-02-15,harvest_nut_granola,264.0,212.0,0.0,52.0
2023-02-15,zesty_apple_vinagrette,264.0,212.0,0.0,52.0
2023-02-15,chicken_tenders,11304.0,11284.0,0.0,20.0
2023-02-15,biscuit,223.0,194.0,0.0,29.0
2023-02-15,chicken_mini_bread,3004.0,2989.0,0.0,15.0
2023-02-15,butter,433.5,431.25,0.0,2.25
2023-02-15,bacon,813.0,813.0,0.0,0.0
2023-02-15,tortilla,406.0,399.0,0.0,7.0
2023-02-15,eggs,370.0,358.0,0.0,12.0
2023-02-15,sausage,77.0,73.0,0.0,4.0
2023-02-15,bagel,207.0,194.0,0.0,13.0
2023-02-15,oatmeal,77.0,69.0,0.0,8.0
2023-02-15,fruit,480.0,452.5,0.0,27.5
2023-02-15,cream_cheese,49.0,220.0,175.0,4.0
2023-02-15,hash_brown,1286.0,1273.0,0.0,13.0
2023-02-15,yogurt_parfait,81.0,63.0,0.0,18.0
2023-02-15,cinamon_cluster,293.0,277.0,0.0,16.0
2023-02-15,lemonade,1535.7999999999947,1498.3999999999946,0.0,37.4
2023-02-15,straw,4500.0,4281.0,0.0,219.0
2023-02-15,small_drink_cup,7224.0,7189.0,0.0,35.0
2023-02-15,medium_drink_cup,4810.0,4651.0,0.0,159.0
2023-02-15,large_drink_cup,6466.0,6441.0,0.0,25.0
2023-02-15,lemonade_diet,3160.5999999999995,3126.7999999999993,0.0,33.8
2023-02-15,ice_tea_unsweet,1069.399999999989,1041.399999999989,0.0,28.000000000000004
2023-02-15,ice_tea_sweet,5765.399999999988,5683.999999999988,0.0,81.4
2023-02-15,soft_drink,20279.999999999996,20149.899999999998,0.0,130.1
2023-02-15,dasani_water_bottle,1115.0,1107.0,0.0,8.0
2023-02-15,orange_juice_bottle,735.0,719.0,0.0,16.0
2023-02-15,apple_juice,955.0,945.0,0.0,10.0
2023-02-15,ice_coffee,584.5,572.25,0.0,12.25
2023-02-15,coffee,1154.0,1121.25,0.0,32.75
2023-02-15,Coffee_box,51.0,223.0,175.0,3.0
2023-02-15,milk_chocolate,256.0,248.0,0.0,8.0
2023-02-15,milk,708.0,661.0,0.0,47.0
2023-02-15,icecream,166.0,429.0,350.0,87.0
2023-02-15,vanilla_flavor,222.0,219.0,0.0,3.0
2023-02-15,cream_flavor,206.0,193.0,0.0,13.0
2023-02-15,chunk_cookie,74.0,360.5,350.0,63.5
2023-02-15,chocolate_flavor,756.0,747.0,0.0,9.0
2023-02-15,strawberry_flavor,240.0,227.0,0.0,13.0
2023-02-15,frosted_extract,696.0,676.0,0.0,20.0
2023-02-15,icecream_cone,714.0,706.0,0.0,8.0
2023-02-15,icecream_come,454.0,451.0,0.0,3.0
2023-02-15,icecream_topping,420.0,413.0,0.0,7.0
2023-02-15,to_go_bag,20410.0,20299.0,0.0,111.0
2023-02-15,napkins,18050.0,17495.0,0.0,555.0
2023-02-15,ketchup,5508.0,5502.0,0.0,6.0
2023-02-15,ranch,5498.0,5494.0,0.0,4.0
2023-02-15,buffalo_sauce,6044.0,6036.0,0.0,8.0
2023-02-15,bbq_sauce,5738.0,5722.0,0.0,16.0
2023-02-15,polyneasian,5730.0,5721.0,0.0,9.0
2023-02-15,chickfala,5456.0,5449.0,0.0,7.0
2023-02-15,silverware,5616.0,5607.0,0.0,9.0
2023-02-16,fried_batter,118.60000000000088,484.4000000000008,525.0,159.20000000000002
2023-02-16,bun,761.0,692.0,0.0,69.0
2023-02-16,chicken_patty,851.0,742.0,0.0,109.0
2023-02-16,pickle_chips,1758.0,1551.0,0.0,207.0
2023-02-16,lettuce,286.0,220.0,0.0,66.0
2023-02-16,tomato,286.0,220.0,0.0,66.0
2023-02-16,cheese,184.5,138.5,0.0,46.0
2023-02-16,spice,764.0,719.0,0.0,45.0
2023-02-16,chicken_nuggets,5223.0,4750.0,0.0,473.0
2023-02-16,chicken_strips,2342.0,2295.0,0.0,47.0
2023-02-16,flat_bread,257.5,243.5,0.0,14.0
2023-02-16,mixed_greens,365.0,291.0,0.0,74.0
2023-02-16,shredded_monterey_jack,1382.0,1350.0,0.0,32.0
2023-02-16,waffle_fries,20897.119999999995,20754.119999999995,0.0,143.0
2023-02-16,roasted_corn_kernels,470.0,459.0,0.0,11.0
2023-02-16,crumbled_bacon,470.0,459.0,0.0,11.0
2023-02-16,avacado_lime_dressing,1520.0,1509.0,0.0,11.0
2023-02-16,red_bell_pepers,995.0,984.0,0.0,11.0
2023-02-16,grape tomatoes,1475.0,1420.0,0.0,55.0
2023-02-16,hard_boiled_egg,207.5,196.5,0.0,11.0
2023-02-16,blue_cheese,160.0,104.0,0.0,56.0
2023-02-16,apples,160.0,104.0,0.0,56.0
2023-02-16,strawberries,160.0,104.0,0.0,56.0
2023-02-16,blueberries,160.0,104.0,0.0,56.0
2023-02-16,harvest_nut_granola,160.0,104.0,0.0,56.0
2023-02-16,zesty_apple_vinagrette,160.0,104.0,0.0,56.0
2023-02-16,chicken_tenders,11264.0,11248.0,0.0,16.0
2023-02-16,biscuit,165.0,655.0,525.0,35.0
2023-02-16,chicken_mini_bread,2974.0,2917.0,0.0,57.0
2023-02-16,butter,429.0,428.75,0.0,0.25
2023-02-16,bacon,813.0,809.0,0.0,4.0
2023-02-16,tortilla,392.0,385.0,0.0,7.0
2023-02-16,eggs,346.0,326.0,0.0,20.0
2023-02-16,sausage,69.0,65.0,0.0,4.0
2023-02-16,bagel,181.0,164.0,0.0,17.0
2023-02-16,oatmeal,61.0,219.0,175.0,17.0
2023-02-16,fruit,425.0,388.0,0.0,37.0
2023-02-16,cream_cheese,391.0,382.0,0.0,9.0
2023-02-16,hash_brown,1260.0,1250.0,0.0,10.0
2023-02-16,yogurt_parfait,45.0,217.0,175.0,3.0
2023-02-16,cinamon_cluster,261.0,248.0,0.0,13.0
2023-02-16,lemonade,1460.9999999999945,1402.9999999999945,0.0,58.0
2023-02-16,straw,4062.0,3830.0,0.0,232.0
2023-02-16,small_drink_cup,7154.0,7110.0,0.0,44.0
2023-02-16,medium_drink_cup,4492.0,4337.0,0.0,155.0
2023-02-16,large_drink_cup,6416.0,6383.0,0.0,33.0
2023-02-16,lemonade_diet,3092.999999999999,3067.999999999999,0.0,25.000000000000004
2023-02-16,ice_tea_unsweet,1013.399999999989,4489.5999999999885,3500.0,23.800000000000004
2023-02-16,ice_tea_sweet,5602.5999999999885,5549.899999999989,0.0,52.70000000000001
2023-02-16,soft_drink,20019.8,19880.5,0.0,139.3
2023-02-16,dasani_water_bottle,1099.0,1094.0,0.0,5.0
2023-02-16,orange_juice_bottle,703.0,699.0,0.0,4.0
2023-02-16,apple_juice,935.0,932.0,0.0,3.0
2023-02-16,ice_coffee,560.0,552.0,0.0,8.0
2023-02-16,coffee,1088.5,1065.5,0.0,23.0
2023-02-16,Coffee_box,395.0,387.0,0.0,8.0
2023-02-16,milk_chocolate,240.0,233.0,0.0,7.0
2023-02-16,milk,614.0,573.0,0.0,41.0
2023-02-16,icecream,692.0,627.0,0.0,65.0
2023-02-16,vanilla_flavor,216.0,207.0,0.0,9.0
2023-02-16,cream_flavor,180.0,177.0,0.0,3.0
2023-02-16,chunk_cookie,647.0,602.5,0.0,44.5
2023-02-16,chocolate_flavor,738.0,732.0,0.0,6.0
2023-02-16,strawberry_flavor,214.0,204.0,0.0,10.0
2023-02-16,frosted_extract,656.0,647.0,0.0,9.0
2023-02-16,icecream_cone,698.0,693.0,0.0,5.0
2023-02-16,icecream_come,448.0,444.0,0.0,4.0
2023-02-16,icecream_topping,406.0,389.0,0.0,17.0
2023-02-16,to_go_bag,20188.0,20076.0,0.0,112.0
2023-02-16,napkins,16940.0,16380.0,0.0,560.0
2023-02-16,ketchup,5496.0,5484.0,0.0,12.0
2023-02-16,ranch,5490.0,5486.0,0.0,4.0
2023-02-16,buffalo_sauce,6028.0,6018.0,0.0,10.0
2023-02-16,bbq_sauce,5706.0,5703.0,0.0,3.0
2023-02-16,polyneasian,5712.0,5712.0,0.0,0.0
2023-02-16,chickfala,5442.0,5434.0,0.0,8.0
2023-02-16,silverware,5598.0,5597.0,0.0,1.0
2023-02-17,fried_batter,850.2000000000007,722.6000000000007,0.0,127.6
2023-02-17,bun,623.0,590.0,0.0,33.0
2023-02-17,chicken_patty,633.0,570.5,0.0,62.5
2023-02-17,pickle_chips,1344.0,1245.0,0.0,99.0
2023-02-17,lettuce,154.0,118.0,0.0,36.0
2023-02-17,tomato,154.0,118.0,0.0,36.0
2023-02-17,cheese,92.5,301.0,262.5,54.0
2023-02-17,spice,674.0,653.0,0.0,21.0
2023-02-17,chicken_nuggets,4277.0,3663.5,0.0,613.5
2023-02-17,chicken_strips,2248.0,2177.0,0.0,71.0
2023-02-17,flat_bread,229.5,200.5,0.0,29.0
2023-02-17,mixed_greens,217.0,856.5,700.0,60.5
2023-02-17,shredded_monterey_jack,1318.0,1277.0,0.0,41.0
2023-02-17,waffle_fries,20611.119999999995,20471.059999999994,0.0,140.06
2023-02-17,roasted_corn_kernels,448.0,445.0,0.0,3.0
2023-02-17,crumbled_bacon,448.0,445.0,0.0,3.0
2023-02-17,avacado_lime_dressing,1498.0,1495.0,0.0,3.0
2023-02-17,red_bell_pepers,973.0,970.0,0.0,3.0
2023-02-17,grape tomatoes,1365.0,1350.0,0.0,15.0
2023-02-17,hard_boiled_egg,185.5,182.5,0.0,3.0
2023-02-17,blue_cheese,48.0,355.0,350.0,43.0
2023-02-17,apples,48.0,355.0,350.0,43.0
2023-02-17,strawberries,48.0,355.0,350.0,43.0
2023-02-17,blueberries,48.0,355.0,350.0,43.0
2023-02-17,harvest_nut_granola,48.0,355.0,350.0,43.0
2023-02-17,zesty_apple_vinagrette,48.0,355.0,350.0,43.0
2023-02-17,chicken_tenders,11232.0,11222.0,0.0,10.0
2023-02-17,biscuit,1145.0,1116.0,0.0,29.0
2023-02-17,chicken_mini_bread,2860.0,2815.0,0.0,45.0
2023-02-17,butter,428.5,426.75,0.0,1.75
2023-02-17,bacon,805.0,793.0,0.0,12.0
2023-02-17,tortilla,378.0,369.0,0.0,9.0
2023-02-17,eggs,306.0,261.0,0.0,45.0
2023-02-17,sausage,61.0,54.0,0.0,7.0
2023-02-17,bagel,147.0,106.0,0.0,41.0
2023-02-17,oatmeal,377.0,370.0,0.0,7.0
2023-02-17,fruit,351.0,312.0,0.0,39.0
2023-02-17,cream_cheese,373.0,356.0,0.0,17.0
2023-02-17,hash_brown,1240.0,1234.0,0.0,6.0
2023-02-17,yogurt_parfait,389.0,383.0,0.0,6.0
2023-02-17,cinamon_cluster,235.0,219.0,0.0,16.0
2023-02-17,lemonade,1344.9999999999945,1299.4999999999945,0.0,45.50000000000001
2023-02-17,straw,3598.0,3356.0,0.0,242.0
2023-02-17,small_drink_cup,7066.0,7029.0,0.0,37.0
2023-02-17,medium_drink_cup,4182.0,4028.0,0.0,154.0
2023-02-17,large_drink_cup,6350.0,6299.0,0.0,51.0
2023-02-17,lemonade_diet,3042.999999999999,3016.7999999999993,0.0,26.200000000000003
2023-02-17,ice_tea_unsweet,7965.799999999988,7930.799999999988,0.0,35.0
2023-02-17,ice_tea_sweet,5497.199999999989,5462.5999999999885,0.0,34.6
2023-02-17,soft_drink,19741.2,19585.4,0.0,155.8
2023-02-17,dasani_water_bottle,1089.0,1083.0,0.0,6.0
2023-02-17,orange_juice_bottle,695.0,688.0,0.0,7.0
2023-02-17,apple_juice,929.0,925.0,0.0,4.0
2023-02-17,ice_coffee,544.0,516.5,0.0,27.5
2023-02-17,coffee,1042.5,1024.0,0.0,18.5
2023-02-17,Coffee_box,379.0,369.0,0.0,10.0
2023-02-17,milk_chocolate,226.0,223.0,0.0,3.0
2023-02-17,milk,532.0,500.0,0.0,32.0
2023-02-17,icecream,562.0,500.0,0.0,62.0
2023-02-17,vanilla_flavor,198.0,193.0,0.0,5.0
2023-02-17,cream_flavor,174.0,170.0,0.0,4.0
2023-02-17,chunk_cookie,558.0,519.0,0.0,39.0
2023-02-17,chocolate_flavor,726.0,716.0,0.0,10.0
2023-02-17,strawberry_flavor,194.0,191.0,0.0,3.0
2023-02-17,frosted_extract,638.0,628.0,0.0,10.0
2023-02-17,icecream_cone,688.0,678.0,0.0,10.0
2023-02-17,icecream_come,440.0,432.0,0.0,8.0
2023-02-17,icecream_topping,372.0,365.0,0.0,7.0
2023-02-17,to_go_bag,19964.0,19855.0,0.0,109.0
2023-02-17,napkins,15820.0,15275.0,0.0,545.0
2023-02-17,ketchup,5472.0,5462.0,0.0,10.0
2023-02-17,ranch,5482.0,5475.0,0.0,7.0
2023-02-17,buffalo_sauce,6008.0,6005.0,0.0,3.0
2023-02-17,bbq_sauce,5700.0,5691.0,0.0,9.0
2023-02-17,polyneasian,5712.0,5703.0,0.0,9.0
2023-02-17,chickfala,5426.0,5426.0,0.0,0.0
2023-02-17,silverware,5596.0,5596.0,0.0,0.0
2023-02-18,fried_batter,595.0000000000007,453.0000000000007,0.0,142.0
2023-02-18,bun,557.0,516.0,0.0,41.0
2023-02-18,chicken_patty,508.0,418.5,0.0,89.5
2023-02-18,pickle_chips,1146.0,1023.0,0.0,123.0
2023-02-18,lettuce,82.0,388.0,350.0,44.0
2023-02-18,tomato,82.0,388.0,350.0,44.0
2023-02-18,cheese,509.5,464.5,0.0,45.0
2023-02-18,spice,632.0,603.0,0.0,29.0
2023-02-18,chicken_nuggets,3050.0,2713.5,0.0,336.5
2023-02-18,chicken_strips,2106.0,2061.0,0.0,45.0
2023-02-18,flat_bread,171.5,162.5,0.0,9.0
2023-02-18,mixed_greens,1496.0,1428.5,0.0,67.5
2023-02-18,shredded_monterey_jack,1236.0,1222.0,0.0,14.0
2023-02-18,waffle_fries,20330.999999999993,20196.179999999993,0.0,134.82
2023-02-18,roasted_corn_kernels,442.0,438.0,0.0,4.0
2023-02-18,crumbled_bacon,442.0,438.0,0.0,4.0
2023-02-18,avacado_lime_dressing,1492.0,1488.0,0.0,4.0
2023-02-18,red_bell_pepers,967.0,963.0,0.0,4.0
2023-02-18,grape tomatoes,1335.0,1315.0,0.0,20.0
2023-02-18,hard_boiled_egg,179.5,175.5,0.0,4.0
2023-02-18,blue_cheese,662.0,603.0,0.0,59.0
2023-02-18,apples,662.0,603.0,0.0,59.0
2023-02-18,strawberries,662.0,603.0,0.0,59.0
2023-02-18,blueberries,662.0,603.0,0.0,59.0
2023-02-18,harvest_nut_granola,662.0,603.0,0.0,59.0
2023-02-18,zesty_apple_vinagrette,662.0,603.0,0.0,59.0
2023-02-18,chicken_tenders,11212.0,11204.0,0.0,8.0
2023-02-18,biscuit,1087.0,1047.0,0.0,40.0
2023-02-18,chicken_mini_bread,2770.0,2734.0,0.0,36.0
2023-02-18,butter,425.0,421.25,0.0,3.75
2023-02-18,bacon,781.0,775.0,0.0,6.0
2023-02-18,tortilla,360.0,359.0,0.0,1.0
2023-02-18,eggs,216.0,192.0,0.0,24.0
2023-02-18,sausage,47.0,218.0,175.0,4.0
2023-02-18,bagel,65.0,200.0,175.0,40.0
2023-02-18,oatmeal,363.0,343.0,0.0,20.0
2023-02-18,fruit,273.0,239.5,0.0,33.5
2023-02-18,cream_cheese,339.0,326.0,0.0,13.0
2023-02-18,hash_brown,1228.0,1220.0,0.0,8.0
2023-02-18,yogurt_parfait,377.0,366.0,0.0,11.0
2023-02-18,cinamon_cluster,203.0,198.0,0.0,5.0
2023-02-18,lemonade,1253.9999999999945,1223.6999999999946,0.0,30.3
2023-02-18,straw,3114.0,13371.0,10500.0,243.0
2023-02-18,small_drink_cup,6992.0,6955.0,0.0,37.0
2023-02-18,medium_drink_cup,3874.0,3711.0,0.0,163.0
2023-02-18,large_drink_cup,6248.0,6205.0,0.0,43.0
2023-02-18,lemonade_diet,2990.5999999999995,2958.6999999999994,0.0,31.900000000000002
2023-02-18,ice_tea_unsweet,7895.799999999988,7875.0999999999885,0.0,20.7
2023-02-18,ice_tea_sweet,5427.999999999988,5364.799999999988,0.0,63.199999999999996
2023-02-18,soft_drink,19429.600000000002,19272.600000000002,0.0,157.0
2023-02-18,dasani_water_bottle,1077.0,1066.0,0.0,11.0
2023-02-18,orange_juice_bottle,681.0,680.0,0.0,1.0
2023-02-18,apple_juice,921.0,912.0,0.0,9.0
2023-02-18,ice_coffee,489.0,474.25,0.0,14.75
2023-02-18,coffee,1005.5,983.5,0.0,22.0
2023-02-18,Coffee_box,359.0,358.0,0.0,1.0
2023-02-18,milk_chocolate,220.0,217.0,0.0,3.0
2023-02-18,milk,468.0,438.0,0.0,30.0
2023-02-18,icecream,438.0,368.0,0.0,70.0
2023-02-18,vanilla_flavor,188.0,183.0,0.0,5.0
2023-02-18,cream_flavor,166.0,154.0,0.0,12.0
2023-02-18,chunk_cookie,480.0,388.0,0.0,92.0
2023-02-18,chocolate_flavor,706.0,704.0,0.0,2.0
2023-02-18,strawberry_flavor,188.0,178.0,0.0,10.0
2023-02-18,frosted_extract,618.0,611.0,0.0,7.0
2023-02-18,icecream_cone,668.0,662.0,0.0,6.0
2023-02-18,icecream_come,424.0,418.0,0.0,6.0
2023-02-18,icecream_topping,358.0,350.0,0.0,8.0
2023-02-18,to_go_bag,19746.0,19641.0,0.0,105.0
2023-02-18,napkins,14730.0,14205.0,0.0,525.0
2023-02-18,ketchup,5452.0,5448.0,0.0,4.0
2023-02-18,ranch,5468.0,5456.0,0.0,12.0
2023-02-18,buffalo_sauce,6002.0,5995.0,0.0,7.0
2023-02-18,bbq_sauce,5682.0,5674.0,0.0,8.0
2023-02-18,polyneasian,5694.0,5693.0,0.0,1.0
2023-02-18,chickfala,5426.0,5425.0,0.0,1.0
2023-02-18,silverware,5596.0,5583.0,0.0,13.0
